0.044434 -0.874023 -0.283936 -0.142606 0.042569 0.157505 11.400000 26.400000 -16.500000
0.040039 -0.873779 -0.277588 -0.148991 0.071303 0.146863 11.400000 26.100000 -16.799999
0.040039 -0.875000 -0.275146 -0.111744 0.077688 0.186239 11.400000 25.500000 -16.500000
0.041016 -0.876465 -0.280762 -0.136221 0.081945 0.169212 11.700000 26.100000 -16.500000
0.042725 -0.876221 -0.278076 -0.134092 0.034055 0.144735 11.700000 25.200001 -16.799999
0.044922 -0.879150 -0.285645 -0.086202 0.009578 0.116000 12.300000 25.799999 -16.200001
0.040527 -0.878906 -0.276123 -0.117065 0.014899 0.155377 11.700000 26.100000 -16.799999
0.038330 -0.874023 -0.278320 -0.111744 0.028734 0.145799 12.000000 25.799999 -16.500000
0.041992 -0.873291 -0.285645 -0.097909 0.077688 0.139413 11.400000 26.100000 -16.200001
0.043945 -0.873535 -0.282227 -0.091523 0.092588 0.189432 11.400000 26.100000 -16.799999
0.043213 -0.876709 -0.278320 -0.127707 0.073431 0.174533 11.700000 25.500000 -16.500000
0.043457 -0.872803 -0.280029 -0.129835 0.018092 0.152184 12.000000 25.799999 -16.500000
0.045166 -0.874756 -0.274902 -0.134092 0.060661 0.147927 11.700000 26.400000 -16.500000
0.046875 -0.875000 -0.275635 -0.116000 0.043633 0.166019 11.700000 25.500000 -15.900000
0.043945 -0.872314 -0.281494 -0.130900 0.086202 0.170276 12.000000 26.100000 -16.500000
0.044189 -0.874023 -0.275391 -0.113872 0.069175 0.144735 11.700000 26.400000 -16.500000
0.043457 -0.869873 -0.274414 -0.166019 0.054275 0.129835 11.700000 25.799999 -16.500000
0.042480 -0.875977 -0.281982 -0.089395 0.029798 0.167083 11.400000 25.500000 -16.799999
0.042236 -0.875244 -0.287842 -0.154313 0.056404 0.124514 11.400000 25.799999 -16.799999
0.042236 -0.875488 -0.280518 -0.130900 0.023413 0.174533 11.700000 26.100000 -16.200001
0.042725 -0.877930 -0.278076 -0.096844 0.047890 0.160698 11.400000 25.799999 -16.200001
0.040527 -0.875244 -0.276611 -0.140478 0.038312 0.187303 11.700000 25.799999 -16.500000
0.042725 -0.875244 -0.280029 -0.153248 0.044697 0.131964 11.400000 25.500000 -16.500000
0.043701 -0.874756 -0.275391 -0.138349 -0.004257 0.150056 11.700000 26.100000 -16.500000
0.038574 -0.871582 -0.280273 -0.150056 0.027670 0.183047 11.700000 26.100000 -16.200001
0.042725 -0.871826 -0.274170 -0.112808 0.067046 0.154313 11.400000 25.799999 -16.500000
0.041260 -0.875244 -0.278564 -0.120257 0.073431 0.126643 11.400000 25.799999 -16.799999
0.042480 -0.875000 -0.277832 -0.144735 0.056404 0.163891 11.100000 26.100000 -16.500000
0.043945 -0.873535 -0.276123 -0.124514 0.059597 0.158569 12.000000 25.799999 -16.799999
0.041504 -0.874268 -0.278320 -0.180918 0.050019 0.173469 12.000000 26.100000 -16.500000
0.041016 -0.872314 -0.278809 -0.114936 0.038312 0.121322 11.700000 25.500000 -16.799999
0.039551 -0.873291 -0.276123 -0.118129 0.040441 0.152184 12.000000 25.500000 -15.900000
0.043945 -0.872803 -0.277344 -0.086202 0.018092 0.153248 12.000000 25.500000 -16.200001
0.043213 -0.875488 -0.279785 -0.103230 0.078753 0.141542 11.100000 26.100000 -16.500000
0.042236 -0.875732 -0.281738 -0.151120 0.048954 0.157505 11.700000 25.799999 -16.500000
0.045166 -0.874756 -0.279053 -0.125578 0.105358 0.161762 11.700000 25.799999 -16.799999
0.044189 -0.871338 -0.284912 -0.184111 0.071303 0.184111 11.400000 25.799999 -16.500000
0.041992 -0.873779 -0.277832 -0.104294 0.038312 0.131964 11.400000 25.799999 -16.799999
0.039551 -0.873047 -0.274658 -0.103230 0.071303 0.116000 12.000000 25.799999 -16.500000
0.043945 -0.874512 -0.275391 -0.160698 0.067046 0.140478 11.100000 25.500000 -16.500000
0.043213 -0.871094 -0.277832 -0.114936 0.032991 0.140478 12.300000 25.799999 -16.200001
0.042725 -0.870605 -0.280029 -0.140478 0.084074 0.151120 11.100000 25.799999 -15.900000
0.044434 -0.876709 -0.279297 -0.141542 0.045762 0.126643 11.700000 26.100000 -16.500000
0.041260 -0.876953 -0.276611 -0.123450 0.087266 0.108551 11.700000 26.100000 -15.600000
0.044922 -0.873291 -0.287354 -0.086202 0.026606 0.163891 11.400000 26.100000 -16.500000
0.042480 -0.876465 -0.280518 -0.131964 0.078753 0.145799 12.000000 26.400000 -16.799999
0.042725 -0.872070 -0.275879 -0.111744 0.034055 0.153248 12.000000 25.500000 -16.500000
0.041504 -0.874023 -0.273682 -0.130900 0.042569 0.162826 12.000000 26.100000 -15.900000
0.041748 -0.876221 -0.287109 -0.143670 0.094716 0.121322 11.700000 25.200001 -16.500000
0.042480 -0.875488 -0.277588 -0.168147 0.087266 0.137285 11.700000 26.100000 -16.799999
0.043457 -0.875000 -0.279053 -0.094716 0.027670 0.180918 11.400000 25.799999 -16.799999
0.042725 -0.872559 -0.277344 -0.144735 0.058532 0.153248 11.400000 26.400000 -16.500000
0.041260 -0.873047 -0.279541 -0.120257 0.038312 0.140478 11.700000 26.100000 -15.900000
0.041504 -0.876709 -0.279785 -0.141542 0.062789 0.148991 12.000000 26.400000 -16.500000
0.040283 -0.874268 -0.281738 -0.142606 0.071303 0.155377 11.400000 25.799999 -16.799999
0.042480 -0.872559 -0.284180 -0.118129 0.038312 0.155377 11.700000 25.799999 -16.500000
0.043945 -0.878906 -0.282227 -0.103230 0.019156 0.146863 11.700000 26.100000 -15.900000
0.042480 -0.873779 -0.280762 -0.106422 0.048954 0.180918 11.700000 26.100000 -16.500000
0.040771 -0.872314 -0.277832 -0.144735 0.050019 0.144735 11.400000 25.500000 -15.900000
0.042480 -0.871826 -0.277588 -0.076624 0.044697 0.157505 12.000000 26.400000 -16.200001
0.041016 -0.872070 -0.280762 -0.146863 0.054275 0.151120 11.700000 25.200001 -16.500000
0.041504 -0.874512 -0.282227 -0.096844 0.008514 0.117065 12.000000 25.799999 -16.799999
0.043457 -0.876221 -0.277832 -0.113872 0.030863 0.154313 11.700000 26.100000 -16.500000
0.043701 -0.872314 -0.271484 -0.112808 0.032991 0.158569 11.700000 25.799999 -16.500000
0.045898 -0.874512 -0.275146 -0.138349 0.025541 0.171340 12.000000 26.100000 -16.500000
0.043701 -0.871338 -0.280762 -0.118129 0.061725 0.153248 11.700000 25.200001 -16.200001
0.041504 -0.870361 -0.280518 -0.118129 0.080881 0.139413 12.000000 25.500000 -16.200001
0.044189 -0.873535 -0.279541 -0.170276 0.085138 0.151120 11.400000 26.100000 -16.799999
0.042725 -0.869873 -0.280762 -0.160698 0.003193 0.111744 11.700000 25.799999 -16.200001
0.043213 -0.875488 -0.282959 -0.172404 0.040441 0.120257 11.700000 25.799999 -16.500000
0.043213 -0.872559 -0.277588 -0.110679 0.057468 0.140478 11.400000 25.799999 -16.200001
0.045654 -0.875488 -0.280518 -0.127707 0.055340 0.147927 12.000000 25.500000 -16.799999
0.046875 -0.873047 -0.278564 -0.095780 0.057468 0.138349 12.000000 26.100000 -16.500000
0.042236 -0.875000 -0.272217 -0.141542 0.040441 0.161762 11.700000 26.400000 -16.500000
0.039062 -0.873047 -0.274170 -0.154313 0.062789 0.147927 11.700000 25.500000 -16.799999
0.046631 -0.874023 -0.276855 -0.144735 0.062789 0.151120 12.300000 25.200001 -16.500000
0.042480 -0.875977 -0.275635 -0.112808 0.054275 0.168147 11.400000 26.100000 -16.200001
0.041260 -0.871338 -0.277588 -0.126643 0.048954 0.164955 12.000000 25.799999 -16.500000
0.041260 -0.874268 -0.278320 -0.134092 0.086202 0.170276 12.000000 25.799999 -16.799999
0.041504 -0.874023 -0.273926 -0.128771 0.072367 0.122386 11.400000 25.799999 -17.100000
0.043945 -0.873535 -0.273926 -0.110679 0.038312 0.145799 11.400000 25.200001 -16.200001
0.044922 -0.874268 -0.281250 -0.134092 0.051083 0.125578 11.400000 26.100000 -16.500000
0.043457 -0.872314 -0.277344 -0.120257 0.064918 0.161762 11.400000 26.100000 -17.100000
0.042969 -0.874268 -0.269531 -0.121322 0.071303 0.164955 11.400000 26.400000 -16.799999
0.041260 -0.876465 -0.272461 -0.125578 0.035119 0.183047 12.000000 25.799999 -15.900000
0.041016 -0.874268 -0.280029 -0.136221 0.083009 0.179854 12.000000 26.100000 -16.799999
0.035400 -0.882568 -0.271240 -0.121322 0.253285 0.153248 11.700000 25.500000 -16.799999
0.041016 -0.876709 -0.297607 -0.128771 3.576858 0.472516 11.100000 25.500000 -16.799999
0.095459 -0.878906 -0.062256 -0.152184 12.028927 1.328152 12.000000 26.100000 -16.500000
0.115967 -0.804443 -0.084717 -0.365029 17.335150 1.735750 12.300000 26.100000 -15.600000
0.107666 -0.907227 -0.272217 -0.357579 19.163486 1.983714 12.900000 24.900000 -14.400000
0.114502 -0.833740 -0.240723 -0.446974 19.605139 2.159311 13.500000 24.900000 -13.500000
0.095459 -0.830322 -0.319336 -0.550204 18.024767 1.912411 14.100000 24.600000 -12.000000
0.082031 -0.888428 -0.366455 -0.180918 15.573857 1.759163 14.700000 24.299999 -11.100000
0.028564 -0.847656 -0.342041 -0.238386 13.744456 1.545254 14.100000 24.000000 -10.500000
0.058105 -0.866943 -0.285889 -0.334166 13.084638 1.519712 15.000000 24.000000 -9.300000
0.060791 -0.850586 -0.283691 -0.177725 13.259170 1.521841 15.000000 23.700001 -9.000000
0.123535 -0.765137 -0.242188 -0.310753 13.263427 1.618685 15.000000 24.000000 -7.800000
0.044678 -0.897705 -0.299072 -0.109615 14.164824 1.726172 14.400000 23.400000 -6.600000
0.073242 -0.867432 -0.217529 0.022349 16.324137 1.892191 15.300000 23.100000 -6.300000
0.086426 -0.656006 -0.121826 -0.028734 16.318815 1.848557 14.400000 22.799999 -5.400000
0.105957 -0.542725 -0.110596 -0.141542 17.138268 2.076302 14.100000 22.500000 -4.500000
0.063232 -0.842773 -0.297363 -0.021284 16.671072 1.875163 13.800000 22.799999 -3.900000
0.046387 -1.116943 -0.507812 -0.004257 15.558959 1.846429 13.500000 23.100000 -3.300000
0.039795 -1.066406 -0.475098 0.300111 14.442587 1.799603 14.100000 22.500000 -2.400000
0.082764 -0.692627 -0.248535 -0.533176 13.214473 1.651676 13.200000 21.600000 -1.500000
0.077881 -0.920654 -0.351807 0.734315 12.968637 1.370721 12.900000 22.200001 -1.200000
0.075439 -0.854736 -0.291016 -0.290533 14.512826 1.784704 12.600000 21.600000 -0.300000
0.056885 -0.704834 -0.174805 0.124514 13.618877 1.560153 12.300000 22.200001 -0.300000
0.068359 -1.013428 -0.544434 -0.039376 11.356337 1.384556 11.700000 22.500000 0.900000
0.036377 -0.906494 -0.475586 -0.076624 8.011480 1.086573 11.400000 22.500000 1.200000
0.057129 -0.789062 -0.227295 -0.144735 7.573020 1.033362 11.700000 22.500000 1.500000
0.074951 -0.858398 -0.298584 0.087266 7.764580 0.955673 10.800000 21.600000 2.100000
0.059082 -0.885010 -0.306396 -0.025541 8.571262 1.066353 10.500000 21.900000 3.000000
0.040771 -0.987549 -0.344727 -0.088331 8.510601 0.998242 10.800000 21.900000 2.700000
0.060059 -0.960938 -0.384277 0.068110 8.408436 1.017398 9.600000 21.900000 3.600000
0.059326 -0.912109 -0.256836 0.147927 9.541835 1.142977 9.600000 21.600000 3.600000
0.094482 -0.906494 -0.238770 0.050019 13.208087 1.532483 8.100000 21.900000 3.900000
0.077881 -0.863770 -0.344482 0.179854 11.850137 1.327088 7.500000 21.600000 3.900000
0.041504 -0.813232 -0.269531 0.105358 10.659270 1.283454 7.500000 22.500000 4.800000
0.077881 -0.840820 -0.361816 0.079817 8.551042 1.028041 6.600000 21.900000 4.200000
0.076172 -0.897217 -0.307129 -0.036184 8.264766 1.008885 6.300000 21.900000 4.200000
0.045410 -0.878174 -0.366699 -0.015963 6.173565 0.730058 6.000000 21.900000 5.100000
0.018799 -0.867432 -0.302734 -0.010642 4.840092 0.626828 5.700000 21.900000 4.500000
0.050293 -0.861572 -0.314209 -0.094716 3.006433 0.453360 5.100000 21.900000 4.800000
0.028320 -0.863037 -0.366943 -0.109615 0.359708 0.158569 5.400000 22.200001 4.200000
0.058838 -0.867432 -0.286621 -0.144735 0.349066 0.195817 5.100000 22.200001 4.800000
0.059570 -0.873535 -0.287598 -0.133028 0.038312 0.167083 5.400000 21.900000 4.200000
0.055420 -0.872803 -0.279541 -0.101101 0.030863 0.141542 5.400000 21.900000 4.500000
0.056641 -0.871582 -0.283691 -0.134092 0.007450 0.158569 5.100000 21.900000 4.500000
0.058105 -0.873535 -0.289795 -0.100037 0.050019 0.167083 5.400000 21.900000 4.500000
0.049072 -0.871338 -0.281494 -0.101101 0.064918 0.102166 5.700000 21.299999 3.600000
0.055664 -0.872070 -0.290283 -0.094716 0.096844 0.156441 5.700000 22.200001 4.200000
0.054688 -0.873047 -0.287109 -0.134092 0.013835 0.147927 5.400000 22.200001 4.500000
0.054443 -0.871338 -0.291504 -0.134092 0.069175 0.152184 5.400000 21.900000 4.500000
0.054199 -0.871338 -0.284424 -0.158569 0.035119 0.137285 4.800000 21.600000 4.500000
0.055908 -0.872559 -0.286133 -0.103230 0.078753 0.137285 5.400000 21.600000 4.200000
0.058350 -0.874512 -0.291748 -0.092588 0.045762 0.158569 5.400000 21.600000 4.500000
0.054443 -0.873047 -0.283447 -0.106422 0.043633 0.159634 5.100000 22.200001 4.500000
0.053711 -0.872803 -0.288574 -0.156441 0.077688 0.154313 4.800000 21.600000 4.500000
0.054443 -0.875977 -0.287598 -0.139413 0.103230 0.086202 5.400000 21.299999 3.900000
0.052002 -0.872070 -0.282471 -0.116000 0.006385 0.130900 5.400000 21.900000 4.200000
0.051758 -0.870361 -0.287842 -0.140478 0.021284 0.138349 4.800000 21.600000 4.800000
0.061279 -0.871582 -0.289795 -0.133028 0.045762 0.153248 5.400000 21.600000 4.500000
0.058350 -0.878174 -0.286133 -0.158569 0.059597 0.144735 5.400000 21.900000 4.200000
0.053955 -0.870850 -0.282959 -0.102166 0.044697 0.148991 5.100000 21.299999 4.500000
0.053467 -0.869629 -0.292480 -0.146863 0.046826 0.158569 5.100000 21.900000 4.800000
0.064697 -0.866699 -0.343262 -0.131964 -0.574681 0.068110 5.400000 21.600000 4.200000
0.065186 -0.871338 -0.314209 -0.158569 -1.403712 -0.005321 5.700000 22.200001 5.100000
0.054199 -0.866943 -0.323975 -0.153248 -1.837915 -0.080881 5.400000 21.900000 4.200000
0.047607 -0.873291 -0.304932 -0.178790 -2.028411 -0.089395 5.400000 21.600000 4.500000
0.043945 -0.875732 -0.283203 -0.128771 -2.884048 -0.138349 5.400000 22.200001 4.800000
0.053711 -0.881836 -0.304932 -0.216038 -3.316123 -0.195817 5.100000 21.600000 4.500000
0.063721 -0.863281 -0.289551 -0.211781 -3.552381 -0.217102 6.000000 21.600000 3.900000
0.040283 -0.855225 -0.329834 -0.277763 -4.005740 -0.279891 6.300000 21.600000 4.200000
0.052246 -0.885254 -0.298584 -0.263928 -4.331393 -0.288405 6.300000 22.200001 4.800000
0.052246 -0.857666 -0.340820 -0.269249 -5.234919 -0.403341 6.900000 21.900000 4.200000
0.057129 -0.866455 -0.323242 -0.296919 -6.299143 -0.532112 6.900000 21.900000 4.200000
0.080811 -0.850586 -0.321777 -0.343744 -6.401309 -0.560846 7.200000 22.200001 3.900000
0.066162 -0.862305 -0.330322 -0.159634 -6.569456 -0.525727 8.100000 21.900000 3.900000
0.068359 -0.913330 -0.212646 -0.319267 -6.619475 -0.581066 8.700000 22.200001 3.000000
0.072998 -0.889404 -0.265381 -0.218166 -6.758888 -0.569360 8.400000 21.600000 3.300000
0.069824 -0.839844 -0.307129 -0.171340 -6.801457 -0.570424 9.000000 21.900000 2.400000
0.067871 -0.878906 -0.285645 -0.219230 -6.823806 -0.598094 9.300000 21.600000 3.300000
0.063232 -0.871826 -0.292969 -0.271377 -6.851476 -0.627892 9.900000 22.500000 3.000000
0.073242 -0.891113 -0.281250 -0.147927 -6.839769 -0.636406 10.500000 22.200001 2.700000
0.058350 -0.867920 -0.306396 -0.296919 -7.283551 -0.632149 10.500000 21.600000 1.800000
0.063477 -0.941895 -0.272705 -0.351194 -7.584726 -0.713030 10.800000 21.900000 1.500000
0.040039 -0.862793 -0.320068 -0.173469 -7.138816 -0.609801 11.700000 22.200001 1.800000
0.059082 -0.927734 -0.287598 -0.297983 -7.466598 -0.640663 11.100000 21.600000 1.500000
0.059326 -0.865967 -0.273682 -0.249028 -6.458777 -0.599158 11.400000 21.900000 1.200000
0.034912 -0.840820 -0.335205 -0.413983 -6.193785 -0.433139 12.000000 22.200001 0.900000
0.033203 -0.871582 -0.337402 -0.125578 -6.996210 -0.571488 12.000000 22.200001 0.600000
0.047363 -0.919189 -0.270264 -0.147927 -6.781237 -0.583195 12.600000 22.799999 -0.300000
0.061523 -0.854980 -0.315674 -0.137285 -8.195591 -0.756663 12.300000 22.200001 -0.300000
0.057861 -0.863770 -0.359863 -0.170276 -10.403856 -0.986536 12.900000 22.799999 -0.600000
0.059570 -0.858643 -0.393555 -0.494864 -12.584452 -1.213216 12.600000 22.799999 -1.500000
0.079590 -0.914307 -0.340088 -0.030863 -14.279761 -1.485657 13.500000 22.500000 -2.400000
0.074951 -0.843750 -0.357910 -0.562975 -14.958736 -1.484593 13.200000 22.500000 -3.000000
0.110840 -0.803955 -0.309082 0.129835 -14.056274 -1.511198 13.500000 22.799999 -2.700000
0.094482 -0.970703 -0.277588 -0.141542 -14.402147 -1.477143 13.800000 22.500000 -4.200000
0.103516 -0.928223 -0.151611 -0.172404 -12.071496 -1.170647 14.700000 23.400000 -4.200000
0.068115 -0.843994 -0.338623 -0.277763 -11.527678 -1.104665 15.000000 23.100000 -5.400000
0.068604 -0.848877 -0.219971 -0.325653 -10.745472 -1.030169 14.400000 23.100000 -5.700000
0.039795 -0.861328 -0.251709 -0.143670 -8.671299 -0.817324 13.800000 23.400000 -6.600000
0.049561 -0.832764 -0.301758 -0.147927 -7.617717 -0.720480 15.300000 23.400000 -7.500000
0.047119 -0.818359 -0.302979 -0.037248 -7.865682 -0.697067 14.700000 23.100000 -8.400000
0.043945 -0.817871 -0.340088 -0.002128 -8.667043 -0.761985 15.300000 23.400000 -7.500000
0.067139 -0.879395 -0.321289 -0.047890 -11.003015 -1.035490 15.000000 24.600000 -8.700000
0.086670 -0.890625 -0.214844 -0.081945 -10.458132 -0.972701 15.300000 24.000000 -9.300000
0.027344 -0.871826 -0.305420 -0.092588 -9.593982 -0.884370 14.700000 24.000000 -9.300000
0.048828 -0.882812 -0.242188 -0.123450 -8.486124 -0.736443 15.300000 23.700001 -9.900000
0.059570 -0.895752 -0.264160 -0.088331 -7.641130 -0.685360 14.100000 24.000000 -11.100000
0.030762 -0.826172 -0.303223 -0.175597 -8.179627 -0.737507 14.700000 24.299999 -11.100000
0.069580 -0.865723 -0.277588 -0.139413 -7.779480 -0.655562 14.400000 24.900000 -11.700000
0.047363 -0.872803 -0.295654 0.029798 -8.494638 -0.710902 13.500000 24.600000 -11.400000
0.035645 -0.866943 -0.394043 -0.041505 -10.247416 -0.875857 14.400000 25.200001 -12.300000
0.046387 -0.871338 -0.360352 0.131964 -11.064739 -0.986536 14.100000 25.200001 -12.900000
0.090820 -0.886963 -0.231934 0.057468 -9.899414 -0.835416 13.200000 25.500000 -14.100000
0.050781 -0.860352 -0.243896 0.023413 -7.495331 -0.626828 13.200000 25.200001 -14.700000
0.061279 -0.887451 -0.184814 -0.092588 -3.941887 -0.210716 12.900000 25.200001 -14.700000
0.046143 -0.885498 -0.155029 -0.154313 -0.264992 0.136221 13.200000 25.500000 -14.400000
0.042480 -0.879150 -0.285645 -0.133028 0.072367 0.140478 12.600000 25.500000 -14.100000
0.041504 -0.872559 -0.289795 -0.138349 0.044697 0.139413 12.600000 25.500000 -14.700000
0.039795 -0.874023 -0.286377 -0.139413 0.014899 0.131964 13.200000 25.500000 -14.100000
0.049805 -0.873535 -0.263672 -0.172404 0.091523 0.137285 13.200000 25.500000 -14.400000
0.044189 -0.872803 -0.288574 -0.124514 0.069175 0.178790 13.200000 25.799999 -14.100000
0.044678 -0.873535 -0.287109 -0.110679 0.021284 0.146863 12.900000 25.500000 -14.700000
0.045166 -0.874756 -0.273193 -0.166019 0.043633 0.159634 13.800000 25.799999 -14.100000
0.041992 -0.875732 -0.281006 -0.117065 0.054275 0.102166 13.200000 25.500000 -14.700000
0.042480 -0.871338 -0.283203 -0.146863 0.054275 0.151120 12.600000 24.900000 -14.700000
0.044189 -0.871826 -0.285645 -0.138349 0.059597 0.128771 13.200000 25.200001 -15.000000
0.040771 -0.874023 -0.289307 -0.123450 0.090459 0.151120 12.900000 25.500000 -15.000000
0.043945 -0.876221 -0.284180 -0.156441 0.052147 0.151120 12.600000 24.900000 -14.700000
0.042236 -0.872314 -0.285156 -0.150056 0.059597 0.127707 13.500000 25.799999 -15.000000
0.041748 -0.874512 -0.284668 -0.137285 0.047890 0.152184 12.300000 25.500000 -15.000000
0.042236 -0.871338 -0.283691 -0.119193 0.028734 0.136221 13.200000 25.200001 -15.300000
0.042480 -0.877441 -0.280273 -0.173469 0.074496 0.138349 13.500000 25.500000 -14.700000
0.043701 -0.872803 -0.280273 -0.181982 0.020220 0.130900 13.500000 24.900000 -14.400000
0.043213 -0.873291 -0.289551 -0.135156 0.088331 0.160698 12.900000 25.500000 -15.000000
0.041748 -0.874023 -0.284424 -0.167083 0.085138 0.131964 13.200000 24.900000 -14.400000
0.037842 -0.874023 -0.278809 -0.141542 0.045762 0.140478 13.200000 25.799999 -14.700000
0.043701 -0.876221 -0.281006 -0.150056 0.078753 0.138349 12.900000 25.500000 -15.000000
0.042969 -0.870605 -0.284424 -0.127707 0.027670 0.151120 12.900000 25.500000 -14.400000
0.039551 -0.876465 -0.288574 -0.092588 0.035119 0.160698 12.900000 25.500000 -15.000000
0.045166 -0.878174 -0.281738 -0.146863 0.038312 0.151120 12.900000 25.200001 -14.700000
0.040771 -0.874512 -0.279053 -0.144735 0.107487 0.153248 12.900000 25.500000 -14.400000
0.041504 -0.873291 -0.282959 -0.130900 0.064918 0.167083 12.600000 25.500000 -14.400000
0.040771 -0.875732 -0.281006 -0.123450 0.070239 0.137285 12.600000 25.200001 -14.700000
0.040527 -0.869629 -0.289062 -0.159634 0.091523 0.130900 13.200000 25.200001 -14.700000
0.043457 -0.872070 -0.283447 -0.122386 0.059597 0.148991 13.200000 25.200001 -15.000000
0.044189 -0.870850 -0.283203 -0.150056 0.051083 0.125578 13.200000 25.799999 -14.100000
0.043213 -0.872559 -0.282715 -0.141542 0.067046 0.145799 13.800000 26.100000 -15.000000
0.043457 -0.872559 -0.285400 -0.110679 0.039376 0.140478 12.900000 25.500000 -14.400000
0.044189 -0.875244 -0.281982 -0.151120 0.084074 0.140478 12.300000 25.200001 -14.700000
0.035645 -0.876953 -0.289062 -0.138349 0.044697 0.141542 13.200000 25.500000 -15.000000
0.045654 -0.875000 -0.282715 -0.113872 0.039376 0.150056 13.200000 25.200001 -14.700000
0.042236 -0.874512 -0.285156 -0.143670 0.065982 0.151120 12.600000 25.200001 -14.700000
0.044189 -0.875000 -0.283203 -0.161762 0.058532 0.144735 12.600000 25.799999 -14.400000
0.041992 -0.865723 -0.275391 -0.081945 0.063853 0.162826 13.200000 25.200001 -14.700000
0.050049 -0.873535 -0.281006 -0.120257 0.088331 0.126643 13.200000 26.100000 -14.400000
0.042725 -0.877197 -0.286621 -0.111744 0.012771 0.143670 13.800000 25.799999 -14.400000
0.042236 -0.873047 -0.282959 -0.092588 0.084074 0.143670 12.900000 25.799999 -14.700000
0.039551 -0.870117 -0.286865 -0.093652 0.084074 0.159634 12.900000 25.500000 -14.400000
0.041260 -0.876221 -0.282959 -0.136221 0.031927 0.157505 13.500000 24.900000 -14.400000
0.042725 -0.868408 -0.281738 -0.107487 0.051083 0.129835 12.600000 26.100000 -14.100000
0.042236 -0.871094 -0.281250 -0.146863 0.050019 0.125578 12.300000 25.500000 -14.700000
0.043701 -0.873291 -0.285645 -0.109615 0.067046 0.167083 13.200000 25.500000 -14.400000
0.042236 -0.875488 -0.282715 -0.133028 0.045762 0.150056 13.200000 25.500000 -13.800000
0.040283 -0.876221 -0.282959 -0.091523 0.067046 0.164955 12.900000 25.500000 -14.700000
0.044434 -0.877686 -0.286133 -0.130900 0.028734 0.158569 13.200000 25.200001 -14.100000
0.046387 -0.877930 -0.281738 -0.126643 0.030863 0.140478 13.200000 25.200001 -15.000000
0.041504 -0.872803 -0.283203 -0.158569 0.068110 0.158569 12.900000 25.500000 -14.100000
0.042236 -0.874023 -0.281494 -0.114936 0.074496 0.119193 13.500000 25.200001 -14.100000
0.038818 -0.875732 -0.285645 -0.140478 0.063853 0.163891 12.300000 25.500000 -14.700000
0.040527 -0.871826 -0.285400 -0.125578 0.059597 0.187303 13.200000 25.500000 -14.400000
0.042969 -0.874268 -0.282471 -0.097909 0.064918 0.185175 12.900000 25.500000 -14.400000
0.043945 -0.875488 -0.284668 -0.190496 0.048954 0.158569 12.900000 25.500000 -14.400000
0.044434 -0.875732 -0.286377 -0.153248 0.012771 0.112808 13.200000 25.500000 -14.400000
0.043945 -0.877197 -0.278809 -0.150056 0.050019 0.154313 13.200000 25.799999 -14.700000
0.043945 -0.873291 -0.287354 -0.112808 0.071303 0.141542 12.900000 25.200001 -14.700000
0.043213 -0.874512 -0.285645 -0.110679 0.034055 0.130900 13.200000 25.500000 -14.700000
0.044922 -0.872070 -0.284668 -0.127707 0.071303 0.143670 13.200000 25.500000 -14.700000
0.041504 -0.875000 -0.278076 -0.124514 0.025541 0.137285 12.900000 25.500000 -14.400000
0.039307 -0.873291 -0.279541 -0.129835 0.030863 0.110679 13.200000 25.500000 -14.400000
0.040771 -0.874023 -0.281250 -0.087266 0.037248 0.162826 13.500000 25.200001 -14.700000
0.043701 -0.874023 -0.281982 -0.114936 0.014899 0.151120 13.200000 25.500000 -14.400000
0.042969 -0.874512 -0.285645 -0.152184 0.042569 0.166019 12.900000 25.500000 -14.700000
0.046387 -0.871826 -0.286621 -0.137285 0.057468 0.159634 13.200000 25.799999 -14.700000
0.041992 -0.874268 -0.285400 -0.145799 0.022349 0.168147 13.500000 26.100000 -14.700000
0.041504 -0.873047 -0.288818 -0.128771 0.077688 0.130900 12.600000 25.799999 -13.800000
0.043457 -0.874756 -0.277344 -0.127707 0.062789 0.140478 12.900000 25.200001 -14.400000
0.043701 -0.874512 -0.285645 -0.127707 0.039376 0.134092 12.900000 25.500000 -14.400000
0.041504 -0.873047 -0.282715 -0.129835 0.060661 0.130900 13.200000 25.799999 -15.000000
0.040771 -0.871582 -0.279541 -0.110679 0.043633 0.181982 13.500000 25.799999 -14.100000
0.043701 -0.871582 -0.275635 -0.140478 0.043633 0.117065 13.200000 25.200001 -14.100000
0.040527 -0.872070 -0.284912 -0.119193 0.043633 0.160698 12.900000 25.500000 -14.400000
0.040039 -0.873779 -0.286621 -0.145799 0.034055 0.105358 12.900000 25.799999 -14.400000
0.046631 -0.875244 -0.285889 -0.107487 0.045762 0.144735 12.600000 25.200001 -14.400000
0.041016 -0.875244 -0.285400 -0.114936 0.075560 0.136221 12.900000 25.500000 -14.400000
0.042236 -0.873291 -0.282471 -0.095780 0.053211 0.133028 12.900000 25.500000 -15.000000
0.041016 -0.873535 -0.278564 -0.124514 0.074496 0.126643 12.900000 25.500000 -14.700000
0.044434 -0.872803 -0.286133 -0.128771 0.063853 0.145799 12.600000 25.799999 -14.400000
0.043945 -0.875977 -0.278320 -0.110679 0.045762 0.130900 13.200000 25.799999 -14.100000
0.045166 -0.870117 -0.286133 -0.112808 0.081945 0.147927 12.600000 25.200001 -14.400000
0.045654 -0.872803 -0.285889 -0.127707 0.101101 0.141542 13.500000 25.799999 -14.700000
0.041748 -0.872070 -0.286865 -0.121322 0.068110 0.180918 13.200000 25.799999 -14.700000
0.044434 -0.873291 -0.279297 -0.159634 0.058532 0.152184 12.900000 25.500000 -14.400000
0.041504 -0.873291 -0.289795 -0.097909 0.057468 0.124514 12.900000 25.200001 -14.400000
0.040039 -0.878662 -0.289795 -0.093652 0.041505 0.152184 12.600000 25.500000 -15.300000
0.038330 -0.875488 -0.285400 -0.106422 0.048954 0.118129 13.500000 25.200001 -14.400000
0.037598 -0.869385 -0.283691 -0.109615 0.038312 0.156441 12.900000 24.600000 -14.100000
0.042969 -0.876953 -0.281006 -0.129835 0.018092 0.158569 12.900000 25.500000 -14.700000
0.041992 -0.873535 -0.282715 -0.151120 0.087266 0.127707 12.900000 25.500000 -14.400000
0.044189 -0.876709 -0.285889 -0.147927 0.081945 0.155377 12.600000 25.799999 -15.000000
0.041504 -0.874512 -0.286377 -0.111744 0.069175 0.170276 13.200000 25.799999 -14.700000
0.044434 -0.872559 -0.281738 -0.142606 0.055340 0.140478 13.200000 25.200001 -14.400000
0.041260 -0.875977 -0.281738 -0.161762 0.020220 0.133028 13.200000 25.500000 -15.300000
0.044678 -0.872070 -0.285156 -0.133028 0.054275 0.150056 13.800000 25.500000 -14.700000
0.046631 -0.876465 -0.284424 -0.096844 0.044697 0.107487 12.300000 25.200001 -14.400000
