0.000000 0.000000 563071957880772505760694272.000000 -0.012771 0.023413 0.019156 -5.700000 -27.299999 73.500000
-0.011963 -0.016846 -0.974854 -0.012771 0.022349 0.018092 -7.200000 -26.400000 73.199997
-0.006592 -0.023926 -0.970215 -0.014899 0.024477 0.019156 -6.600000 -26.400000 72.000000
-0.012207 -0.018799 -0.979004 -0.011706 0.023413 0.021284 -6.000000 -26.400000 72.000000
-0.010986 -0.016846 -0.983398 -0.014899 0.021284 0.018092 -6.900000 -26.100000 72.300003
-0.007324 -0.015381 -0.971924 -0.012771 0.024477 0.020220 -6.900000 -24.900000 72.900002
-0.013428 -0.022461 -0.982910 -0.015963 0.024477 0.015963 -6.600000 -26.400000 72.599998
-0.014648 -0.019287 -0.990234 -0.011706 0.024477 0.019156 -7.800000 -27.000000 72.599998
-0.011719 -0.018799 -0.971680 -0.011706 0.023413 0.019156 -7.200000 -27.600000 72.599998
-0.005615 -0.021973 -0.981934 -0.014899 0.022349 0.018092 -6.900000 -26.700001 72.300003
-0.010986 -0.022461 -0.980225 -0.015963 0.023413 0.018092 -7.800000 -24.600000 72.599998
-0.012939 -0.012207 -0.971191 -0.013835 0.022349 0.019156 -5.400000 -25.799999 72.000000
-0.009521 -0.012695 -0.977539 -0.010642 0.023413 0.018092 -6.900000 -26.700001 72.300003
-0.009521 -0.011963 -0.989258 -0.012771 0.020220 0.018092 -6.300000 -25.500000 73.500000
-0.004639 -0.021973 -0.977539 -0.013835 0.021284 0.017028 -7.500000 -26.700001 72.300003
-0.014893 -0.021484 -0.983398 -0.010642 0.025541 0.014899 -6.300000 -24.900000 72.300003
-0.010986 -0.013916 -0.979004 -0.010642 0.026606 0.015963 -6.000000 -26.400000 72.599998
-0.007324 -0.014648 -0.983398 -0.013835 0.022349 0.017028 -6.900000 -26.100000 72.900002
-0.012939 -0.017822 -0.975586 -0.017028 0.022349 0.015963 -6.000000 -26.400000 73.800003
-0.009277 -0.023926 -0.978760 -0.015963 0.022349 0.019156 -6.300000 -26.700001 72.300003
-0.012695 -0.020020 -0.983643 -0.013835 0.025541 0.018092 -6.300000 -25.500000 72.300003
-0.014404 -0.021484 -0.978516 -0.012771 0.027670 0.017028 -7.800000 -26.400000 72.599998
-0.005371 -0.017578 -0.976074 -0.013835 0.024477 0.015963 -7.800000 -25.200001 75.000000
-0.012939 -0.016846 -0.976074 -0.015963 0.024477 0.022349 -6.000000 -25.200001 72.599998
-0.011475 -0.013916 -0.981689 -0.008514 0.023413 0.020220 -6.600000 -25.200001 73.800003
-0.008545 -0.016113 -0.977051 -0.013835 0.022349 0.019156 -6.600000 -25.799999 71.400002
-0.015869 -0.020752 -0.980713 -0.012771 0.022349 0.019156 -6.300000 -26.700001 72.900002
-0.019043 -0.017578 -0.986816 -0.013835 0.022349 0.017028 -8.100000 -27.299999 73.500000
-0.014160 -0.019775 -0.980713 -0.014899 0.022349 0.017028 -6.300000 -26.700001 74.099998
-0.007324 -0.016113 -0.975830 -0.014899 0.023413 0.021284 -6.600000 -26.400000 73.199997
-0.009277 -0.015137 -0.977051 -0.012771 0.025541 0.019156 -6.600000 -25.799999 72.000000
-0.009033 -0.016846 -0.978516 -0.012771 0.021284 0.018092 -7.800000 -25.799999 71.400002
-0.013428 -0.018799 -0.978516 -0.014899 0.023413 0.017028 -6.000000 -25.799999 73.800003
-0.010254 -0.015381 -0.978760 -0.015963 0.024477 0.020220 -7.800000 -27.000000 73.199997
-0.010742 -0.017822 -0.978027 -0.012771 0.024477 0.017028 -7.500000 -26.100000 72.900002
-0.005615 -0.028320 -0.979004 -0.012771 0.022349 0.012771 -6.600000 -25.799999 73.199997
-0.008057 -0.001221 -0.979736 -0.011706 0.025541 0.023413 -6.000000 -27.000000 72.000000
-0.010742 -0.023926 -0.973145 -0.012771 0.021284 0.015963 -6.600000 -26.400000 73.199997
-0.010498 -0.025146 -0.978027 -0.013835 0.024477 0.015963 -5.700000 -26.100000 72.900002
-0.018066 -0.019287 -0.986328 -0.015963 0.024477 0.024477 -5.400000 -27.600000 72.000000
-0.002441 -0.006592 -0.980225 -0.010642 0.025541 0.019156 -7.500000 -26.100000 72.900002
-0.008057 -0.016357 -0.982178 -0.012771 0.025541 0.019156 -7.200000 -25.799999 73.800003
-0.010254 -0.024414 -0.968994 -0.014899 0.022349 0.017028 -6.000000 -27.000000 72.000000
-0.012451 -0.012939 -0.976074 -0.010642 0.024477 0.019156 -7.500000 -25.500000 74.099998
-0.013672 -0.016602 -0.971680 -0.013835 0.025541 0.018092 -5.700000 -27.299999 72.900002
-0.015869 -0.012451 -0.975342 -0.012771 0.022349 0.019156 -6.900000 -25.500000 69.900002
-0.010010 -0.016602 -0.979492 -0.014899 0.023413 0.020220 -6.300000 -26.700001 72.300003
-0.003906 0.003662 -0.980225 -0.005321 0.015963 0.035119 -7.500000 -25.500000 72.300003
-0.017334 0.000977 -0.991699 -0.011706 0.022349 0.036184 -7.800000 -27.000000 73.199997
-0.009277 0.014893 -0.972412 -0.008514 0.024477 0.032991 -7.800000 -26.400000 72.000000
-0.009521 0.004883 -0.974365 -0.019156 0.023413 0.029798 -8.700000 -27.299999 71.699997
-0.004395 -0.001465 -0.983154 -0.008514 0.023413 0.075560 -6.000000 -25.799999 72.000000
-0.003906 0.019043 -0.973145 -0.014899 0.023413 0.107487 -6.300000 -26.700001 73.500000
-0.001953 0.028320 -0.968994 -0.005321 0.026606 0.103230 -7.200000 -26.400000 72.000000
-0.016357 0.032715 -0.974609 -0.012771 0.028734 0.084074 -8.400000 -24.600000 72.000000
-0.006836 0.021973 -0.969482 -0.005321 0.027670 0.055340 -6.300000 -24.900000 72.900002
-0.011475 0.010986 -0.978271 -0.005321 0.030863 0.042569 -6.300000 -27.299999 73.500000
-0.000977 -0.001953 -0.984131 -0.021284 0.027670 0.043633 -7.500000 -26.100000 72.300003
0.001465 0.013672 -0.967285 -0.006385 0.019156 0.070239 -7.500000 -26.700001 72.300003
-0.011719 0.022949 -0.983398 -0.013835 0.022349 0.032991 -5.700000 -24.900000 72.900002
-0.018066 0.017090 -0.983398 -0.013835 0.029798 -0.014899 -8.100000 -24.900000 72.300003
-0.006836 0.018311 -0.967285 -0.023413 0.024477 -0.045762 -7.200000 -25.200001 72.599998
-0.016846 0.011230 -0.982178 -0.022349 0.018092 -0.057468 -6.000000 -25.200001 72.000000
-0.023682 0.016846 -0.983154 -0.017028 0.025541 -0.074496 -7.500000 -25.500000 73.500000
-0.011719 0.012939 -0.981445 -0.032991 0.018092 -0.113872 -6.000000 -26.400000 72.000000
-0.017334 -0.009033 -0.982910 -0.025541 0.015963 -0.137285 -8.100000 -26.100000 72.300003
-0.010254 -0.004639 -0.968262 -0.025541 0.014899 -0.131964 -6.000000 -25.799999 71.400002
-0.011230 -0.032959 -0.970947 -0.028734 0.009578 -0.107487 -6.900000 -24.900000 73.500000
-0.012207 -0.008301 -0.984131 -0.010642 0.015963 -0.102166 -6.900000 -26.700001 71.699997
-0.004639 -0.010010 -0.992188 -0.008514 0.020220 -0.092588 -6.000000 -24.600000 72.599998
-0.012451 -0.012939 -0.975830 -0.013835 0.018092 -0.095780 -5.400000 -24.600000 70.800003
-0.002441 -0.006592 -0.972412 -0.019156 0.022349 -0.065982 -6.900000 -24.299999 73.500000
-0.011963 -0.011963 -0.975098 -0.004257 0.018092 -0.063853 -4.800000 -24.600000 73.199997
-0.015137 -0.000244 -0.988037 -0.015963 0.019156 -0.057468 -4.500000 -23.100000 71.699997
-0.013916 -0.008545 -0.981934 -0.017028 0.020220 -0.070239 -6.900000 -24.900000 72.300003
-0.002197 -0.023193 -0.970459 -0.010642 0.018092 -0.045762 -6.900000 -24.299999 70.500000
-0.012695 -0.021240 -0.971680 -0.010642 0.027670 -0.034055 -6.600000 -23.400000 70.199997
-0.003174 -0.042480 -0.972412 -0.012771 0.021284 -0.013835 -5.700000 -21.900000 71.699997
-0.007080 -0.031738 -0.977783 -0.012771 0.026606 -0.015963 -6.600000 -23.400000 72.000000
0.000000 -0.025391 -0.982910 -0.017028 0.026606 -0.002128 -6.600000 -24.000000 71.400002
-0.020020 -0.020996 -0.986084 0.017028 0.026606 0.026606 -7.200000 -22.200001 72.000000
-0.016113 -0.033691 -0.991455 -0.018092 0.024477 -0.012771 -7.800000 -21.600000 73.199997
-0.002686 -0.058350 -0.986084 -0.020220 0.032991 0.061725 -7.800000 -23.400000 71.400002
-0.020020 -0.019531 -0.996826 -0.017028 0.017028 0.041505 -7.500000 -24.299999 72.300003
-0.006592 -0.022461 -0.969727 -0.008514 0.024477 0.011706 -9.300000 -23.100000 70.500000
-0.004883 -0.036133 -0.968506 -0.012771 0.025541 0.012771 -7.800000 -20.400000 70.800003
-0.009521 -0.030273 -0.980713 -0.014899 0.022349 0.040441 -6.900000 -23.100000 72.300003
-0.027832 -0.027344 -0.986084 -0.014899 0.022349 0.010642 -7.500000 -20.700001 71.699997
-0.021973 -0.025879 -0.978027 -0.008514 0.024477 0.012771 -6.900000 -21.299999 72.300003
-0.011475 -0.045654 -0.970459 -0.012771 0.023413 0.011706 -7.500000 -20.100000 72.300003
-0.004395 -0.039795 -0.966309 -0.014899 0.026606 0.015963 -6.000000 -21.000000 72.599998
-0.011230 -0.051025 -0.978760 -0.009578 0.026606 0.005321 -9.300000 -21.299999 72.300003
-0.008545 -0.054199 -0.972656 -0.010642 0.022349 0.019156 -8.100000 -18.900000 72.300003
-0.020752 -0.026855 -0.973633 -0.005321 0.023413 -0.017028 -8.700000 -20.700001 72.300003
-0.020264 -0.047852 -0.973145 -0.015963 0.028734 -0.074496 -9.600000 -19.799999 73.800003
-0.001709 -0.060547 -0.985596 -0.023413 0.021284 -0.056404 -6.600000 -19.200001 73.800003
-0.012451 -0.052246 -0.982666 -0.007450 0.022349 -0.055340 -8.100000 -21.299999 72.900002
-0.004883 -0.076416 -0.989990 -0.013835 0.022349 -0.041505 -7.200000 -19.799999 72.599998
-0.002686 -0.065674 -0.983154 -0.009578 0.027670 0.028734 -7.500000 -20.700001 74.099998
-0.010254 -0.082520 -0.978516 -0.015963 0.023413 0.052147 -8.100000 -20.100000 74.099998
-0.020264 -0.055176 -0.975830 -0.035119 0.018092 0.013835 -7.500000 -18.299999 74.099998
-0.029297 -0.018066 -0.959229 -0.008514 0.030863 0.015963 -9.300000 -19.500000 74.099998
-0.002686 -0.006104 -0.984131 -0.014899 0.017028 -0.068110 -8.100000 -19.500000 72.300003
-0.065918 -0.176514 -1.010010 -0.020220 0.029798 0.057468 -8.100000 -21.299999 74.099998
-0.012695 0.054932 -0.971680 -0.013835 0.024477 0.030863 -9.000000 -20.400000 72.599998
-0.010254 0.004883 -0.985107 -0.013835 0.019156 0.008514 -8.100000 -19.500000 73.500000
-0.020752 -0.056396 -0.972656 -0.018092 0.024477 0.017028 -6.300000 -18.900000 74.099998
-0.016846 -0.037842 -0.974854 -0.010642 0.025541 0.024477 -7.800000 -18.600000 73.199997
-0.010742 -0.014404 -0.975586 -0.015963 0.025541 0.026606 -7.200000 -20.400000 72.599998
-0.010742 -0.024902 -0.976562 -0.013835 0.024477 0.022349 -7.200000 -19.200001 72.599998
-0.015625 -0.004639 -0.981445 -0.014899 0.025541 0.026606 -6.600000 -20.400000 73.800003
-0.009033 -0.001709 -0.979736 -0.011706 0.023413 0.022349 -6.900000 -20.100000 74.699997
-0.008057 -0.014160 -0.981201 -0.011706 0.023413 0.015963 -8.700000 -19.500000 75.900002
-0.010742 -0.032959 -0.971191 -0.011706 0.023413 0.012771 -6.900000 -18.299999 72.900002
-0.005615 -0.013672 -0.972900 -0.013835 0.024477 0.021284 -6.600000 -19.799999 73.199997
-0.011475 -0.008545 -0.980225 -0.014899 0.022349 0.022349 -6.900000 -20.700001 74.699997
-0.013672 -0.010498 -0.981201 -0.010642 0.023413 0.021284 -7.500000 -20.700001 73.500000
-0.013672 -0.010742 -0.984131 -0.010642 0.024477 0.014899 -7.200000 -19.799999 74.400002
-0.017822 -0.019775 -0.976074 -0.013835 0.023413 0.020220 -6.900000 -20.100000 74.099998
-0.013428 -0.023438 -0.972656 -0.012771 0.023413 0.018092 -7.800000 -20.400000 75.000000
-0.015137 -0.020020 -0.976318 -0.015963 0.026606 0.020220 -7.800000 -18.600000 72.599998
-0.013672 -0.020264 -0.979980 -0.013835 0.024477 0.019156 -8.100000 -21.299999 74.099998
-0.018066 -0.022461 -0.965576 -0.011706 0.025541 0.021284 -6.900000 -19.500000 72.900002
-0.008301 -0.014404 -0.968506 -0.010642 0.021284 0.020220 -9.300000 -19.500000 72.900002
-0.017578 -0.010986 -0.971680 -0.014899 0.023413 0.017028 -7.200000 -19.200001 72.000000
-0.011963 -0.012939 -0.982178 -0.014899 0.023413 0.019156 -6.600000 -19.799999 73.199997
-0.014648 -0.015137 -0.983643 -0.010642 0.021284 0.020220 -7.800000 -20.400000 73.199997
-0.013672 -0.015869 -0.972900 -0.010642 0.025541 0.023413 -7.500000 -20.700001 72.300003
-0.019287 -0.018066 -0.975098 -0.014899 0.021284 0.018092 -6.900000 -21.299999 73.500000
-0.014893 -0.011719 -0.980225 -0.014899 0.022349 0.018092 -7.200000 -18.000000 73.199997
-0.016602 -0.018066 -0.977051 -0.014899 0.025541 0.018092 -9.000000 -19.799999 73.199997
-0.018066 -0.019043 -0.978516 -0.014899 0.023413 0.018092 -7.200000 -20.400000 73.199997
-0.011963 -0.011963 -0.974365 -0.014899 0.022349 0.019156 -7.500000 -20.100000 72.300003
-0.010254 -0.018799 -0.971680 -0.015963 0.024477 0.017028 -7.200000 -19.200001 74.400002
-0.005615 -0.016846 -0.984619 -0.010642 0.023413 0.018092 -6.000000 -18.600000 73.199997
-0.014160 -0.018311 -0.979248 -0.013835 0.023413 0.019156 -7.200000 -19.799999 74.400002
-0.012695 -0.017578 -0.976074 -0.014899 0.023413 0.014899 -8.700000 -19.500000 74.099998
-0.014648 -0.026367 -0.975586 -0.010642 0.025541 0.019156 -6.000000 -20.400000 73.800003
-0.009033 -0.015381 -0.974609 -0.015963 0.023413 0.020220 -8.400000 -19.799999 73.800003
-0.012939 -0.013428 -0.976318 -0.014899 0.025541 0.021284 -8.100000 -20.100000 74.099998
-0.011475 -0.018311 -0.978027 -0.013835 0.025541 0.018092 -7.200000 -20.400000 73.199997
-0.001465 -0.020752 -0.979736 -0.012771 0.023413 0.018092 -6.600000 -19.799999 75.000000
-0.015137 -0.018799 -0.977051 -0.013835 0.021284 0.019156 -7.200000 -19.799999 73.800003
-0.013672 -0.015625 -0.974121 -0.013835 0.023413 0.019156 -6.000000 -18.600000 72.599998
-0.014160 -0.023438 -0.983398 -0.013835 0.021284 0.015963 -6.600000 -19.200001 73.199997
-0.016846 -0.015137 -0.978516 -0.015963 0.023413 0.017028 -6.600000 -19.799999 74.400002
-0.020264 -0.023193 -0.979736 -0.013835 0.025541 0.022349 -8.700000 -19.500000 72.900002
-0.008301 -0.022705 -0.972412 -0.012771 0.024477 0.017028 -6.300000 -20.700001 73.500000
-0.017578 -0.015381 -0.982422 -0.015963 0.023413 0.026606 -6.900000 -20.100000 72.300003
-0.016113 0.007080 -0.970215 -0.013835 0.029798 0.074496 -8.100000 -19.500000 72.900002
-0.018555 -0.020508 -0.969971 -0.015963 0.027670 0.026606 -8.400000 -19.200001 74.400002
-0.009766 -0.004150 -0.966797 -0.011706 0.024477 0.020220 -7.800000 -20.400000 71.400002
-0.009033 -0.016846 -0.984131 -0.012771 0.021284 0.017028 -8.400000 -19.200001 75.000000
-0.014160 -0.018555 -0.981201 -0.014899 0.023413 0.012771 -7.500000 -17.700001 72.300003
-0.008545 -0.024658 -0.984131 -0.014899 0.023413 0.015963 -6.000000 -20.400000 74.400002
-0.019287 -0.022949 -0.982422 -0.010642 0.024477 0.019156 -5.400000 -19.799999 73.199997
-0.011719 -0.012207 -0.979492 -0.018092 0.019156 0.020220 -8.400000 -18.600000 73.199997
-0.013916 -0.014404 -0.979492 -0.011706 0.024477 0.018092 -6.300000 -20.700001 72.300003
-0.013184 -0.022461 -0.979980 -0.014899 0.025541 0.019156 -8.100000 -18.299999 74.699997
-0.008789 -0.023926 -0.978271 -0.010642 0.026606 0.019156 -8.100000 -19.500000 72.900002
-0.011963 -0.018799 -0.969727 -0.014899 0.024477 0.018092 -8.100000 -20.100000 74.099998
-0.014648 -0.015625 -0.978027 0.053211 0.038312 0.004257 -8.700000 -19.500000 73.500000
0.009766 -0.069824 -1.000000 -0.040441 0.011706 -0.009578 -7.500000 -20.100000 74.099998
0.001465 -0.059570 -0.984131 -0.001064 0.026606 0.015963 -7.800000 -21.000000 75.000000
0.000732 -0.106689 -0.982666 -0.019156 0.019156 0.028734 -6.900000 -20.100000 74.699997
-0.017334 -0.064453 -0.977783 -0.011706 0.024477 0.057468 -7.200000 -20.400000 73.199997
-0.004883 -0.088623 -0.973877 -0.006385 0.025541 0.117065 -7.200000 -19.799999 73.800003
-0.005371 -0.083008 -0.971436 -0.011706 0.026606 0.152184 -7.500000 -18.900000 74.099998
-0.012207 -0.086914 -0.983154 -0.019156 0.022349 0.211781 -8.100000 -19.500000 73.500000
-0.004639 -0.061768 -0.974121 -0.013835 0.029798 0.214973 -8.400000 -19.799999 73.800003
-0.008057 -0.052002 -0.972656 -0.008514 0.029798 0.174533 -7.500000 -20.700001 73.500000
-0.012451 -0.047852 -0.990479 -0.017028 0.026606 0.166019 -9.300000 -21.900000 71.099998
-0.016846 -0.039551 -0.979248 -0.017028 0.028734 0.168147 -7.500000 -20.100000 71.699997
-0.009521 -0.019775 -0.975586 -0.013835 0.027670 0.121322 -6.600000 -21.600000 71.400002
-0.020508 -0.011230 -0.972412 -0.012771 0.024477 0.071303 -7.500000 -20.100000 70.500000
-0.027100 -0.031006 -0.987549 -0.008514 0.024477 0.073431 -7.500000 -21.900000 71.099998
0.000000 -0.019043 -0.944580 -0.004257 0.036184 0.018092 -7.500000 -21.900000 72.900002
-0.017334 -0.030029 -0.968262 -0.024477 0.020220 0.024477 -7.800000 -21.600000 70.800003
-0.009766 0.015869 -0.968506 -0.010642 0.017028 0.019156 -8.400000 -24.000000 73.199997
0.003662 -0.057861 -0.987061 -0.028734 0.015963 0.044697 -6.000000 -22.799999 72.000000
-0.028320 0.005615 -0.966553 -0.012771 0.034055 0.072367 -6.900000 -22.500000 71.099998
-0.011475 -0.007812 -0.960938 -0.011706 0.028734 0.085138 -7.800000 -23.400000 72.599998
-0.005127 -0.012451 -0.993408 -0.017028 0.029798 0.084074 -7.800000 -23.400000 71.400002
-0.021240 -0.011963 -0.968994 -0.010642 0.027670 0.068110 -6.600000 -21.000000 71.400002
-0.012207 -0.030029 -0.979980 -0.010642 0.023413 0.085138 -6.600000 -24.600000 70.800003
-0.015869 -0.018799 -0.986084 -0.007450 0.026606 0.085138 -6.000000 -22.799999 70.800003
-0.013672 -0.018555 -0.975830 -0.005321 0.027670 0.071303 -7.800000 -23.400000 70.800003
-0.019775 -0.001953 -0.984863 -0.008514 0.026606 0.054275 -6.600000 -24.000000 72.000000
-0.020996 -0.004395 -0.983154 -0.010642 0.024477 0.047890 -8.100000 -23.100000 72.900002
-0.019043 -0.011963 -0.973389 -0.013835 0.023413 0.052147 -7.200000 -24.000000 70.199997
-0.010010 -0.021484 -0.985107 -0.010642 0.025541 0.057468 -7.200000 -23.400000 71.400002
-0.011719 -0.023682 -0.981201 -0.031927 0.024477 0.046826 -8.400000 -24.000000 72.599998
-0.004639 -0.022705 -0.982910 -0.014899 0.022349 0.038312 -7.800000 -25.200001 72.000000
-0.013672 -0.004883 -0.980469 -0.019156 0.021284 0.034055 -7.800000 -25.200001 71.400002
-0.016113 0.003662 -0.979980 -0.005321 0.026606 0.043633 -6.000000 -24.000000 71.400002
-0.003906 -0.010254 -0.976562 0.006385 0.024477 0.036184 -7.200000 -23.400000 72.599998
-0.008545 -0.005127 -0.982422 -0.001064 0.026606 0.045762 -6.300000 -23.700001 72.900002
-0.013916 -0.005371 -0.991699 -0.002128 0.029798 0.044697 -7.200000 -25.200001 70.800003
-0.003906 -0.025879 -0.969727 -0.009578 0.024477 0.051083 -8.100000 -24.900000 73.500000
-0.002441 -0.002930 -0.979004 -0.010642 0.022349 0.068110 -6.300000 -24.900000 72.900002
-0.011475 -0.021484 -0.985840 -0.005321 0.017028 0.071303 -6.900000 -24.900000 72.300003
-0.008789 -0.025879 -0.974609 -0.019156 0.017028 0.107487 -7.200000 -25.799999 72.000000
-0.015625 0.002197 -0.978027 -0.002128 0.028734 0.131964 -7.800000 -25.200001 72.599998
0.020996 0.051025 -0.976807 -0.026606 0.032991 0.065982 -8.100000 -26.100000 72.900002
-0.001465 0.049805 -0.997559 -0.011706 0.025541 0.064918 -5.700000 -26.700001 72.300003
-0.013672 0.007568 -0.981445 -0.013835 0.018092 0.022349 -7.200000 -25.200001 72.000000
-0.006104 0.007324 -0.988525 -0.029798 0.011706 -0.059597 -6.300000 -26.100000 72.900002
-0.032959 0.019287 -0.973389 -0.010642 0.024477 -0.013835 -4.200000 -25.200001 73.199997
-0.005615 0.023193 -0.969238 -0.020220 0.023413 0.010642 -7.200000 -25.799999 71.400002
-0.003906 0.027344 -0.982422 -0.012771 0.024477 0.012771 -6.000000 -25.200001 71.400002
-0.004639 0.011963 -0.975586 -0.020220 0.022349 -0.003193 -7.800000 -24.600000 72.000000
-0.010742 0.025879 -0.996338 -0.019156 0.023413 0.002128 -7.500000 -25.500000 72.900002
-0.008057 0.044678 -0.973145 -0.017028 0.022349 -0.011706 -6.300000 -27.299999 72.300003
-0.017334 0.011963 -0.976807 0.014899 0.028734 0.021284 -6.900000 -26.100000 73.500000
0.001465 -0.082520 -0.997070 -0.009578 0.019156 0.117065 -6.600000 -24.600000 74.400002
-0.010498 0.108154 -0.976318 -0.005321 0.028734 0.053211 -8.400000 -25.200001 73.199997
0.001709 -0.046143 -0.975342 -0.014899 0.022349 -0.007450 -7.800000 -25.799999 71.400002
-0.016846 -0.073975 -0.976562 -0.013835 0.024477 -0.003193 -8.100000 -26.700001 73.500000
-0.014160 -0.046387 -0.971680 -0.013835 0.024477 0.009578 -7.500000 -27.299999 72.900002
-0.013184 -0.044678 -0.974365 -0.010642 0.019156 0.024477 -7.800000 -25.200001 73.800003
-0.012451 -0.001221 -0.975342 -0.012771 0.023413 0.032991 -6.600000 -26.400000 72.599998
-0.008301 0.007080 -0.981689 -0.013835 0.024477 0.025541 -7.500000 -26.100000 72.300003
-0.008057 -0.018799 -0.981445 -0.014899 0.026606 0.010642 -6.900000 -25.500000 72.300003
-0.008545 -0.039551 -0.982666 -0.015963 0.021284 0.008514 -7.800000 -24.600000 72.000000
-0.007080 -0.025635 -0.976074 -0.014899 0.024477 0.021284 -6.000000 -27.000000 72.599998
-0.013184 -0.012207 -0.981689 -0.012771 0.021284 0.024477 -9.000000 -24.600000 72.599998
-0.009033 -0.005859 -0.987549 -0.012771 0.025541 0.015963 -6.900000 -25.500000 72.300003
-0.015381 -0.034180 -0.979492 -0.011706 0.023413 0.015963 -7.200000 -26.400000 74.400002
-0.008301 -0.035156 -0.974365 -0.011706 0.024477 0.019156 -7.800000 -25.200001 72.599998
-0.015137 -0.021729 -0.978516 -0.013835 0.025541 0.022349 -7.800000 -25.200001 71.400002
-0.010254 -0.020264 -0.974854 -0.010642 0.023413 0.019156 -7.200000 -26.400000 74.400002
-0.010254 -0.027588 -0.980713 -0.013835 0.024477 0.015963 -9.000000 -26.400000 72.599998
-0.008789 -0.023682 -0.970947 -0.015963 0.023413 0.018092 -8.400000 -28.200001 72.599998
-0.007324 -0.025391 -0.978027 -0.017028 0.024477 0.019156 -7.500000 -26.100000 71.699997
-0.014404 -0.014404 -0.971680 -0.010642 0.026606 0.018092 -6.300000 -27.299999 74.099998
-0.013184 -0.015137 -0.979492 -0.010642 0.025541 0.018092 -6.900000 -25.500000 74.099998
-0.013672 -0.018311 -0.983643 -0.015963 0.021284 0.021284 -7.800000 -25.799999 70.800003
-0.011719 -0.023926 -0.974365 -0.013835 0.025541 0.012771 -8.100000 -27.299999 72.900002
-0.014893 -0.019775 -0.972656 -0.011706 0.022349 0.022349 -6.300000 -26.100000 72.300003
-0.007568 -0.021973 -0.980225 -0.017028 0.021284 0.018092 -6.600000 -25.799999 72.599998
-0.013428 -0.010498 -0.984131 -0.013835 0.024477 0.017028 -8.400000 -26.400000 71.400002
-0.011475 -0.015625 -0.973145 -0.013835 0.024477 0.017028 -7.500000 -27.299999 73.500000
-0.016602 -0.024414 -0.981445 -0.014899 0.023413 0.018092 -7.200000 -25.799999 72.599998
-0.006836 -0.026367 -0.982666 -0.010642 0.021284 0.021284 -6.300000 -25.500000 74.699997
-0.013428 -0.012695 -0.977295 -0.014899 0.023413 0.019156 -6.600000 -27.000000 72.000000
-0.013428 -0.018066 -0.980713 -0.015963 0.023413 0.017028 -6.000000 -25.799999 72.000000
-0.012695 -0.021729 -0.970459 -0.009578 0.021284 0.018092 -7.200000 -27.000000 75.000000
-0.010010 -0.023193 -0.980713 -0.012771 0.024477 0.019156 -6.300000 -26.700001 71.699997
-0.004639 -0.017578 -0.972656 -0.015963 0.022349 0.018092 -6.900000 -26.700001 72.300003
-0.015625 -0.013428 -0.975098 -0.012771 0.026606 0.018092 -7.200000 -26.400000 72.599998
-0.007080 -0.023438 -0.988037 -0.012771 0.023413 0.022349 -6.900000 -24.900000 72.300003
-0.010498 -0.013916 -0.966064 -0.015963 0.023413 0.018092 -6.300000 -24.900000 74.099998
-0.009277 -0.022949 -0.981934 -0.013835 0.024477 0.018092 -8.100000 -26.100000 72.300003
-0.010742 -0.015869 -0.965820 -0.013835 0.025541 0.021284 -8.100000 -26.700001 71.699997
-0.008301 -0.015869 -0.986572 -0.012771 0.023413 0.019156 -7.200000 -25.799999 72.599998
-0.010254 -0.020508 -0.975098 -0.010642 0.026606 0.018092 -7.800000 -26.400000 72.000000
-0.012207 -0.017090 -0.973389 -0.013835 0.024477 0.020220 -6.300000 -27.299999 73.500000
-0.002930 -0.016113 -0.969482 -0.014899 0.023413 0.019156 -6.900000 -26.700001 71.099998
-0.010254 -0.014648 -0.984131 -0.013835 0.024477 0.018092 -5.700000 -26.700001 73.500000
-0.012451 -0.012451 -0.975586 -0.012771 0.021284 0.019156 -7.500000 -26.100000 72.900002
-0.010742 -0.022949 -0.974854 -0.010642 0.023413 0.020220 -6.600000 -26.400000 73.199997
-0.013184 -0.015381 -0.978516 -0.018092 0.020220 0.019156 -6.600000 -26.400000 72.000000
-0.011230 -0.023682 -0.974609 -0.009578 0.023413 0.019156 -7.500000 -25.500000 74.099998
-0.010986 -0.021484 -0.983398 -0.015963 0.022349 0.018092 -7.500000 -27.299999 73.500000
-0.012939 -0.021484 -0.972412 -0.015963 0.024477 0.017028 -5.700000 -26.100000 71.699997
-0.010742 -0.018799 -0.983643 -0.012771 0.021284 0.017028 -6.300000 -27.299999 73.500000
-0.016602 -0.020996 -0.984131 -0.013835 0.023413 0.017028 -6.900000 -25.500000 72.300003
-0.011963 -0.016602 -0.987305 -0.011706 0.023413 0.019156 -4.800000 -25.200001 73.199997
-0.012939 -0.016602 -0.973145 -0.013835 0.023413 0.017028 -7.200000 -26.400000 72.599998
-0.017090 -0.019531 -0.973145 -0.012771 0.023413 0.019156 -6.600000 -25.799999 72.599998
-0.010010 -0.020264 -0.994141 -0.012771 0.025541 0.017028 -8.400000 -26.400000 73.800003
-0.014893 -0.022705 -0.984619 -0.015963 0.024477 0.018092 -5.400000 -26.400000 73.800003
-0.014160 -0.023438 -0.960205 -0.012771 0.022349 0.019156 -6.600000 -26.400000 73.199997
-0.011230 -0.018799 -0.978027 -0.013835 0.024477 0.018092 -7.800000 -24.600000 72.599998
-0.003662 -0.014648 -0.976074 -0.013835 0.021284 0.017028 -7.800000 -26.400000 72.000000
-0.017090 -0.018799 -0.976807 -0.014899 0.023413 0.023413 -6.600000 -25.799999 70.800003
-0.018311 -0.021484 -0.975830 -0.013835 0.023413 0.013835 -7.500000 -26.100000 73.500000
-0.009277 -0.021729 -0.982178 -0.015963 0.020220 0.020220 -7.500000 -24.900000 72.300003
-0.012939 -0.015869 -0.980713 -0.012771 0.023413 0.017028 -7.200000 -25.799999 72.599998
-0.013428 -0.015381 -0.974854 -0.012771 0.023413 0.017028 -7.800000 -25.200001 72.000000
-0.012939 -0.020264 -0.981934 -0.017028 0.022349 0.018092 -8.700000 -25.500000 71.099998
-0.007568 -0.018799 -0.984131 -0.013835 0.022349 0.018092 -6.600000 -25.200001 72.000000
-0.010498 -0.020264 -0.965088 -0.015963 0.022349 0.018092 -8.400000 -25.799999 74.400002
-0.011719 -0.016113 -0.977783 -0.013835 0.024477 0.021284 -9.000000 -26.400000 72.599998
-0.011719 -0.018555 -0.974365 -0.012771 0.025541 0.020220 -7.500000 -26.100000 73.500000
-0.011475 -0.020020 -0.985352 -0.013835 0.023413 0.020220 -7.200000 -26.400000 72.000000
-0.007568 -0.022461 -0.974365 -0.014899 0.024477 0.019156 -5.400000 -24.000000 72.599998
-0.010986 -0.024658 -0.979736 -0.015963 0.022349 0.021284 -8.700000 -24.299999 70.500000
-0.012451 -0.024658 -0.974365 -0.014899 0.022349 0.018092 -5.100000 -26.700001 74.099998
-0.012451 -0.016846 -0.981689 -0.012771 0.021284 0.022349 -8.100000 -26.100000 71.699997
-0.018311 -0.015381 -0.982666 -0.015963 0.025541 0.019156 -7.200000 -25.200001 71.400002
-0.010742 -0.013916 -0.981445 -0.013835 0.024477 0.020220 -6.900000 -26.100000 72.300003
-0.014648 -0.024170 -0.975830 -0.011706 0.023413 0.020220 -8.400000 -25.799999 74.400002
-0.007812 -0.023193 -0.977051 -0.013835 0.024477 0.017028 -7.500000 -26.100000 72.300003
-0.007568 -0.020996 -0.972168 -0.012771 0.022349 0.019156 -5.400000 -24.600000 71.400002
-0.010986 -0.014404 -0.979980 -0.014899 0.023413 0.022349 -8.100000 -26.100000 72.300003
-0.011963 -0.016846 -0.980225 -0.015963 0.023413 0.022349 -6.900000 -26.700001 74.099998
-0.008789 -0.025391 -0.978271 -0.015963 0.024477 0.018092 -7.800000 -26.400000 72.599998
-0.004150 -0.021484 -0.980713 -0.014899 0.023413 0.018092 -8.100000 -25.500000 71.099998
-0.008545 -0.016113 -0.983154 -0.012771 0.023413 0.020220 -6.600000 -25.799999 72.000000
