0.000000 0.000000 30859544256044859392.000000 -0.013835 0.021284 0.018092 30.900000 42.900002 51.900002
-0.014160 -1.006104 0.069092 -0.014899 0.021284 0.015963 31.500000 41.099998 50.099998
-0.009033 -1.006348 0.062988 -0.013835 0.018092 0.017028 32.400002 41.400002 52.200001
-0.015625 -1.007324 0.067871 -0.012771 0.024477 0.018092 31.799999 40.200001 50.400002
-0.007568 -1.008057 0.058105 -0.012771 0.021284 0.019156 32.400002 40.799999 51.000000
-0.013672 -1.009766 0.064209 -0.011706 0.023413 0.018092 31.500000 41.099998 50.099998
-0.016357 -1.007324 0.063965 -0.015963 0.019156 0.019156 33.000000 41.400002 50.400002
-0.012451 -1.011230 0.065674 -0.013835 0.022349 0.019156 32.400002 40.200001 50.400002
-0.011230 -1.008545 0.064697 -0.015963 0.022349 0.019156 31.500000 39.299999 51.299999
-0.015625 -1.008301 0.065674 -0.014899 0.021284 0.015963 32.099998 40.500000 51.299999
-0.013428 -1.005127 0.064941 -0.011706 0.022349 0.017028 33.000000 40.200001 50.400002
-0.003906 -1.011230 0.070801 -0.013835 0.019156 0.017028 32.700001 39.900002 49.500000
-0.012451 -1.005371 0.068115 -0.010642 0.022349 0.014899 30.600000 39.599998 51.599998
-0.010742 -1.007324 0.062744 -0.014899 0.021284 0.022349 31.500000 39.900002 50.099998
-0.010254 -1.010742 0.067871 -0.011706 0.020220 0.014899 31.200001 40.200001 53.400002
-0.017090 -0.999268 0.056152 -0.015963 0.023413 0.019156 31.799999 40.799999 51.000000
-0.015869 -1.008545 0.072998 -0.012771 0.022349 0.017028 33.299999 41.700001 52.500000
-0.013916 -1.013428 0.070801 -0.015963 0.022349 0.015963 30.600000 42.599998 51.000000
-0.011475 -1.004395 0.065430 -0.009578 0.022349 0.015963 33.900002 41.099998 50.099998
-0.013672 -1.010010 0.065186 -0.013835 0.022349 0.020220 31.799999 40.799999 50.400002
-0.009277 -1.008545 0.061768 -0.013835 0.021284 0.015963 31.500000 39.900002 49.500000
-0.008057 -1.011719 0.058105 -0.011706 0.022349 0.015963 33.000000 40.200001 51.599998
-0.014648 -1.010010 0.066650 -0.011706 0.021284 0.017028 32.099998 40.500000 51.299999
-0.008057 -1.005371 0.062988 -0.010642 0.022349 0.017028 31.799999 40.799999 51.000000
-0.008301 -1.009277 0.071289 -0.014899 0.019156 0.018092 31.500000 40.500000 51.299999
-0.012451 -1.004395 0.059570 -0.013835 0.021284 0.018092 32.700001 39.900002 51.299999
-0.008789 -1.009033 0.062988 -0.014899 0.021284 0.020220 33.000000 40.799999 50.400002
-0.015869 -1.003662 0.076416 -0.015963 0.021284 0.017028 33.299999 41.700001 52.500000
-0.017822 -1.010742 0.065918 -0.015963 0.024477 0.015963 32.700001 41.099998 50.700001
-0.016113 -1.012207 0.065918 -0.017028 0.021284 0.018092 32.099998 42.299999 50.700001
-0.007324 -1.003662 0.063232 -0.013835 0.019156 0.019156 32.400002 41.400002 52.799999
-0.003906 -1.005371 0.062012 -0.008514 0.020220 0.019156 31.799999 40.799999 52.799999
-0.013672 -1.006348 0.066162 -0.012771 0.023413 0.015963 30.900000 42.299999 51.900002
-0.010010 -1.009033 0.064453 -0.013835 0.024477 0.017028 34.200001 40.799999 50.400002
-0.014648 -1.016357 0.066650 -0.010642 0.022349 0.022349 33.299999 40.500000 51.900002
0.069580 -1.061523 0.042969 0.000000 -0.018092 0.061725 32.400002 40.799999 49.799999
0.024658 -1.029297 0.025391 -0.025541 -0.219230 0.028734 33.900002 39.900002 50.099998
-0.056885 -0.986816 0.106445 -0.011706 -0.096844 0.020220 32.700001 40.500000 50.099998
-0.078369 -1.012451 0.091553 -0.011706 0.047890 0.005321 33.599998 39.599998 51.599998
-0.028076 -0.998047 0.088623 -0.013835 0.017028 -0.004257 30.900000 41.700001 48.900002
-0.011963 -0.979004 0.058838 -0.018092 0.029798 0.024477 33.900002 40.500000 51.299999
-0.004150 -1.001953 0.053467 -0.014899 0.015963 0.021284 32.400002 41.400002 49.799999
-0.006348 -1.006348 0.068359 -0.015963 0.058532 0.006385 33.599998 42.000000 52.200001
0.024658 -0.985352 0.034180 -0.014899 -0.044697 0.018092 33.900002 42.299999 50.099998
-0.009277 -1.002686 0.058105 -0.007450 -0.074496 0.024477 31.799999 39.599998 49.200001
-0.016113 -1.045898 0.067627 -0.030863 -0.034055 0.022349 32.700001 39.900002 51.900002
-0.039551 -0.958496 0.040283 -0.009578 -0.065982 0.027670 33.000000 41.400002 52.200001
-0.029541 -1.037598 0.081299 -0.023413 0.005321 0.019156 32.700001 40.500000 49.500000
-0.024170 -0.973633 0.066895 -0.013835 0.028734 0.018092 32.700001 41.700001 49.500000
-0.014160 -1.004883 0.087646 -0.013835 0.023413 0.014899 31.799999 41.400002 51.000000
0.032715 -1.016357 0.113770 -0.002128 0.118129 0.022349 33.599998 40.799999 50.400002
-0.000977 -1.018799 0.041992 0.009578 0.094716 0.030863 32.700001 41.700001 48.900002
-0.006104 -1.018311 0.064209 0.006385 0.076624 0.035119 33.299999 40.500000 51.299999
-0.005859 -0.996094 0.080811 -0.031927 0.077688 0.006385 33.000000 40.799999 51.000000
-0.000488 -1.009033 0.044189 -0.001064 0.051083 0.024477 33.000000 42.000000 50.400002
0.029297 -1.012207 0.098389 0.004257 0.077688 0.022349 31.500000 39.900002 50.099998
-0.005615 -1.007568 0.039795 0.014899 0.075560 0.026606 33.000000 41.400002 49.799999
-0.024902 -1.048828 0.067383 -0.021284 0.078753 0.018092 33.599998 41.400002 51.599998
0.014648 -0.992188 0.071045 0.001064 0.056404 0.031927 33.900002 39.900002 50.099998
-0.002197 -1.003418 0.104248 -0.006385 0.070239 0.017028 35.099998 39.900002 50.099998
-0.018799 -0.996094 0.080811 -0.025541 0.075560 0.021284 33.299999 39.299999 50.700001
-0.006836 -0.977051 0.053711 -0.006385 0.073431 0.026606 33.000000 40.799999 49.799999
0.021729 -1.020996 0.083252 0.001064 0.040441 0.007450 33.299999 41.700001 51.900002
0.008545 -0.989258 0.076172 -0.007450 0.061725 0.025541 32.099998 41.700001 50.099998
0.006348 -0.988281 0.059082 -0.007450 0.031927 0.017028 32.700001 40.500000 51.299999
-0.007568 -1.003174 0.073486 -0.019156 -0.003193 0.009578 30.900000 42.299999 52.500000
-0.013184 -1.019775 0.069092 -0.019156 0.017028 0.017028 32.400002 40.799999 49.200001
-0.016113 -0.993652 0.067627 -0.050019 0.007450 0.013835 33.900002 40.500000 50.099998
0.005371 -1.017090 0.080811 -0.015963 -0.003193 0.011706 32.400002 40.200001 52.200001
-0.028076 -1.000000 0.035889 0.010642 0.022349 0.015963 33.299999 41.099998 51.900002
-0.007080 -1.020752 0.081299 -0.026606 0.027670 0.005321 31.799999 40.799999 51.000000
-0.017090 -1.011963 0.054688 -0.006385 0.040441 0.015963 33.599998 40.799999 52.200001
-0.037598 -1.021484 0.053955 -0.023413 0.039376 0.009578 32.400002 39.599998 52.799999
-0.021729 -1.001709 0.065918 -0.017028 0.012771 0.027670 33.599998 41.400002 50.400002
-0.012207 -1.022461 0.078369 -0.022349 0.015963 -0.002128 31.799999 40.200001 49.200001
-0.011963 -1.004883 0.072998 -0.029798 0.036184 0.017028 33.299999 43.500000 51.299999
0.026855 -0.979004 0.087891 -0.011706 0.036184 0.018092 32.400002 40.799999 48.599998
0.012695 -1.041992 0.060547 -0.001064 0.017028 0.020220 32.400002 43.200001 50.400002
-0.007568 -0.957764 0.046143 -0.027670 0.006385 0.019156 32.700001 41.099998 51.900002
-0.006104 -1.030518 0.062988 0.013835 0.036184 0.008514 31.200001 40.200001 52.799999
-0.024414 -0.979736 0.038818 -0.004257 0.022349 0.018092 32.700001 40.500000 52.500000
-0.034424 -1.012451 0.071045 -0.003193 0.022349 0.017028 32.400002 40.799999 51.000000
-0.008789 -0.996094 0.068604 -0.012771 0.043633 0.026606 33.900002 41.700001 51.900002
-0.030029 -0.993652 0.032471 -0.068110 0.013835 -0.007450 33.000000 40.799999 52.200001
0.016357 -1.020264 0.067139 -0.024477 0.013835 0.018092 32.700001 39.900002 51.299999
-0.014160 -0.967285 0.045166 -0.014899 0.003193 0.029798 33.299999 42.299999 53.099998
-0.021240 -1.038818 0.074219 -0.007450 -0.001064 0.019156 33.299999 41.099998 50.700001
-0.012207 -1.004883 0.077148 -0.013835 0.020220 0.036184 33.000000 40.200001 51.599998
-0.038818 -1.050781 0.005127 0.018092 -0.034055 0.006385 33.599998 42.000000 51.599998
-0.009277 -0.995117 0.082764 0.000000 0.021284 0.031927 33.599998 41.400002 52.799999
-0.055908 -1.008301 0.048584 -0.012771 0.013835 0.028734 33.900002 41.099998 50.700001
0.014160 -1.006836 0.106445 -0.018092 0.022349 0.026606 32.700001 41.099998 51.299999
0.006836 -0.998047 0.094727 -0.012771 0.032991 0.027670 33.599998 42.599998 51.599998
0.006836 -0.976318 0.080322 -0.036184 0.029798 0.003193 34.500000 41.700001 50.700001
-0.023682 -1.044189 0.068359 -0.004257 0.011706 -0.004257 33.299999 41.099998 51.900002
-0.010742 -1.037354 0.030762 -0.015963 0.005321 0.030863 34.200001 41.400002 50.400002
-0.015137 -1.012451 0.079102 -0.027670 0.026606 0.009578 33.900002 40.500000 51.299999
0.011719 -0.967773 0.076904 -0.036184 0.019156 0.029798 32.700001 42.299999 52.500000
-0.003906 -0.981934 0.067139 -0.026606 0.046826 0.013835 33.599998 41.400002 50.400002
-0.009033 -1.025635 0.055176 -0.020220 0.012771 0.011706 34.200001 41.400002 51.599998
-0.032715 -1.026855 0.062744 -0.023413 0.018092 0.029798 33.299999 42.299999 51.299999
0.009277 -0.963623 0.083740 -0.023413 0.026606 0.050019 33.900002 41.700001 51.900002
-0.014648 -0.930908 0.046875 -0.027670 0.030863 -0.004257 33.599998 42.000000 51.599998
-0.017090 -1.054932 0.057129 0.018092 0.018092 0.011706 33.599998 40.799999 51.000000
-0.016357 -1.019775 0.058594 -0.017028 0.029798 0.040441 34.200001 41.400002 50.400002
0.000732 -0.948486 0.059326 -0.026606 0.020220 0.044697 33.299999 41.099998 51.299999
-0.001221 -0.957520 0.085693 -0.015963 0.030863 0.026606 33.599998 41.400002 51.599998
-0.001221 -1.032471 0.080566 -0.006385 0.022349 -0.002128 34.500000 42.900002 51.900002
-0.022217 -1.013672 0.059814 -0.024477 0.018092 0.024477 33.900002 41.099998 50.700001
-0.021484 -0.989014 0.079102 -0.019156 0.031927 0.010642 33.599998 41.400002 51.599998
-0.010010 -1.015137 0.072754 -0.021284 0.027670 0.017028 33.299999 40.500000 51.299999
-0.013672 -1.020996 0.072266 -0.022349 0.010642 0.011706 32.400002 42.000000 51.000000
-0.008301 -1.014893 0.096680 -0.025541 0.026606 0.009578 34.799999 41.400002 50.400002
-0.014404 -0.997559 0.078613 -0.030863 0.035119 0.022349 33.000000 42.000000 52.200001
0.009766 -0.961670 0.063477 -0.020220 0.013835 0.031927 33.299999 41.700001 51.900002
-0.015137 -0.993408 0.061523 -0.022349 0.019156 0.013835 33.599998 40.200001 51.599998
-0.003174 -1.027832 0.071045 -0.012771 0.007450 0.002128 33.299999 41.700001 51.900002
-0.000977 -0.982910 0.072021 -0.056404 0.011706 0.014899 35.400002 40.799999 53.400002
-0.031982 -1.008545 0.050049 -0.023413 -0.009578 0.020220 33.599998 42.000000 51.599998
-0.017090 -1.021973 0.085449 -0.020220 -0.005321 0.015963 34.500000 42.299999 50.099998
-0.036377 -1.018555 0.061523 -0.023413 0.007450 0.019156 33.900002 42.299999 52.500000
-0.009277 -0.993896 0.074707 -0.017028 0.011706 0.022349 34.799999 41.400002 50.400002
-0.002930 -1.007080 0.079834 -0.022349 -0.001064 0.007450 33.000000 42.000000 49.799999
-0.020508 -1.013184 0.064697 -0.009578 -0.002128 0.018092 34.200001 40.200001 49.799999
-0.030518 -1.010254 0.071045 -0.014899 0.013835 0.021284 33.000000 42.599998 52.200001
-0.018311 -1.008545 0.066895 -0.018092 0.020220 0.020220 34.799999 40.799999 53.400002
-0.010010 -1.007812 0.067383 -0.014899 0.019156 0.020220 34.200001 40.799999 52.799999
-0.010742 -1.009033 0.062256 -0.010642 0.023413 0.019156 34.200001 42.000000 52.799999
-0.008789 -1.012939 0.067871 -0.012771 0.015963 0.020220 34.799999 41.400002 51.599998
-0.011963 -1.019287 0.058838 -0.014899 0.026606 0.014899 34.200001 40.799999 51.599998
-0.004639 -1.009521 0.072021 -0.014899 0.020220 0.015963 33.299999 41.700001 52.500000
-0.012451 -1.008545 0.061035 -0.017028 0.022349 0.018092 33.900002 41.700001 52.500000
-0.012207 -1.004395 0.062256 -0.013835 0.020220 0.021284 34.799999 42.599998 51.000000
-0.010742 -1.004883 0.057129 -0.014899 0.022349 0.019156 34.500000 41.700001 52.500000
-0.008301 -1.000244 0.066895 -0.013835 0.022349 0.015963 33.599998 40.799999 51.000000
-0.005127 -1.005127 0.060059 -0.012771 0.020220 0.020220 32.700001 42.299999 52.500000
-0.009033 -1.008545 0.063232 -0.013835 0.022349 0.018092 33.900002 42.900002 51.900002
-0.007568 -1.010010 0.058350 -0.012771 0.021284 0.017028 34.799999 40.799999 51.000000
-0.004883 -1.009521 0.060059 -0.015963 0.023413 0.017028 33.599998 42.599998 51.599998
-0.010742 -1.008301 0.069824 -0.009578 0.022349 0.018092 33.599998 42.599998 51.599998
-0.011230 -1.008057 0.069580 -0.013835 0.020220 0.017028 33.000000 40.799999 50.400002
-0.013428 -1.012939 0.063965 -0.013835 0.020220 0.018092 32.700001 41.099998 51.299999
-0.010986 -1.009033 0.068848 -0.014899 0.023413 0.018092 33.900002 41.099998 50.700001
-0.012207 -1.008545 0.061279 -0.015963 0.021284 0.019156 34.200001 42.000000 51.599998
-0.011230 -1.005371 0.065186 -0.012771 0.022349 0.019156 33.900002 41.099998 52.500000
-0.012207 -1.009521 0.062256 -0.012771 0.022349 0.015963 35.400002 41.400002 51.599998
-0.003418 -1.011230 0.056885 -0.015963 0.021284 0.018092 34.500000 41.700001 52.500000
-0.008057 -1.006836 0.070312 -0.014899 0.021284 0.020220 33.599998 42.000000 52.200001
-0.013428 -1.011719 0.052979 -0.012771 0.022349 0.015963 33.299999 41.700001 51.299999
-0.010986 -1.007080 0.055420 -0.013835 0.020220 0.019156 33.900002 41.700001 52.500000
-0.012207 -1.009033 0.074707 -0.011706 0.021284 0.015963 33.000000 40.200001 51.599998
-0.006592 -1.004395 0.065186 -0.010642 0.024477 0.018092 34.200001 41.400002 52.799999
-0.006836 -1.007568 0.063477 -0.013835 0.022349 0.015963 34.200001 42.000000 52.200001
-0.009766 -1.006836 0.070068 -0.015963 0.023413 0.015963 35.099998 41.700001 51.299999
-0.014404 -1.012451 0.058105 -0.012771 0.019156 0.015963 34.500000 42.299999 51.900002
-0.008057 -1.006592 0.070312 -0.013835 0.023413 0.020220 33.000000 41.400002 52.799999
-0.010742 -1.001953 0.060059 -0.011706 0.019156 0.020220 35.099998 42.299999 51.900002
-0.007324 -1.006836 0.058105 -0.013835 0.025541 0.015963 33.000000 41.400002 51.599998
-0.009033 -1.001953 0.066895 -0.014899 0.021284 0.019156 32.400002 41.400002 51.000000
-0.008057 -0.999512 0.063477 -0.013835 0.019156 0.021284 32.099998 42.299999 51.299999
-0.006592 -1.003418 0.065918 -0.017028 0.020220 0.020220 32.099998 41.700001 51.299999
-0.003418 -1.007080 0.061035 -0.011706 0.023413 0.019156 34.200001 41.400002 50.400002
-0.008301 -1.008789 0.055664 -0.014899 0.021284 0.014899 34.500000 41.700001 52.500000
-0.013672 -1.005127 0.068604 -0.012771 0.023413 0.018092 34.500000 41.700001 52.500000
-0.010010 -1.009277 0.066406 -0.011706 0.018092 0.020220 33.599998 41.400002 52.799999
-0.006348 -1.005615 0.068359 -0.009578 0.018092 0.020220 34.799999 41.400002 51.000000
-0.011963 -1.009766 0.069580 -0.012771 0.021284 0.020220 33.599998 42.000000 51.599998
-0.008545 -1.002930 0.071289 -0.015963 0.023413 0.020220 33.299999 41.099998 51.900002
-0.005371 -1.009277 0.054443 -0.013835 0.021284 0.018092 32.700001 41.099998 51.900002
-0.011230 -1.012451 0.062012 -0.015963 0.023413 0.019156 34.500000 41.700001 51.299999
-0.013428 -1.006348 0.069580 -0.012771 0.021284 0.015963 33.299999 41.099998 51.900002
-0.009766 -1.012451 0.063965 -0.013835 0.022349 0.018092 34.799999 42.000000 51.599998
-0.007324 -1.011719 0.070557 -0.012771 0.021284 0.019156 33.599998 40.200001 51.000000
-0.011230 -1.012207 0.066650 -0.014899 0.021284 0.018092 33.900002 42.299999 51.900002
-0.005615 -1.002930 0.065674 -0.015963 0.021284 0.015963 33.599998 42.000000 52.200001
-0.013184 -1.009033 0.061035 -0.012771 0.021284 0.017028 33.599998 40.200001 51.000000
-0.007080 -1.010010 0.068604 -0.014899 0.022349 0.017028 34.200001 42.000000 51.000000
-0.009521 -1.011963 0.057129 -0.013835 0.020220 0.021284 33.900002 42.900002 50.700001
-0.007812 -1.010254 0.067871 -0.013835 0.021284 0.019156 34.799999 41.400002 51.599998
-0.003174 -1.012207 0.067627 -0.015963 0.020220 0.018092 32.400002 40.200001 52.200001
-0.007080 -1.010254 0.064941 -0.014899 0.022349 0.018092 34.200001 41.400002 52.200001
-0.011230 -1.016602 0.055420 -0.009578 0.022349 0.020220 36.299999 42.299999 52.500000
-0.012451 -1.003906 0.067871 -0.011706 0.022349 0.018092 33.299999 41.099998 50.700001
-0.010254 -1.006348 0.069580 -0.015963 0.022349 0.017028 33.299999 42.299999 52.500000
-0.016357 -1.010986 0.061035 -0.012771 0.023413 0.018092 33.000000 42.000000 51.599998
-0.008789 -1.014404 0.069580 -0.013835 0.020220 0.019156 33.599998 41.400002 51.599998
-0.006592 -1.013184 0.060059 -0.010642 0.021284 0.019156 34.200001 41.400002 51.599998
0.000488 -1.011719 0.064453 -0.014899 0.019156 0.020220 35.099998 40.500000 51.900002
-0.003906 -1.014160 0.070801 -0.013835 0.021284 0.020220 33.900002 41.099998 50.700001
-0.012207 -1.006104 0.073242 -0.014899 0.022349 0.017028 36.000000 41.400002 51.599998
-0.015137 -1.006104 0.061523 -0.013835 0.020220 0.018092 34.200001 42.000000 52.799999
-0.007568 -1.006592 0.069336 -0.009578 0.020220 0.015963 34.200001 41.400002 49.799999
-0.009521 -1.012207 0.073242 -0.018092 0.020220 0.020220 32.700001 41.700001 51.299999
-0.011475 -1.009521 0.056885 -0.012771 0.020220 0.017028 34.200001 40.799999 52.200001
-0.010010 -1.008545 0.062012 -0.014899 0.022349 0.019156 34.500000 39.299999 51.900002
-0.015869 -1.006592 0.065918 -0.013835 0.020220 0.020220 34.500000 41.700001 53.700001
-0.014648 -1.005127 0.064941 -0.013835 0.020220 0.020220 34.500000 41.099998 51.900002
-0.008301 -1.006348 0.054688 -0.012771 0.020220 0.018092 33.000000 41.400002 51.599998
-0.010742 -1.008789 0.067871 -0.015963 0.021284 0.015963 33.900002 40.500000 51.299999
-0.009277 -1.015625 0.062988 -0.013835 0.019156 0.019156 33.299999 41.099998 50.099998
-0.012939 -1.011963 0.063232 -0.013835 0.020220 0.018092 33.299999 41.700001 51.299999
-0.010010 -1.003906 0.066162 -0.010642 0.021284 0.015963 32.700001 41.099998 53.700001
-0.015137 -1.008545 0.066162 -0.015963 0.021284 0.019156 33.599998 41.400002 51.599998
-0.008545 -1.007080 0.066650 -0.010642 0.022349 0.017028 32.400002 42.000000 53.400002
-0.008301 -1.000977 0.075195 -0.015963 0.020220 0.017028 34.500000 41.700001 52.500000
-0.005859 -1.006836 0.062744 -0.013835 0.024477 0.018092 33.599998 40.200001 51.599998
-0.010498 -1.007568 0.065430 -0.012771 0.019156 0.014899 33.599998 41.400002 51.000000
-0.007568 -1.004639 0.064209 -0.013835 0.018092 0.017028 33.299999 42.900002 52.500000
-0.003662 -1.005615 0.069824 -0.014899 0.022349 0.019156 33.000000 42.000000 51.000000
-0.009766 -1.011719 0.060791 -0.014899 0.019156 0.018092 34.200001 41.400002 52.799999
-0.008545 -1.007568 0.062012 -0.014899 0.020220 0.017028 34.200001 41.400002 51.599998
-0.013428 -1.004150 0.064941 -0.017028 0.022349 0.015963 34.500000 41.099998 52.500000
-0.008789 -1.014160 0.065918 -0.012771 0.022349 0.020220 34.200001 40.799999 51.000000
-0.001221 -1.009766 0.072510 -0.012771 0.023413 0.017028 34.500000 40.500000 50.700001
-0.009277 -1.012451 0.066650 -0.013835 0.023413 0.020220 34.200001 40.200001 52.200001
-0.010986 -1.007080 0.065674 -0.010642 0.022349 0.019156 33.900002 41.099998 49.500000
-0.017334 -1.014648 0.065186 -0.013835 0.021284 0.017028 34.500000 40.500000 52.500000
-0.014893 -1.008057 0.064697 -0.014899 0.020220 0.019156 33.599998 42.000000 53.400002
-0.010986 -1.003662 0.070557 -0.014899 0.021284 0.019156 33.900002 41.700001 52.500000
-0.011719 -1.010010 0.056885 -0.014899 0.020220 0.017028 35.099998 41.099998 51.900002
-0.015137 -1.014404 0.070801 -0.014899 0.021284 0.018092 35.099998 40.500000 51.299999
-0.006836 -1.007324 0.067383 -0.015963 0.020220 0.018092 34.799999 41.400002 51.000000
-0.016602 -1.014648 0.069824 -0.013835 0.020220 0.015963 34.500000 41.099998 50.700001
-0.006104 -1.008057 0.071289 -0.013835 0.022349 0.014899 33.000000 42.000000 51.000000
-0.013672 -1.013184 0.061279 -0.012771 0.024477 0.015963 34.799999 43.200001 51.599998
-0.008057 -1.011475 0.069824 -0.009578 0.020220 0.013835 33.900002 42.900002 50.700001
-0.004150 -1.008301 0.060303 -0.017028 0.021284 0.017028 33.599998 42.599998 52.799999
-0.011230 -1.013672 0.063477 -0.010642 0.021284 0.017028 36.000000 41.400002 51.599998
-0.006348 -1.012939 0.060791 -0.012771 0.020220 0.015963 33.599998 40.799999 52.200001
-0.011719 -1.009521 0.067383 -0.012771 0.021284 0.018092 32.700001 41.700001 52.500000
-0.007324 -1.011719 0.070312 -0.014899 0.019156 0.018092 33.599998 40.200001 52.200001
-0.015869 -1.011230 0.066895 -0.013835 0.022349 0.018092 33.900002 41.700001 51.900002
-0.012207 -0.998535 0.063477 -0.014899 0.022349 0.018092 34.500000 43.500000 51.900002
-0.009521 -1.004883 0.060059 -0.014899 0.022349 0.018092 33.599998 42.000000 50.400002
-0.006592 -1.009766 0.062256 -0.014899 0.023413 0.018092 33.000000 41.400002 51.599998
-0.008301 -1.009521 0.068359 -0.014899 0.019156 0.018092 32.700001 41.099998 50.700001
-0.011475 -1.006348 0.070068 -0.019156 0.020220 0.018092 34.500000 42.299999 51.299999
-0.009033 -1.005127 0.069824 -0.013835 0.020220 0.018092 34.500000 42.299999 52.500000
-0.010254 -1.007324 0.061523 -0.014899 0.021284 0.018092 34.200001 42.000000 52.799999
-0.008301 -1.009033 0.069092 -0.014899 0.025541 0.017028 33.599998 42.599998 51.000000
-0.007812 -1.008789 0.061035 -0.013835 0.020220 0.014899 33.299999 39.900002 50.700001
-0.013184 -1.008301 0.061279 -0.012771 0.023413 0.015963 33.000000 42.599998 51.599998
-0.010010 -1.007324 0.067383 -0.014899 0.021284 0.018092 34.200001 40.799999 50.400002
-0.005371 -1.009521 0.060547 -0.013835 0.023413 0.018092 33.599998 42.599998 51.599998
-0.006836 -1.008057 0.069824 -0.012771 0.022349 0.017028 33.299999 41.099998 51.299999
-0.006592 -1.008545 0.063721 -0.011706 0.023413 0.015963 33.900002 41.700001 51.299999
-0.005859 -1.010010 0.061768 -0.012771 0.022349 0.017028 33.900002 42.900002 50.700001
-0.014404 -1.007324 0.067871 -0.015963 0.023413 0.015963 34.500000 42.900002 53.099998
-0.017334 -1.010010 0.068604 -0.015963 0.019156 0.017028 33.299999 41.099998 51.299999
-0.008301 -1.009277 0.074707 -0.015963 0.020220 0.020220 34.200001 41.400002 52.799999
-0.011475 -1.012451 0.069336 -0.007450 0.021284 0.015963 34.799999 42.599998 51.000000
-0.012451 -1.018066 0.059814 -0.015963 0.024477 0.018092 34.200001 42.599998 50.400002
-0.013184 -1.009766 0.068359 -0.015963 0.023413 0.022349 33.299999 41.099998 51.900002
-0.008057 -1.002197 0.060303 -0.012771 0.020220 0.022349 33.299999 41.700001 50.700001
-0.012939 -1.008545 0.066650 -0.015963 0.019156 0.017028 33.599998 42.000000 51.000000
-0.004150 -1.006104 0.064453 -0.013835 0.019156 0.017028 33.900002 41.099998 52.500000
-0.008545 -1.015625 0.072266 -0.014899 0.022349 0.018092 33.299999 42.299999 51.299999
-0.010986 -1.002930 0.062500 -0.014899 0.021284 0.019156 31.799999 40.200001 52.799999
-0.009521 -1.012451 0.063965 -0.014899 0.024477 0.019156 35.099998 42.900002 50.700001
-0.010986 -1.008057 0.059082 -0.013835 0.019156 0.019156 33.900002 41.099998 52.500000
-0.013916 -1.009521 0.065430 -0.012771 0.021284 0.020220 36.000000 42.000000 51.000000
-0.015137 -1.003906 0.058350 -0.013835 0.021284 0.018092 33.299999 41.099998 50.700001
-0.012695 -1.008057 0.068848 -0.018092 0.023413 0.019156 34.500000 41.099998 50.099998
-0.005371 -1.009033 0.075439 -0.017028 0.022349 0.018092 33.599998 42.000000 52.799999
-0.009521 -1.007324 0.056396 -0.011706 0.019156 0.020220 34.500000 42.299999 50.700001
-0.016113 -1.007324 0.068359 -0.011706 0.022349 0.019156 33.000000 40.799999 50.400002
-0.005127 -1.006348 0.070312 -0.007450 0.022349 0.012771 32.700001 41.700001 52.500000
-0.002441 -1.015869 0.058350 -0.013835 0.021284 0.015963 36.000000 41.400002 52.200001
-0.009277 -1.015381 0.064941 -0.014899 0.023413 0.015963 32.400002 42.000000 52.799999
-0.008789 -1.008789 0.065430 -0.011706 0.022349 0.014899 32.400002 41.400002 52.200001
-0.012451 -1.017578 0.067383 -0.012771 0.020220 0.018092 34.200001 42.599998 51.599998
-0.014648 -0.998779 0.058105 -0.017028 0.020220 0.020220 34.799999 41.400002 51.599998
-0.007812 -1.002930 0.066650 -0.015963 0.022349 0.017028 33.900002 42.299999 50.700001
-0.008057 -1.008301 0.057129 -0.011706 0.023413 0.020220 34.200001 39.599998 51.599998
-0.011719 -1.003906 0.054932 -0.017028 0.022349 0.017028 33.299999 41.099998 52.500000
-0.005859 -1.003906 0.067871 -0.019156 0.020220 0.018092 35.099998 39.900002 51.299999
-0.002930 -0.999268 0.068359 -0.010642 0.025541 0.019156 33.900002 41.099998 51.900002
-0.005859 -0.997803 0.059326 -0.018092 0.023413 0.020220 33.299999 40.500000 52.500000
-0.005127 -1.003418 0.069824 -0.011706 0.021284 0.013835 36.299999 41.700001 52.500000
-0.016357 -1.011719 0.064941 -0.011706 0.019156 0.018092 34.799999 41.400002 51.599998
-0.011475 -1.016602 0.071289 -0.012771 0.021284 0.020220 33.000000 41.400002 52.200001
-0.006348 -1.003662 0.071045 -0.013835 0.019156 0.019156 34.799999 42.000000 51.000000
-0.013916 -1.002197 0.069580 -0.013835 0.020220 0.020220 33.299999 40.500000 50.099998
-0.012695 -1.003906 0.065430 -0.011706 0.021284 0.015963 35.099998 41.099998 50.700001
-0.009033 -1.013916 0.058594 -0.011706 0.019156 0.018092 33.000000 40.200001 51.599998
-0.013916 -1.015381 0.062500 -0.008514 0.021284 0.015963 34.500000 42.900002 51.900002
-0.009766 -1.004395 0.066650 -0.012771 0.021284 0.020220 32.700001 41.099998 50.700001
-0.005371 -1.006592 0.055908 -0.013835 0.022349 0.013835 33.599998 42.000000 51.599998
-0.010498 -1.012939 0.077393 -0.013835 0.021284 0.021284 33.900002 42.299999 51.900002
-0.011230 -1.005859 0.062500 -0.014899 0.022349 0.015963 33.000000 44.400002 52.799999
-0.013672 -1.004639 0.072266 -0.014899 0.020220 0.018092 34.799999 42.599998 52.799999
-0.012939 -1.004150 0.058105 -0.013835 0.019156 0.019156 33.900002 41.099998 49.500000
-0.009033 -1.009277 0.068115 -0.011706 0.023413 0.015963 35.400002 40.200001 52.200001
-0.003174 -1.008057 0.062012 -0.017028 0.024477 0.018092 33.900002 42.299999 52.500000
-0.009521 -1.005615 0.060791 -0.014899 0.021284 0.014899 34.500000 42.299999 52.500000
-0.010254 -1.004395 0.065674 -0.010642 0.021284 0.019156 33.599998 41.400002 51.599998
-0.000977 -1.010742 0.070801 -0.012771 0.020220 0.014899 33.299999 41.099998 50.700001
-0.003906 -1.006836 0.060791 -0.014899 0.022349 0.020220 34.500000 42.900002 51.900002
-0.011719 -1.009766 0.056396 -0.010642 0.022349 0.017028 34.500000 42.900002 51.900002
-0.011230 -1.006104 0.072510 -0.013835 0.022349 0.019156 33.599998 42.599998 53.400002
