-0.018555 -0.022217 -0.973877 -0.014899 0.020220 0.018092 21.000000 27.000000 82.800003
-0.018555 -0.025146 -0.979736 -0.015963 0.021284 0.017028 18.600000 25.799999 83.400002
-0.020752 -0.019287 -0.971680 -0.006385 0.022349 0.019156 20.700001 26.700001 83.699997
-0.022705 -0.024658 -0.968018 -0.012771 0.020220 0.020220 18.600000 27.000000 82.800003
-0.017822 -0.017334 -0.979736 -0.013835 0.020220 0.015963 21.600000 27.000000 81.599998
-0.016602 -0.021484 -0.979248 -0.012771 0.020220 0.018092 19.200001 26.400000 82.199997
-0.018799 -0.026123 -0.971436 -0.014899 0.021284 0.019156 20.100000 27.900000 82.500000
-0.016357 -0.023193 -0.973877 -0.011706 0.019156 0.018092 20.100000 26.700001 83.099998
-0.023438 -0.021729 -0.979492 -0.014899 0.019156 0.017028 19.200001 25.200001 82.800003
-0.024170 -0.024414 -0.973145 -0.010642 0.021284 0.019156 19.500000 27.299999 83.099998
-0.012695 -0.024902 -0.977539 -0.018092 0.021284 0.020220 18.299999 25.500000 82.500000
-0.012939 -0.017334 -0.970459 -0.015963 0.021284 0.022349 19.500000 24.900000 82.500000
-0.017090 -0.021240 -0.981689 -0.011706 0.019156 0.018092 18.900000 27.299999 81.900002
-0.021240 -0.021729 -0.969482 -0.011706 0.020220 0.019156 18.600000 28.200001 83.400002
-0.022461 -0.024658 -0.976562 -0.015963 0.023413 0.018092 19.799999 28.200001 82.199997
-0.023438 -0.026611 -0.979004 -0.012771 0.018092 0.022349 21.000000 27.000000 84.000000
-0.017822 -0.024658 -0.975342 -0.011706 0.021284 0.018092 20.100000 26.100000 80.099998
-0.017334 -0.017090 -0.977295 -0.013835 0.021284 0.018092 18.900000 25.500000 82.500000
-0.020508 -0.017578 -0.979248 -0.014899 0.019156 0.019156 21.000000 27.000000 82.800003
-0.019043 -0.019287 -0.976074 -0.008514 0.019156 0.020220 21.000000 26.400000 82.199997
-0.018066 -0.020264 -0.977295 -0.011706 0.024477 0.020220 18.600000 26.400000 82.199997
-0.019287 -0.022461 -0.982666 -0.012771 0.021284 0.017028 19.799999 27.000000 84.000000
-0.016357 -0.020996 -0.971924 -0.014899 0.019156 0.020220 19.200001 26.400000 82.800003
-0.012939 -0.022949 -0.967773 -0.018092 0.020220 0.015963 20.700001 27.299999 83.699997
-0.020020 -0.020996 -0.972412 -0.012771 0.021284 0.020220 19.799999 24.600000 82.199997
-0.018555 -0.026611 -0.968750 -0.012771 0.020220 0.019156 19.799999 27.600000 81.599998
-0.016113 -0.021729 -0.979980 -0.017028 0.017028 0.019156 19.200001 27.000000 82.199997
-0.017334 -0.020264 -0.972656 -0.010642 0.020220 0.019156 18.299999 25.500000 82.500000
-0.020752 -0.020508 -0.969482 -0.014899 0.020220 0.018092 20.700001 26.100000 81.900002
-0.015869 -0.020752 -0.969727 -0.012771 0.021284 0.019156 19.500000 27.299999 82.500000
-0.022705 -0.018799 -0.982666 -0.012771 0.021284 0.018092 20.100000 27.299999 81.900002
-0.019775 -0.029053 -0.976318 -0.014899 0.019156 0.018092 17.700001 26.700001 82.500000
-0.016357 -0.020996 -0.973633 -0.012771 0.020220 0.022349 20.100000 27.299999 82.500000
-0.015381 -0.023682 -0.970947 -0.015963 0.019156 0.019156 18.900000 26.700001 83.699997
-0.020752 -0.023193 -0.980957 -0.018092 0.017028 0.020220 18.900000 26.700001 82.500000
-0.026855 -0.028564 -0.984375 -0.013835 0.019156 0.019156 16.799999 27.600000 81.599998
-0.018066 -0.023926 -0.984863 -0.011706 0.019156 0.018092 19.500000 25.500000 82.500000
-0.014160 -0.021729 -0.979248 -0.014899 0.023413 0.018092 20.100000 25.500000 82.500000
-0.019531 -0.022949 -0.969238 -0.012771 0.019156 0.017028 21.600000 27.000000 81.000000
-0.011963 -0.025635 -0.972412 -0.011706 0.017028 0.017028 17.700001 26.700001 80.699997
-0.021973 -0.024414 -0.972168 -0.014899 0.022349 0.019156 20.400000 28.200001 81.599998
-0.017578 -0.024902 -0.981689 -0.012771 0.020220 0.017028 18.900000 26.700001 82.500000
-0.015625 -0.022949 -0.975098 -0.012771 0.019156 0.020220 19.200001 27.600000 81.599998
-0.022949 -0.019531 -0.970947 -0.012771 0.020220 0.022349 19.799999 28.200001 82.800003
-0.021729 -0.018311 -0.979492 -0.014899 0.020220 0.018092 20.100000 26.100000 81.900002
-0.019287 -0.022949 -0.972168 -0.013835 0.021284 0.019156 18.299999 25.500000 82.500000
-0.021973 -0.021240 -0.964844 -0.014899 0.022349 0.015963 20.700001 25.500000 83.099998
-0.019531 -0.019043 -0.975586 -0.014899 0.022349 0.015963 20.400000 26.400000 83.400002
-0.019531 -0.021484 -0.977051 -0.011706 0.021284 0.020220 19.500000 26.700001 82.500000
-0.017334 -0.023438 -0.971436 -0.015963 0.020220 0.021284 19.200001 25.799999 82.199997
-0.023438 -0.024414 -0.979492 -0.012771 0.022349 0.017028 19.799999 24.600000 82.199997
-0.022217 -0.017578 -0.981689 -0.013835 0.020220 0.015963 18.600000 27.000000 82.800003
-0.015625 -0.025146 -0.976562 -0.015963 0.023413 0.017028 20.100000 26.100000 81.900002
-0.019043 -0.022949 -0.969971 -0.014899 0.022349 0.018092 20.100000 26.700001 82.500000
-0.020508 -0.021973 -0.974121 -0.013835 0.023413 0.015963 18.000000 26.400000 81.000000
-0.022705 -0.021973 -0.971924 -0.011706 0.019156 0.019156 19.500000 27.299999 82.500000
-0.017578 -0.021729 -0.973877 -0.014899 0.019156 0.020220 19.500000 27.299999 83.699997
-0.021729 -0.028320 -0.977295 -0.015963 0.020220 0.014899 21.299999 26.100000 81.900002
-0.015869 -0.021729 -0.967773 -0.017028 0.018092 0.018092 21.000000 26.400000 84.000000
-0.018311 -0.023193 -0.974854 -0.015963 0.020220 0.021284 19.200001 26.400000 82.199997
-0.021484 -0.022949 -0.983887 -0.012771 0.021284 0.019156 20.700001 26.100000 83.099998
-0.016357 -0.023682 -0.980225 -0.010642 0.021284 0.020220 21.000000 25.799999 82.800003
-0.015381 -0.025635 -0.976074 -0.010642 0.018092 0.019156 19.799999 25.799999 82.199997
-0.012451 -0.023193 -0.969971 -0.012771 0.020220 0.023413 21.000000 27.600000 82.199997
-0.016602 -0.023438 -0.979004 -0.014899 0.018092 0.019156 21.000000 25.799999 83.400002
-0.014893 -0.027832 -0.976807 -0.012771 0.020220 0.018092 19.500000 27.900000 81.300003
-0.016602 -0.025391 -0.981201 -0.015963 0.019156 0.017028 18.600000 27.600000 82.800003
-0.017578 -0.023438 -0.964600 -0.011706 0.020220 0.015963 19.500000 27.299999 81.900002
-0.015381 -0.021484 -0.973633 -0.012771 0.021284 0.023413 20.100000 27.299999 81.900002
-0.017090 -0.021240 -0.975830 -0.012771 0.021284 0.015963 18.900000 27.299999 83.099998
-0.016602 -0.023193 -0.984863 -0.013835 0.020220 0.019156 19.500000 26.100000 83.099998
-0.011719 -0.022705 -0.974121 -0.014899 0.019156 0.019156 19.500000 26.700001 82.500000
-0.019043 -0.024658 -0.971680 -0.014899 0.021284 0.015963 19.200001 26.400000 81.000000
-0.020508 -0.021973 -0.963867 -0.014899 0.017028 0.018092 19.500000 27.299999 83.099998
-0.016846 -0.020264 -0.984131 -0.011706 0.020220 0.020220 18.600000 26.400000 82.199997
-0.017822 -0.028564 -0.974854 -0.014899 0.020220 0.017028 18.000000 27.600000 82.800003
-0.023193 -0.020996 -0.970703 -0.015963 0.019156 0.017028 18.900000 27.900000 82.500000
-0.010742 -0.021484 -0.967529 -0.014899 0.020220 0.017028 20.700001 27.900000 83.099998
-0.014160 -0.023926 -0.976074 -0.012771 0.021284 0.019156 20.100000 26.700001 82.500000
-0.015381 -0.026855 -0.984863 -0.017028 0.019156 0.017028 19.799999 27.000000 82.800003
-0.020752 -0.030762 -0.971924 -0.014899 0.018092 0.017028 19.200001 26.400000 83.400002
-0.025635 -0.026855 -0.976562 -0.012771 0.020220 0.018092 18.600000 26.400000 84.000000
-0.012695 -0.023193 -0.975586 -0.014899 0.021284 0.017028 21.000000 26.400000 81.599998
-0.015137 -0.019287 -0.979248 -0.013835 0.021284 0.017028 19.200001 26.400000 81.000000
-0.021973 -0.016846 -0.974609 -0.009578 0.023413 0.017028 19.799999 26.400000 81.599998
-0.023193 -0.022461 -0.980957 -0.010642 0.021284 0.019156 19.799999 28.200001 83.400002
-0.016602 -0.022217 -0.976807 -0.015963 0.022349 0.017028 19.200001 28.200001 82.800003
-0.049561 -0.205811 -0.982178 -0.026606 0.023413 0.050019 20.400000 27.600000 82.800003
-0.010010 -0.060059 -0.996094 -0.019156 0.017028 -0.006385 20.400000 25.799999 82.800003
-0.014160 -0.024658 -0.983154 -0.019156 0.018092 0.006385 18.299999 26.700001 81.300003
-0.006836 -0.002686 -0.978760 -0.011706 0.014899 -0.015963 20.100000 26.700001 81.900002
-0.022461 -0.022461 -0.968994 -0.008514 0.020220 0.013835 21.000000 27.000000 81.599998
-0.025879 -0.021973 -0.987061 -0.015963 0.022349 0.013835 18.900000 26.700001 83.099998
-0.021484 -0.031006 -0.976807 -0.018092 0.018092 0.020220 19.799999 25.200001 82.199997
-0.018555 -0.024658 -0.967773 -0.014899 0.019156 0.021284 20.100000 25.500000 83.099998
-0.017334 -0.028809 -0.974121 -0.004257 0.018092 0.011706 19.200001 27.000000 82.800003
-0.024414 -0.026611 -0.989258 -0.030863 0.014899 0.003193 19.500000 26.100000 82.500000
-0.016357 -0.023926 -1.014160 -0.022349 0.010642 0.019156 21.900000 27.299999 81.900002
-0.013428 0.003418 -0.986816 -0.006385 0.020220 0.021284 19.500000 26.100000 81.900002
-0.020752 -0.007080 -0.978271 -0.015963 0.025541 0.028734 20.700001 26.700001 83.099998
-0.019531 -0.026123 -0.982910 -0.009578 0.023413 0.056404 19.200001 26.400000 82.800003
-0.010742 -0.016602 -0.956787 -0.017028 0.018092 0.035119 20.100000 28.500000 83.099998
-0.019775 -0.022705 -0.981934 -0.013835 0.023413 0.020220 19.500000 27.900000 81.300003
-0.017334 -0.033203 -0.976318 -0.031927 0.021284 0.024477 18.600000 25.799999 82.800003
-0.026855 -0.045410 -0.966797 -0.017028 0.021284 0.019156 18.600000 25.799999 81.599998
-0.022461 -0.024658 -0.977539 -0.023413 0.019156 0.012771 19.799999 26.400000 81.000000
-0.010742 -0.026367 -0.990479 -0.007450 0.024477 0.008514 19.799999 25.799999 82.800003
-0.026367 -0.018311 -0.972168 -0.023413 0.019156 0.015963 20.700001 27.900000 81.900002
-0.012939 -0.031250 -0.974854 -0.015963 0.023413 0.026606 19.500000 27.299999 82.500000
-0.012695 -0.038574 -0.965576 0.009578 0.021284 0.013835 18.600000 27.600000 81.599998
-0.018066 -0.028320 -0.964600 -0.015963 0.020220 0.007450 19.200001 26.400000 82.199997
-0.015869 -0.033936 -0.958008 -0.013835 0.027670 0.028734 19.500000 26.700001 83.699997
-0.019531 -0.033691 -0.971680 -0.010642 0.021284 0.035119 19.500000 27.299999 82.500000
-0.015625 -0.014404 -0.972168 -0.014899 0.014899 0.004257 18.299999 26.700001 84.300003
-0.006348 -0.025146 -0.968262 -0.012771 0.023413 0.026606 18.900000 27.299999 82.500000
-0.016357 -0.028320 -0.968994 -0.006385 0.026606 0.042569 18.299999 26.100000 82.500000
-0.017822 -0.027344 -0.977051 -0.014899 0.022349 0.023413 18.299999 27.299999 83.099998
-0.028564 -0.015137 -0.973145 -0.009578 0.019156 0.019156 20.400000 25.799999 83.400002
-0.010498 -0.011475 -0.974121 -0.012771 0.019156 0.009578 20.400000 27.600000 82.800003
-0.016357 -0.023193 -0.969238 -0.020220 0.020220 0.012771 18.900000 27.900000 83.099998
-0.023438 -0.018066 -0.979248 -0.018092 0.023413 0.009578 19.200001 26.400000 82.199997
-0.019043 -0.021729 -0.952881 -0.012771 0.017028 0.012771 20.100000 28.500000 81.900002
-0.017578 -0.025146 -0.979004 -0.001064 0.014899 0.043633 19.799999 25.200001 83.400002
-0.019531 -0.027588 -0.972412 -0.012771 0.020220 0.019156 18.900000 27.299999 82.500000
-0.018066 -0.031982 -0.987061 -0.007450 0.022349 0.017028 20.700001 26.100000 82.500000
-0.015137 -0.028320 -0.965820 -0.019156 0.015963 0.036184 19.200001 27.000000 82.800003
-0.017334 -0.017822 -0.984619 -0.006385 0.022349 0.018092 19.500000 26.100000 83.099998
-0.015625 -0.030762 -0.989502 -0.023413 0.018092 0.027670 20.400000 25.799999 82.800003
-0.022461 -0.029541 -0.960938 -0.020220 0.023413 0.031927 19.500000 26.100000 82.500000
-0.019775 -0.034424 -0.952881 -0.014899 0.026606 0.010642 19.799999 26.400000 80.400002
-0.015625 -0.014160 -0.959961 0.005321 0.020220 0.013835 18.600000 26.400000 82.199997
-0.029297 -0.015381 -0.981689 -0.021284 0.026606 0.002128 18.600000 27.000000 82.800003
-0.012939 -0.015625 -0.993896 -0.024477 0.027670 -0.010642 19.799999 25.200001 82.199997
-0.022949 -0.035645 -0.966797 0.008514 0.019156 0.002128 18.299999 24.900000 81.900002
-0.014893 -0.020020 -0.974609 -0.001064 0.019156 0.011706 18.000000 27.000000 81.599998
-0.013428 -0.021729 -0.983643 -0.008514 0.018092 0.009578 19.799999 26.400000 82.800003
-0.015381 -0.012695 -0.985596 -0.005321 0.010642 0.018092 18.299999 28.500000 82.500000
-0.023193 -0.024658 -0.983154 -0.012771 0.022349 0.019156 19.200001 28.200001 81.599998
-0.025635 -0.026611 -0.975098 -0.013835 0.019156 0.006385 19.500000 26.100000 81.900002
-0.016357 -0.011475 -0.983643 -0.012771 0.020220 0.027670 19.500000 26.700001 82.500000
-0.010742 -0.012939 -0.968994 -0.012771 0.017028 0.028734 18.900000 25.500000 81.900002
-0.013672 -0.024658 -0.981201 -0.008514 0.022349 0.036184 18.900000 26.700001 81.900002
-0.017334 -0.033447 -0.966797 -0.012771 0.023413 0.043633 19.799999 25.799999 82.199997
-0.022705 -0.024658 -0.968262 -0.008514 0.026606 0.030863 19.799999 24.000000 81.599998
-0.025635 -0.036621 -0.984863 -0.012771 0.023413 0.024477 19.799999 24.600000 81.000000
-0.021240 -0.028320 -0.985840 -0.005321 0.021284 0.025541 19.500000 26.700001 81.900002
-0.018799 -0.023193 -0.986816 -0.022349 0.018092 0.022349 19.500000 25.500000 80.699997
-0.006836 -0.027832 -0.975342 -0.007450 0.018092 0.001064 19.500000 25.500000 82.500000
-0.002441 -0.016846 -0.973145 -0.011706 0.020220 0.002128 20.700001 25.500000 82.500000
-0.013672 -0.010010 -0.986328 -0.024477 0.017028 0.002128 18.600000 26.400000 83.400002
-0.026611 -0.026123 -0.979004 -0.002128 0.022349 0.000000 20.700001 26.100000 83.699997
-0.027832 -0.025635 -0.969238 -0.024477 0.020220 0.003193 18.900000 25.500000 80.699997
-0.020264 -0.008545 -0.982666 -0.020220 0.021284 0.004257 18.299999 26.100000 83.099998
-0.017334 -0.017822 -0.982910 -0.017028 0.020220 0.000000 19.200001 26.400000 81.000000
-0.033203 -0.012695 -0.992432 -0.009578 0.025541 0.011706 17.700001 26.100000 82.500000
-0.024658 -0.038330 -0.967773 -0.011706 0.023413 0.004257 18.000000 27.000000 82.199997
-0.010254 -0.010498 -0.977539 -0.010642 0.019156 0.020220 16.500000 27.299999 82.500000
-0.019043 -0.002686 -0.973145 -0.025541 0.020220 0.022349 18.000000 25.799999 82.199997
-0.009766 -0.028809 -0.973877 -0.020220 0.018092 0.021284 18.600000 26.400000 82.199997
-0.014404 -0.035400 -0.953613 -0.010642 0.024477 0.010642 20.100000 27.299999 81.900002
-0.016602 -0.027344 -0.975098 -0.015963 0.020220 0.020220 18.299999 26.100000 81.300003
-0.009033 -0.007568 -0.992188 -0.008514 0.018092 0.019156 19.200001 28.200001 82.199997
-0.015381 -0.010742 -0.974609 -0.014899 0.018092 0.001064 20.400000 27.600000 81.599998
-0.025635 -0.031494 -0.959717 -0.006385 0.020220 0.007450 19.200001 25.200001 81.000000
-0.014404 -0.033691 -0.962158 -0.001064 0.022349 0.014899 19.200001 25.200001 82.800003
-0.021240 -0.013672 -0.978271 -0.009578 0.014899 0.005321 19.799999 25.200001 82.199997
-0.026611 -0.010254 -0.973633 -0.017028 0.013835 -0.001064 18.299999 26.700001 81.900002
-0.016846 -0.022705 -0.964600 -0.001064 0.011706 0.005321 18.600000 25.799999 81.599998
-0.010010 -0.033447 -0.974609 -0.014899 0.018092 0.006385 20.100000 27.900000 81.900002
-0.019775 -0.036865 -0.951660 -0.002128 0.015963 0.023413 17.100000 26.100000 81.300003
-0.001709 -0.020020 -0.986084 -0.007450 0.021284 -0.020220 19.200001 25.200001 80.400002
-0.019531 -0.005859 -0.992920 -0.014899 0.024477 0.014899 20.100000 26.100000 83.699997
-0.017334 0.002930 -0.991943 -0.019156 0.017028 0.018092 18.600000 27.000000 82.199997
0.002441 0.005615 -1.007324 -0.018092 0.017028 0.002128 18.900000 24.299999 82.500000
-0.012207 -0.006592 -0.974609 -0.018092 0.021284 0.004257 17.400000 25.200001 82.199997
-0.019531 -0.024414 -0.967041 0.000000 0.026606 0.020220 18.299999 26.100000 81.900002
-0.025146 -0.018066 -0.975098 -0.011706 0.024477 0.001064 18.900000 26.100000 83.099998
-0.005127 -0.039307 -0.962158 -0.014899 0.022349 0.012771 19.799999 25.200001 81.000000
-0.010986 -0.027344 -0.966553 -0.009578 0.025541 0.011706 20.400000 27.000000 83.400002
-0.029297 -0.047363 -0.967529 -0.017028 0.023413 0.018092 19.500000 26.100000 81.300003
-0.021240 -0.033691 -0.974609 -0.008514 0.021284 0.012771 19.200001 26.400000 82.199997
-0.010498 -0.005859 -0.957520 -0.008514 0.014899 0.007450 17.700001 25.500000 82.500000
-0.004639 -0.058350 -0.956787 0.011706 0.021284 0.020220 16.799999 27.000000 81.599998
-0.011963 -0.032715 -0.955811 -0.023413 0.021284 0.008514 18.600000 25.799999 81.599998
-0.023682 -0.032227 -0.980469 -0.004257 0.024477 0.006385 18.299999 26.700001 82.500000
-0.018066 -0.027100 -0.992188 0.006385 0.015963 0.022349 19.799999 25.799999 82.199997
-0.020508 -0.043213 -0.986572 -0.015963 0.025541 0.026606 18.900000 26.700001 83.099998
-0.019531 -0.052002 -0.974609 -0.014899 0.026606 0.027670 18.600000 26.400000 81.599998
-0.022217 -0.013428 -0.984131 -0.020220 0.019156 0.004257 18.600000 26.400000 82.800003
-0.024902 -0.025635 -0.987061 -0.014899 0.021284 0.037248 17.700001 26.700001 83.699997
-0.023926 -0.030518 -0.989014 -0.013835 0.024477 0.031927 18.600000 25.799999 82.199997
-0.012695 -0.020264 -0.962158 -0.017028 0.022349 0.018092 20.400000 25.799999 81.599998
-0.022705 -0.018311 -0.976807 -0.014899 0.014899 0.012771 17.700001 25.500000 81.300003
-0.018799 -0.010742 -0.991943 -0.013835 0.018092 0.024477 18.299999 26.700001 81.900002
-0.017090 -0.033447 -0.983154 -0.006385 0.018092 0.025541 18.299999 26.100000 82.500000
-0.019775 -0.025879 -0.979736 -0.012771 0.020220 0.013835 18.600000 25.799999 82.199997
-0.016846 -0.015869 -0.976562 -0.006385 0.020220 0.019156 18.299999 26.100000 81.300003
-0.014160 -0.022949 -0.978760 -0.013835 0.020220 0.012771 20.400000 25.799999 81.000000
-0.019531 -0.028564 -0.972900 0.001064 0.024477 0.035119 18.900000 24.900000 83.099998
-0.025391 -0.016602 -0.965820 -0.020220 0.022349 0.031927 18.000000 26.400000 82.800003
-0.013916 -0.001221 -0.969238 -0.012771 0.021284 0.031927 18.299999 24.900000 81.900002
-0.017822 -0.014404 -0.969482 -0.019156 0.023413 0.021284 17.700001 25.500000 81.900002
-0.018066 -0.007812 -0.970947 -0.015963 0.022349 0.015963 20.400000 26.400000 81.599998
-0.019287 -0.017578 -0.969971 -0.014899 0.017028 0.019156 19.500000 26.700001 81.900002
-0.013916 -0.020264 -0.978516 -0.017028 0.019156 0.018092 18.299999 26.700001 81.900002
-0.013184 -0.027832 -0.974121 -0.012771 0.022349 0.015963 19.500000 27.299999 80.699997
-0.019531 -0.025879 -0.975586 -0.013835 0.021284 0.014899 18.299999 27.299999 80.699997
-0.018311 -0.024902 -0.972656 -0.012771 0.015963 0.018092 18.000000 27.000000 82.199997
-0.016357 -0.025146 -0.978516 -0.010642 0.021284 0.018092 18.600000 26.400000 81.000000
-0.020264 -0.026367 -0.981445 -0.013835 0.021284 0.018092 16.799999 27.000000 82.800003
-0.016846 -0.025635 -0.979492 -0.011706 0.019156 0.019156 18.900000 27.299999 81.900002
-0.017334 -0.022217 -0.983643 -0.012771 0.020220 0.015963 19.200001 25.799999 81.000000
-0.020020 -0.021729 -0.972656 -0.012771 0.021284 0.019156 18.299999 26.100000 80.099998
-0.018066 -0.029053 -0.974609 -0.014899 0.020220 0.020220 18.600000 25.799999 82.800003
-0.020508 -0.024170 -0.977295 -0.012771 0.020220 0.014899 18.000000 27.000000 79.800003
-0.012695 -0.024658 -0.982666 -0.011706 0.017028 0.017028 18.000000 27.000000 81.000000
-0.016846 -0.021240 -0.968262 -0.012771 0.023413 0.018092 18.900000 24.900000 81.900002
-0.010742 -0.025391 -0.981445 -0.011706 0.021284 0.020220 18.000000 25.799999 81.000000
-0.014160 -0.018311 -0.975830 -0.014899 0.019156 0.019156 19.200001 25.799999 80.400002
-0.019775 -0.019287 -0.980469 -0.014899 0.021284 0.017028 17.400000 27.000000 81.000000
-0.013672 -0.022217 -0.966797 -0.012771 0.018092 0.019156 19.200001 28.200001 81.000000
-0.016602 -0.025879 -0.967773 -0.014899 0.021284 0.020220 18.900000 24.299999 82.500000
-0.023438 -0.018311 -0.986572 -0.012771 0.021284 0.020220 19.799999 25.799999 81.000000
-0.013672 -0.022949 -0.978760 -0.013835 0.022349 0.015963 19.200001 24.600000 82.199997
-0.019043 -0.021973 -0.979492 -0.018092 0.021284 0.019156 18.299999 27.299999 80.699997
-0.020020 -0.019531 -0.977783 -0.012771 0.021284 0.014899 18.299999 25.500000 80.699997
-0.015381 -0.026367 -0.965332 -0.017028 0.021284 0.017028 18.600000 27.000000 81.000000
-0.021240 -0.021973 -0.973633 -0.011706 0.020220 0.019156 17.400000 26.400000 81.599998
-0.018311 -0.020752 -0.979736 -0.013835 0.020220 0.019156 18.000000 27.000000 82.199997
-0.014160 -0.019531 -0.972412 -0.014899 0.020220 0.018092 18.600000 25.799999 82.199997
-0.015381 -0.021973 -0.979492 -0.013835 0.020220 0.019156 18.900000 24.900000 82.500000
-0.013916 -0.020508 -0.978271 -0.015963 0.021284 0.015963 18.600000 27.600000 82.800003
-0.016602 -0.025635 -0.972656 -0.012771 0.020220 0.018092 18.299999 26.700001 81.300003
-0.020752 -0.025635 -0.976074 -0.013835 0.022349 0.017028 18.299999 26.100000 81.900002
-0.013672 -0.020508 -0.970215 -0.014899 0.020220 0.019156 18.299999 26.700001 81.900002
-0.021240 -0.020752 -0.975098 -0.008514 0.021284 0.021284 18.600000 25.799999 84.000000
-0.015869 -0.028564 -0.969482 -0.014899 0.019156 0.018092 18.900000 26.700001 81.900002
-0.017334 -0.023926 -0.972900 -0.010642 0.020220 0.020220 17.700001 25.500000 81.900002
-0.021973 -0.025635 -0.982178 -0.012771 0.020220 0.019156 19.200001 27.600000 81.000000
-0.020752 -0.024414 -0.970459 -0.013835 0.020220 0.019156 18.600000 25.799999 83.400002
-0.013672 -0.022949 -0.974121 -0.014899 0.021284 0.018092 17.700001 24.900000 81.300003
-0.014648 -0.017090 -0.974365 -0.013835 0.020220 0.015963 19.799999 27.000000 81.599998
-0.014404 -0.020996 -0.982178 -0.011706 0.020220 0.020220 18.600000 26.400000 81.599998
-0.018311 -0.024170 -0.973877 -0.009578 0.020220 0.015963 17.700001 26.700001 81.900002
-0.014648 -0.021240 -0.962646 -0.012771 0.020220 0.019156 18.000000 27.000000 81.000000
-0.017334 -0.027100 -0.974609 -0.013835 0.020220 0.017028 19.200001 26.400000 81.000000
-0.019531 -0.023926 -0.983154 -0.014899 0.019156 0.017028 19.500000 26.100000 81.300003
-0.025391 -0.021240 -0.981201 -0.012771 0.021284 0.019156 18.299999 24.900000 82.500000
-0.014160 -0.022217 -0.975830 -0.014899 0.021284 0.019156 19.500000 25.500000 82.500000
-0.017334 -0.021729 -0.971191 -0.013835 0.021284 0.019156 18.000000 26.400000 82.800003
-0.014404 -0.025879 -0.971191 -0.010642 0.018092 0.017028 18.600000 25.799999 81.599998
-0.018066 -0.027100 -0.980225 -0.013835 0.021284 0.017028 18.900000 25.500000 81.900002
-0.016602 -0.026367 -0.980957 -0.014899 0.021284 0.022349 19.500000 26.100000 81.300003
-0.022949 -0.024414 -0.977051 -0.013835 0.019156 0.018092 18.600000 25.799999 82.199997
-0.017578 -0.018066 -0.968994 -0.012771 0.020220 0.018092 18.600000 27.000000 81.000000
-0.012939 -0.026611 -0.971680 -0.012771 0.020220 0.021284 18.299999 26.100000 80.699997
-0.022217 -0.029053 -0.974854 -0.013835 0.019156 0.019156 20.100000 26.100000 81.900002
-0.016602 -0.025146 -0.987305 -0.012771 0.021284 0.020220 18.299999 24.900000 83.099998
-0.020264 -0.024658 -0.989502 -0.017028 0.019156 0.017028 19.799999 27.600000 81.000000
-0.014404 -0.014648 -0.968506 -0.013835 0.022349 0.018092 20.700001 26.700001 80.699997
-0.015625 -0.026123 -0.987549 -0.015963 0.021284 0.020220 19.799999 25.799999 81.599998
-0.014160 -0.017822 -0.974121 -0.011706 0.020220 0.017028 19.200001 26.400000 81.599998
-0.018311 -0.022461 -0.978760 -0.018092 0.021284 0.015963 18.600000 25.200001 81.599998
-0.016357 -0.020264 -0.977051 -0.019156 0.021284 0.014899 20.100000 25.500000 81.300003
-0.015625 -0.024658 -0.988037 -0.013835 0.018092 0.018092 18.299999 26.100000 81.900002
-0.020020 -0.022461 -0.978760 -0.014899 0.020220 0.013835 17.400000 27.000000 82.199997
-0.015137 -0.028320 -0.974121 -0.017028 0.023413 0.019156 17.700001 26.700001 80.699997
-0.022461 -0.023438 -0.982422 -0.014899 0.018092 0.015963 18.600000 27.000000 81.599998
-0.013184 -0.020264 -0.979492 -0.012771 0.019156 0.018092 18.600000 28.200001 82.199997
-0.016602 -0.015137 -0.977051 -0.015963 0.019156 0.015963 21.600000 24.600000 81.000000
-0.012939 -0.025635 -0.975586 -0.017028 0.022349 0.020220 18.299999 27.299999 81.900002
-0.016113 -0.023438 -0.970215 -0.017028 0.021284 0.020220 18.299999 27.299999 81.900002
-0.014160 -0.025146 -0.972168 -0.017028 0.021284 0.019156 18.600000 27.000000 81.599998
-0.020020 -0.022949 -0.968506 -0.012771 0.018092 0.018092 18.900000 25.500000 81.900002
-0.019043 -0.019287 -0.973145 -0.012771 0.021284 0.015963 18.000000 26.400000 81.599998
-0.021484 -0.023926 -0.969238 -0.013835 0.020220 0.018092 18.299999 26.100000 83.699997
-0.019287 -0.021240 -0.975342 -0.011706 0.021284 0.017028 19.500000 26.100000 80.699997
-0.017334 -0.022217 -0.980225 -0.015963 0.022349 0.019156 18.900000 26.100000 81.300003
-0.017822 -0.022217 -0.978760 -0.013835 0.021284 0.019156 18.600000 26.400000 80.400002
-0.017090 -0.023926 -0.978760 -0.014899 0.021284 0.017028 17.700001 26.700001 80.699997
-0.011475 -0.023438 -0.973633 -0.015963 0.020220 0.018092 18.299999 26.100000 80.699997
-0.017334 -0.022217 -0.976562 -0.015963 0.018092 0.018092 19.799999 27.000000 82.199997
-0.013916 -0.020508 -0.970459 -0.013835 0.024477 0.018092 18.000000 27.600000 81.000000
-0.018066 -0.025391 -0.975586 -0.013835 0.021284 0.019156 18.299999 26.100000 81.300003
-0.021729 -0.021973 -0.971924 -0.015963 0.021284 0.018092 18.000000 25.799999 81.599998
-0.012939 -0.027588 -0.981934 -0.011706 0.021284 0.018092 18.299999 27.900000 80.699997
-0.016602 -0.025391 -0.974365 -0.012771 0.022349 0.019156 19.200001 26.400000 80.400002
-0.018799 -0.023438 -0.972412 -0.013835 0.021284 0.019156 19.200001 24.600000 82.800003
-0.016602 -0.026855 -0.979736 -0.011706 0.021284 0.017028 20.400000 25.799999 81.000000
-0.018311 -0.017334 -0.973633 -0.017028 0.021284 0.017028 18.299999 24.299999 80.099998
-0.019043 -0.024414 -0.983398 -0.014899 0.018092 0.017028 18.000000 26.400000 81.599998
-0.010498 -0.022217 -0.974121 -0.014899 0.019156 0.019156 18.000000 25.200001 82.199997
-0.023193 -0.028320 -0.969482 -0.012771 0.021284 0.018092 20.700001 26.700001 80.699997
-0.017090 -0.027100 -0.973389 -0.011706 0.019156 0.022349 18.900000 26.100000 80.699997
-0.018799 -0.028564 -0.974121 -0.018092 0.021284 0.017028 19.500000 26.100000 81.900002
-0.021240 -0.023193 -0.974121 -0.010642 0.021284 0.018092 18.299999 26.700001 81.900002
-0.022217 -0.016846 -0.981689 -0.010642 0.022349 0.017028 19.500000 27.299999 81.900002
-0.012451 -0.019287 -0.980957 -0.011706 0.020220 0.015963 18.299999 26.100000 83.099998
-0.014893 -0.021973 -0.979980 -0.014899 0.018092 0.017028 18.900000 26.700001 83.099998
-0.016357 -0.018311 -0.976807 -0.011706 0.020220 0.018092 19.500000 27.900000 81.900002
