0.000000 0.000000 102456819465084746072064.000000 0.000000 0.000000 0.000000 139279405678592.000000 0.000000 315668553531392.000000
0.035889 0.007568 -0.985107 -0.018092 0.021284 0.022349 28.799999 11.400000 84.000000
0.036621 0.002441 -0.984131 -0.014899 0.022349 0.014899 29.700001 10.500000 86.099998
0.035889 0.002686 -0.981201 -0.014899 0.024477 0.018092 28.500000 13.500000 84.300003
0.029541 0.009033 -0.985352 -0.012771 0.022349 0.015963 29.100000 11.700000 84.900002
0.039795 0.003174 -0.986328 -0.014899 0.022349 0.020220 27.900000 12.300000 84.300003
0.037598 0.006104 -0.982422 -0.015963 0.023413 0.018092 31.799999 10.200000 84.599998
0.040039 0.003662 -0.981201 -0.015963 0.020220 0.015963 29.400000 10.800000 84.000000
0.034424 0.006836 -0.983887 -0.015963 0.021284 0.018092 30.299999 11.700000 83.699997
0.039551 0.003906 -0.977539 -0.013835 0.022349 0.020220 28.799999 10.200000 84.599998
0.035645 0.003418 -0.993408 -0.017028 0.022349 0.020220 30.600000 12.000000 85.199997
0.042480 0.004395 -0.984863 -0.011706 0.022349 0.020220 29.400000 12.000000 84.599998
0.038330 -0.001221 -0.976074 -0.010642 0.022349 0.020220 30.000000 12.600000 84.599998
0.037109 0.003418 -0.980957 -0.014899 0.022349 0.019156 28.799999 11.400000 82.800003
0.043213 0.009277 -0.982666 -0.013835 0.022349 0.018092 30.299999 12.900000 83.099998
0.032227 0.011963 -0.979736 -0.013835 0.019156 0.017028 29.700001 10.500000 83.099998
0.035645 0.005127 -0.982910 -0.012771 0.020220 0.019156 28.799999 11.400000 85.199997
0.036865 0.007568 -0.983398 -0.013835 0.021284 0.020220 30.600000 12.600000 85.800003
0.034668 0.003174 -0.981689 -0.013835 0.019156 0.018092 29.400000 10.800000 84.599998
0.028564 0.004150 -0.987061 -0.010642 0.023413 0.020220 30.299999 12.300000 84.300003
0.043457 0.006836 -0.980713 -0.013835 0.023413 0.017028 30.000000 11.400000 84.000000
0.034424 0.008301 -0.987061 -0.017028 0.022349 0.019156 29.400000 12.600000 82.800003
0.036621 0.006836 -0.972656 -0.014899 0.023413 0.019156 30.600000 12.000000 84.599998
0.036133 0.005615 -0.979248 -0.013835 0.021284 0.018092 30.299999 12.900000 84.900002
0.034668 0.000488 -0.988525 -0.014899 0.020220 0.020220 28.500000 11.100000 84.900002
0.026611 0.003418 -0.988525 -0.014899 0.023413 0.019156 29.700001 11.700000 86.099998
0.037354 0.007080 -0.974365 -0.012771 0.019156 0.017028 30.900000 11.100000 84.900002
0.032959 0.009521 -0.977051 -0.014899 0.023413 0.017028 29.400000 12.000000 85.199997
0.035156 0.006592 -0.974121 -0.012771 0.023413 0.018092 28.200001 12.000000 84.599998
0.035156 0.001953 -0.990479 -0.013835 0.021284 0.020220 29.100000 11.700000 83.699997
0.032959 0.006592 -0.985596 -0.015963 0.022349 0.017028 29.100000 14.100000 84.900002
0.036377 0.005371 -0.982422 -0.012771 0.019156 0.017028 30.299999 12.900000 84.900002
0.031738 0.006836 -0.980713 -0.014899 0.020220 0.021284 30.000000 11.400000 84.599998
0.039551 0.003662 -0.989014 -0.013835 0.020220 0.020220 29.400000 11.400000 85.199997
0.036377 0.006836 -0.974854 -0.013835 0.020220 0.018092 29.100000 12.300000 82.500000
0.040771 0.006836 -0.983643 -0.012771 0.020220 0.020220 29.400000 12.600000 85.800003
0.037842 0.000732 -0.983154 -0.014899 0.020220 0.019156 29.700001 11.700000 85.500000
0.039795 0.008301 -0.980469 -0.017028 0.022349 0.019156 30.000000 12.000000 84.599998
0.040527 0.007080 -0.989502 -0.009578 0.021284 0.018092 30.000000 12.000000 84.000000
0.041992 0.006348 -0.982666 -0.013835 0.022349 0.018092 28.200001 10.200000 84.000000
0.033447 0.008789 -0.979492 -0.013835 0.024477 0.020220 28.799999 11.400000 84.599998
0.030518 0.005615 -0.978760 -0.014899 0.020220 0.020220 29.100000 9.900000 84.300003
0.035889 0.007324 -0.985107 -0.017028 0.020220 0.020220 30.600000 11.400000 84.000000
0.039795 0.007568 -0.993164 -0.013835 0.021284 0.012771 30.000000 12.000000 84.000000
0.232910 -0.005615 -1.025146 -0.065982 0.077688 -0.329910 28.200001 12.600000 84.599998
0.225342 0.009277 -0.968262 0.010642 0.001064 -0.348001 28.200001 12.600000 83.400002
0.312012 0.006592 -1.048828 0.013835 0.003193 -0.320332 25.799999 12.600000 84.599998
0.289062 -0.012451 -0.982910 -0.035119 0.070239 -0.317139 26.700001 14.100000 84.900002
0.229004 0.080566 -0.982422 -0.083009 0.027670 -0.140478 27.600000 15.000000 84.000000
0.195557 -0.145752 -0.814209 0.019156 0.046826 0.144735 27.299999 11.700000 85.500000
0.009277 -0.236816 -0.960449 -0.146863 0.068110 0.496993 26.100000 12.300000 86.099998
0.034424 -0.220947 -0.879883 0.059597 0.054275 0.567232 27.600000 13.800000 84.599998
-0.032227 0.188232 -1.033936 -0.086202 -0.004257 0.254350 28.799999 13.200000 85.199997
-0.288818 0.123779 -1.092773 -0.168147 0.050019 -0.264992 29.100000 12.300000 84.300003
-0.232422 0.000244 -0.861328 -0.055340 0.045762 -0.280955 28.200001 12.600000 84.599998
-0.173096 -0.065918 -1.095703 -0.032991 0.022349 -0.171340 29.100000 14.100000 84.300003
-0.228271 0.002686 -0.925049 -0.001064 0.039376 0.034055 27.299999 14.100000 84.900002
0.009033 0.023682 -1.052246 0.013835 0.057468 0.062789 28.500000 14.700000 83.699997
0.012451 0.070557 -0.964844 0.027670 -0.002128 0.075560 28.200001 14.400000 84.000000
0.030762 0.063721 -0.949707 -0.021284 0.032991 0.027670 27.299999 12.900000 85.500000
0.040771 -0.011963 -0.988770 -0.023413 -0.003193 0.036184 27.600000 15.600000 84.599998
0.053711 -0.023193 -1.010010 -0.018092 0.014899 0.018092 29.400000 13.800000 85.199997
0.028076 0.014404 -0.968994 -0.003193 0.031927 0.017028 27.000000 15.000000 84.599998
0.040039 0.016357 -0.975098 -0.008514 0.027670 0.019156 25.500000 12.300000 84.300003
0.032471 0.016602 -0.975586 -0.013835 0.021284 0.021284 27.299999 14.100000 84.900002
0.040771 -0.001953 -0.990967 -0.022349 0.017028 0.012771 28.799999 13.200000 84.599998
0.035889 -0.007324 -0.996826 -0.012771 0.018092 0.021284 27.000000 13.800000 84.599998
0.035889 0.010498 -0.983154 -0.007450 0.023413 0.017028 27.900000 13.500000 83.699997
0.041016 0.007080 -0.981201 -0.013835 0.022349 0.017028 27.900000 13.500000 84.300003
0.039062 0.005859 -0.989502 -0.011706 0.021284 0.017028 27.000000 13.800000 85.800003
0.038574 0.009033 -0.973633 -0.013835 0.023413 0.017028 27.000000 15.600000 84.599998
0.036377 0.004395 -0.969238 -0.012771 0.021284 0.019156 27.600000 15.000000 85.199997
0.036621 0.002197 -0.979980 -0.013835 0.022349 0.019156 28.200001 13.200000 84.599998
0.042725 0.000000 -0.975098 -0.013835 0.022349 0.018092 28.200001 15.000000 87.000000
0.039062 0.007568 -0.980469 -0.013835 0.021284 0.015963 28.799999 13.200000 84.599998
0.042725 0.007080 -0.981934 -0.014899 0.023413 0.020220 27.600000 13.200000 85.199997
0.040527 0.004639 -0.982666 -0.013835 0.023413 0.020220 28.799999 13.800000 84.599998
0.039062 0.002197 -0.977051 -0.014899 0.022349 0.020220 28.200001 13.200000 85.199997
0.034424 0.002930 -0.979492 -0.017028 0.021284 0.020220 27.299999 14.100000 86.099998
0.038818 0.006104 -0.980225 -0.013835 0.020220 0.020220 27.600000 13.800000 86.400002
0.033447 0.007080 -0.980957 -0.014899 0.022349 0.017028 27.000000 13.800000 84.599998
0.032227 0.004395 -0.981445 -0.015963 0.018092 0.019156 27.299999 14.700000 84.300003
0.044678 0.004395 -0.975830 -0.015963 0.021284 0.014899 26.700001 14.100000 86.099998
0.036133 0.006348 -0.991943 -0.013835 0.020220 0.017028 26.700001 14.100000 84.900002
0.037842 0.005127 -0.984131 -0.011706 0.022349 0.020220 26.700001 13.500000 84.900002
0.040771 0.001465 -0.975586 -0.015963 0.020220 0.020220 27.900000 12.900000 84.300003
0.037354 0.005127 -0.985596 -0.012771 0.021284 0.019156 28.799999 13.200000 86.400002
0.039062 0.000977 -0.979492 -0.014899 0.024477 0.020220 28.200001 13.800000 85.199997
0.037842 0.005615 -0.985596 -0.015963 0.022349 0.020220 28.200001 13.800000 87.000000
0.035889 0.002686 -0.975586 -0.011706 0.020220 0.019156 28.500000 14.100000 85.500000
0.031006 0.003418 -0.983643 -0.011706 0.022349 0.019156 27.299999 15.300000 84.900002
0.036865 -0.000977 -0.978027 -0.015963 0.020220 0.015963 27.900000 14.100000 83.699997
0.033691 0.006104 -0.982910 -0.014899 0.022349 0.020220 28.500000 14.700000 83.699997
0.038574 0.003418 -0.984131 -0.015963 0.021284 0.018092 29.100000 12.900000 85.500000
0.041504 0.004639 -0.983398 -0.017028 0.022349 0.023413 29.100000 14.100000 84.300003
0.040283 -0.015381 -0.977783 -0.022349 0.026606 0.018092 27.600000 13.800000 85.199997
0.004395 -0.124268 -0.992432 -0.022349 0.006385 0.380992 27.900000 12.900000 84.900002
-0.194580 -0.280518 -0.958496 -0.072367 -0.019156 1.119564 27.900000 12.900000 84.300003
-0.341553 0.020508 -0.906494 -0.013835 -0.008514 0.755599 29.100000 10.500000 84.300003
-0.363770 0.119873 -1.022705 -0.037248 0.031927 -0.419304 27.900000 11.700000 84.300003
-0.310791 -0.147705 -1.176514 -0.078753 0.056404 -0.787526 27.600000 12.000000 83.400002
-0.213623 -0.309814 -1.067383 -0.090459 -0.015963 -0.594901 27.900000 11.700000 83.699997
-0.062500 -0.212158 -0.681641 0.159634 0.004257 -0.803489 27.299999 13.500000 83.699997
0.318604 0.187500 -1.160400 0.068110 0.031927 -1.343051 28.500000 14.700000 83.699997
0.184082 0.085205 -1.115723 -0.086202 0.002128 -1.341987 26.700001 15.900000 84.900002
0.331787 0.229736 -1.014404 -0.315010 0.220294 -1.053582 25.200001 15.000000 84.000000
0.196777 0.206543 -1.002686 -0.158569 0.094716 -0.490607 23.400000 15.600000 84.599998
0.254639 0.251709 -1.013184 0.098973 -0.070239 -0.320332 23.100000 15.300000 84.900002
0.218994 0.154785 -1.381592 0.449103 -0.492736 -0.029798 24.299999 16.500000 84.300003
-0.142822 0.432617 -1.551514 0.159634 0.162826 0.328845 23.400000 16.799999 83.400002
0.094727 0.173828 -1.242676 0.191560 0.157505 0.465066 25.500000 16.500000 83.699997
0.167725 0.070801 -1.020020 -0.005321 -0.035119 0.523598 25.200001 16.799999 84.599998
0.168213 0.078613 -1.035889 0.048954 0.059597 0.536369 26.100000 15.900000 83.099998
0.048584 -0.086426 -0.855469 -0.109615 -0.023413 0.517213 27.000000 16.200001 82.199997
0.063721 0.097168 -1.129639 0.019156 -0.035119 0.312882 27.000000 15.600000 82.800003
0.037842 0.090088 -0.963623 -0.026606 0.045762 0.138349 26.700001 14.100000 84.900002
0.018799 0.018311 -0.966797 -0.040441 -0.002128 0.019156 27.000000 13.800000 84.599998
0.057373 -0.031006 -1.019043 -0.021284 0.015963 0.015963 27.600000 16.200001 83.400002
0.045166 -0.003906 -0.978760 -0.006385 0.035119 0.021284 26.400000 13.800000 84.599998
0.038086 0.029297 -0.961182 0.000000 0.021284 0.018092 25.500000 15.900000 83.099998
0.035400 0.026855 -0.990234 -0.017028 0.021284 0.018092 28.500000 13.500000 84.300003
0.031494 -0.005615 -0.974609 -0.020220 0.022349 0.019156 25.799999 15.000000 82.800003
0.040527 0.013672 -0.988770 -0.006385 0.020220 0.022349 26.400000 15.000000 83.400002
0.030029 0.002197 -0.973145 -0.019156 0.021284 0.017028 28.799999 13.800000 82.199997
0.041504 -0.005615 -0.985352 -0.014899 0.018092 0.018092 25.500000 15.300000 83.099998
0.035400 0.005127 -0.982910 -0.012771 0.025541 0.020220 27.000000 13.800000 84.000000
0.036865 0.014893 -0.976318 -0.015963 0.019156 0.019156 27.900000 14.100000 83.099998
0.030518 0.000244 -0.986572 -0.015963 0.020220 0.019156 27.299999 15.900000 84.300003
0.041748 0.008301 -0.980713 -0.012771 0.024477 0.015963 26.400000 15.600000 83.400002
0.041504 0.014404 -0.981201 -0.012771 0.021284 0.019156 27.299999 15.900000 83.699997
0.037842 0.003174 -0.983398 -0.017028 0.022349 0.018092 26.700001 13.500000 83.699997
0.039307 0.006836 -0.970215 -0.010642 0.020220 0.022349 25.200001 15.600000 84.000000
0.031494 0.008789 -0.980225 -0.014899 0.022349 0.021284 28.500000 14.700000 83.699997
0.034912 0.006592 -0.977539 -0.013835 0.021284 0.015963 27.000000 14.400000 84.000000
0.039307 0.001221 -0.978516 -0.014899 0.019156 0.018092 27.600000 16.200001 84.000000
0.040039 0.001953 -0.986816 -0.013835 0.024477 0.019156 25.799999 13.800000 82.800003
0.042725 0.003906 -0.986572 -0.015963 0.020220 0.017028 26.700001 15.300000 83.699997
0.033203 0.000977 -0.981689 -0.011706 0.023413 0.019156 26.100000 15.900000 83.699997
0.036377 0.002686 -0.983154 -0.017028 0.021284 0.021284 25.500000 15.900000 84.900002
0.032471 0.003662 -0.981689 -0.017028 0.023413 0.019156 25.500000 15.300000 84.300003
0.041260 0.000488 -0.977539 -0.018092 0.021284 0.018092 26.100000 14.100000 83.699997
0.041504 0.008789 -0.973389 -0.014899 0.022349 0.018092 27.000000 14.400000 84.000000
0.038330 0.004150 -0.983398 -0.013835 0.019156 0.019156 27.000000 15.000000 84.599998
0.036621 0.006592 -0.971191 -0.017028 0.022349 0.020220 27.000000 16.200001 83.400002
0.041504 0.004150 -0.980225 -0.011706 0.020220 0.019156 27.600000 14.400000 83.400002
0.038330 0.004395 -0.989990 -0.013835 0.021284 0.018092 27.600000 15.000000 83.400002
0.032471 0.000977 -0.973877 -0.012771 0.024477 0.015963 26.100000 15.300000 83.699997
0.031982 0.005615 -0.985107 -0.014899 0.021284 0.019156 27.000000 15.600000 84.000000
0.039795 0.005615 -0.988525 -0.013835 0.024477 0.022349 27.299999 15.900000 83.699997
0.038330 0.004150 -0.977295 -0.015963 0.023413 0.018092 27.000000 16.200001 82.800003
0.039795 0.009277 -0.981689 -0.014899 0.021284 0.017028 26.400000 15.600000 82.800003
0.039795 0.004395 -0.975586 -0.013835 0.022349 0.019156 27.299999 14.100000 81.300003
0.037109 0.001953 -0.994873 -0.012771 0.023413 0.020220 25.200001 13.200000 83.400002
0.037598 0.005615 -0.971680 -0.015963 0.019156 0.017028 27.000000 15.000000 82.199997
0.034180 0.000000 -0.989990 -0.014899 0.021284 0.020220 27.000000 15.000000 84.599998
0.042969 0.006836 -0.986084 -0.010642 0.020220 0.020220 27.600000 13.200000 83.400002
0.037842 0.004150 -0.979980 -0.013835 0.020220 0.019156 28.500000 15.300000 83.099998
0.033936 0.004395 -0.986328 -0.014899 0.021284 0.018092 27.299999 14.100000 83.699997
0.035889 0.007324 -0.981689 -0.014899 0.022349 0.021284 27.000000 14.400000 84.000000
0.041260 0.014404 -0.979004 -0.017028 0.022349 0.020220 27.600000 14.400000 84.000000
0.036621 0.005615 -0.989502 -0.011706 0.022349 0.017028 27.600000 13.800000 83.400002
0.037598 0.007324 -0.970459 -0.019156 0.022349 0.020220 27.600000 15.000000 85.199997
0.038330 0.010498 -0.988525 -0.014899 0.021284 0.018092 26.100000 14.100000 85.500000
0.038330 0.002686 -0.972168 -0.014899 0.020220 0.019156 26.400000 14.400000 83.400002
0.047363 0.009766 -0.983643 -0.012771 0.021284 0.018092 26.100000 15.300000 83.099998
0.034668 0.010254 -0.976074 -0.014899 0.022349 0.018092 27.600000 12.600000 83.400002
0.032959 0.009277 -0.981201 -0.014899 0.022349 0.018092 27.000000 13.800000 83.400002
0.033203 0.007324 -0.984131 -0.013835 0.024477 0.022349 26.700001 13.500000 82.500000
0.039551 0.006592 -0.984863 -0.013835 0.020220 0.019156 25.799999 15.000000 84.599998
0.037109 0.005127 -0.981445 -0.018092 0.020220 0.017028 27.600000 15.000000 82.800003
0.037842 0.007568 -0.983643 -0.017028 0.022349 0.019156 25.500000 15.300000 84.900002
0.039062 0.010254 -0.986328 -0.015963 0.021284 0.019156 24.600000 13.800000 83.400002
0.032227 0.003906 -0.977051 -0.014899 0.021284 0.021284 27.600000 14.400000 84.000000
0.036621 0.013184 -0.981445 -0.017028 0.020220 0.021284 27.900000 14.100000 84.300003
0.037354 0.005859 -0.975342 -0.014899 0.021284 0.020220 27.000000 15.000000 84.000000
0.038330 0.003662 -0.979248 -0.015963 0.022349 0.019156 26.100000 14.100000 83.699997
0.033203 -0.001221 -0.985352 -0.012771 0.024477 0.018092 27.600000 13.800000 82.800003
0.039307 0.003662 -0.989746 -0.013835 0.021284 0.021284 25.500000 14.700000 83.699997
0.034424 0.006592 -0.979004 -0.014899 0.020220 0.020220 27.299999 14.100000 83.699997
0.041260 0.011230 -0.971191 -0.011706 0.023413 0.022349 26.100000 14.700000 83.099998
0.038818 0.012207 -0.993408 -0.014899 0.024477 0.018092 27.000000 13.800000 84.000000
0.037109 0.000244 -0.975830 -0.013835 0.021284 0.017028 26.100000 15.300000 84.300003
0.036133 0.006104 -0.984863 -0.013835 0.018092 0.019156 26.400000 13.800000 83.400002
0.035645 0.010010 -0.977539 -0.013835 0.023413 0.018092 27.000000 14.400000 84.000000
0.035156 0.004150 -0.979736 -0.013835 0.021284 0.021284 27.000000 14.400000 84.599998
0.034424 0.002686 -0.987305 -0.014899 0.024477 0.020220 26.400000 14.400000 84.000000
0.031250 0.001221 -0.970947 -0.012771 0.019156 0.019156 26.400000 15.000000 84.000000
0.041748 0.009033 -0.985840 -0.012771 0.022349 0.019156 27.000000 14.400000 84.599998
0.040283 0.005615 -0.972900 -0.011706 0.022349 0.018092 26.400000 14.400000 83.400002
0.033936 0.006592 -0.980713 -0.012771 0.021284 0.017028 27.000000 13.800000 82.800003
0.033691 0.012451 -0.985352 -0.014899 0.020220 0.020220 26.400000 13.800000 83.400002
0.033447 0.005127 -0.989746 -0.013835 0.023413 0.013835 26.700001 15.900000 83.699997
0.036621 0.003662 -0.981445 -0.028734 0.022349 0.018092 27.600000 14.400000 83.400002
0.039795 -0.020020 -1.004883 0.002128 0.018092 0.019156 25.799999 16.200001 83.400002
-0.078857 0.039062 -1.044189 -0.017028 0.019156 -0.010642 26.700001 14.100000 82.500000
0.025391 0.227051 -0.820801 -0.027670 0.024477 -0.395891 25.500000 15.900000 83.099998
0.000488 0.205322 -0.949219 -0.017028 0.036184 -0.606608 26.100000 14.700000 85.500000
-0.171631 -0.002197 -1.034424 0.044697 0.046826 0.095780 26.400000 15.600000 84.599998
-0.224854 0.212402 -0.964355 -0.042569 0.043633 0.329910 27.600000 15.000000 83.400002
0.092285 0.008545 -1.223389 0.064918 -0.020220 0.219230 25.200001 14.400000 83.400002
0.221924 -0.124023 -0.893555 0.063853 0.012771 0.178790 27.000000 14.400000 82.800003
0.216797 -0.147949 -0.989014 -0.014899 0.025541 0.077688 27.299999 14.700000 83.699997
0.190918 -0.193848 -0.933350 -0.026606 0.022349 -0.025541 26.700001 15.300000 83.699997
-0.008789 -0.073730 -1.049805 0.029798 0.039376 0.007450 27.600000 14.400000 84.599998
0.006348 0.013672 -0.927246 -0.037248 0.050019 0.031927 28.500000 13.500000 84.900002
0.032715 0.064453 -0.975342 -0.024477 -0.001064 0.032991 27.600000 15.600000 82.800003
0.052979 -0.004395 -1.007080 -0.002128 0.029798 0.022349 26.400000 17.400000 82.199997
0.026855 0.010742 -0.955078 -0.013835 0.021284 0.014899 26.700001 14.700000 84.300003
0.043945 0.005127 -0.999756 -0.023413 0.015963 0.014899 27.000000 14.400000 82.800003
0.037354 0.003174 -0.973633 -0.008514 0.025541 0.017028 25.500000 15.300000 83.099998
0.037842 -0.007324 -0.964600 -0.014899 0.020220 0.014899 27.600000 15.000000 82.199997
0.041748 -0.001709 -1.000000 -0.017028 0.018092 0.021284 25.200001 13.200000 84.599998
0.035156 0.008789 -0.976074 -0.011706 0.023413 0.021284 26.400000 13.800000 84.000000
0.026367 0.008545 -0.977539 -0.014899 0.021284 0.021284 27.299999 14.700000 82.500000
0.038574 0.013916 -0.992676 -0.017028 0.021284 0.019156 26.400000 15.600000 82.800003
0.031006 0.006836 -0.970703 -0.012771 0.020220 0.015963 26.100000 14.700000 83.699997
0.040527 0.007568 -0.984619 -0.015963 0.019156 0.018092 27.000000 13.800000 82.800003
0.036133 0.005615 -0.978271 -0.015963 0.022349 0.019156 27.000000 15.000000 83.400002
0.033447 0.001221 -0.981934 -0.015963 0.020220 0.017028 27.299999 14.700000 85.500000
0.038330 0.001465 -0.978516 -0.015963 0.021284 0.019156 26.400000 15.600000 83.400002
0.043457 0.005859 -0.979492 -0.013835 0.021284 0.015963 26.400000 15.600000 84.000000
0.032227 0.010986 -0.992676 -0.013835 0.023413 0.019156 27.600000 14.400000 82.199997
0.032959 0.001221 -0.978271 -0.013835 0.021284 0.018092 27.000000 16.200001 84.000000
0.034424 0.001221 -0.977539 -0.014899 0.022349 0.020220 25.799999 15.600000 84.000000
0.038574 0.005371 -0.983398 -0.014899 0.021284 0.020220 27.299999 15.300000 85.500000
0.036621 -0.003174 -0.984863 -0.014899 0.021284 0.019156 27.600000 14.400000 84.000000
0.038086 0.000000 -0.975830 -0.013835 0.020220 0.019156 27.900000 14.700000 83.699997
0.040283 0.000488 -0.977783 -0.014899 0.020220 0.014899 26.700001 14.100000 83.699997
0.038574 0.000732 -0.982422 -0.014899 0.021284 0.018092 25.500000 14.700000 83.699997
0.038818 0.011230 -0.983154 -0.012771 0.022349 0.017028 27.600000 15.000000 82.199997
0.035156 0.003174 -0.982422 -0.010642 0.021284 0.019156 25.799999 13.800000 82.199997
0.039062 0.010498 -0.968994 -0.017028 0.021284 0.017028 27.299999 15.900000 82.500000
0.034668 0.003174 -0.983154 -0.017028 0.020220 0.019156 27.000000 15.000000 83.400002
0.033936 0.010986 -0.977539 -0.013835 0.022349 0.021284 27.600000 15.000000 84.000000
0.035889 0.009521 -0.980957 -0.011706 0.022349 0.020220 27.299999 14.700000 84.300003
0.035156 0.006836 -0.981201 -0.015963 0.021284 0.019156 28.200001 15.000000 82.800003
0.037598 0.001953 -0.977539 -0.012771 0.020220 0.019156 28.200001 15.000000 84.000000
0.032471 0.004395 -0.983887 -0.013835 0.020220 0.019156 25.799999 15.000000 82.800003
0.041504 0.003906 -0.995850 -0.013835 0.022349 0.018092 28.500000 14.100000 84.900002
0.034180 0.009521 -0.971924 -0.017028 0.020220 0.017028 27.000000 14.400000 82.800003
0.041748 0.004883 -0.984863 -0.013835 0.021284 0.018092 27.000000 16.799999 83.400002
0.033203 0.005859 -0.976074 -0.012771 0.023413 0.019156 26.400000 16.200001 84.000000
0.033447 0.009521 -0.977783 -0.014899 0.023413 0.018092 27.000000 15.600000 83.400002
0.042480 0.001221 -0.992920 -0.012771 0.022349 0.019156 26.400000 15.000000 84.000000
0.037598 0.003662 -0.979980 -0.012771 0.022349 0.019156 28.799999 16.200001 84.599998
0.039062 0.010010 -0.986328 -0.013835 0.024477 0.018092 26.100000 14.700000 84.300003
0.040039 0.004883 -0.990967 -0.013835 0.020220 0.020220 27.000000 15.000000 84.599998
0.031738 -0.000732 -0.982910 -0.014899 0.023413 0.018092 29.400000 14.400000 82.800003
0.036377 0.000488 -0.981934 -0.017028 0.022349 0.020220 26.700001 14.100000 81.900002
0.035156 0.002197 -0.980713 -0.017028 0.023413 0.017028 27.600000 16.200001 84.000000
0.040771 0.007080 -0.984131 -0.014899 0.021284 0.020220 27.299999 14.700000 83.699997
0.036377 0.010254 -0.982666 -0.012771 0.021284 0.021284 26.700001 15.900000 84.300003
0.036621 0.001221 -0.993896 -0.012771 0.022349 0.017028 26.700001 15.300000 86.099998
0.035889 0.004639 -0.989990 -0.014899 0.022349 0.019156 27.900000 14.700000 84.900002
0.031738 0.001953 -0.995361 -0.014899 0.022349 0.015963 27.299999 14.700000 84.900002
0.034180 0.000488 -0.981934 -0.010642 0.022349 0.015963 25.799999 15.600000 82.199997
0.034424 0.005127 -0.984375 -0.013835 0.019156 0.019156 26.100000 15.300000 84.900002
0.035889 0.007324 -0.975098 -0.014899 0.021284 0.020220 26.700001 14.700000 82.500000
0.039062 0.004639 -0.977783 -0.015963 0.022349 0.020220 26.100000 14.100000 84.900002
0.035400 0.008301 -0.978027 -0.013835 0.022349 0.020220 28.200001 13.800000 84.000000
0.038086 0.005615 -0.987549 -0.014899 0.022349 0.021284 27.000000 14.400000 84.000000
0.034912 0.008789 -0.981445 -0.011706 0.023413 0.018092 26.700001 15.300000 84.300003
0.042236 -0.000488 -0.983154 -0.012771 0.022349 0.018092 26.400000 15.600000 82.199997
0.038818 0.003174 -0.979004 -0.014899 0.022349 0.017028 26.700001 14.700000 82.500000
0.035645 0.003418 -0.980713 -0.014899 0.024477 0.018092 27.600000 14.400000 84.599998
0.034668 0.007812 -0.980225 -0.013835 0.021284 0.021284 28.200001 16.200001 82.199997
0.035889 0.005127 -0.983643 -0.012771 0.021284 0.019156 26.700001 15.900000 82.500000
0.038574 0.000732 -0.984131 -0.015963 0.022349 0.019156 27.299999 14.700000 84.900002
0.041992 0.008057 -0.978027 -0.013835 0.025541 0.017028 27.299999 14.100000 82.500000
0.035156 0.007568 -0.988525 -0.013835 0.020220 0.019156 27.600000 15.000000 82.800003
0.023682 0.009277 -0.982178 -0.017028 0.023413 0.017028 25.799999 16.200001 84.000000
0.035645 0.005127 -0.986084 -0.013835 0.021284 0.018092 25.799999 13.800000 83.400002
0.034180 0.004639 -0.985352 -0.014899 0.023413 0.018092 27.600000 14.400000 84.000000
0.033691 0.006104 -0.985107 -0.013835 0.019156 0.019156 24.900000 14.700000 81.300003
0.041748 0.009766 -0.994629 -0.013835 0.019156 0.020220 26.700001 14.700000 84.300003
0.035889 0.007812 -0.976807 -0.015963 0.023413 0.017028 26.700001 14.700000 84.300003
0.037842 0.006592 -0.979004 -0.015963 0.023413 0.020220 26.100000 15.300000 83.699997
0.041016 0.010010 -0.982910 -0.012771 0.022349 0.019156 26.400000 13.200000 84.599998
0.032715 0.000488 -0.975586 -0.015963 0.022349 0.020220 26.700001 16.500000 84.300003
0.035889 0.013184 -0.971924 -0.013835 0.020220 0.017028 27.299999 13.500000 84.900002
0.042969 0.001221 -0.985107 -0.012771 0.023413 0.018092 27.900000 14.700000 84.300003
0.041016 0.006104 -0.977783 -0.014899 0.022349 0.021284 26.700001 14.700000 84.300003
0.038086 0.005127 -0.977295 -0.017028 0.023413 0.017028 26.700001 15.300000 83.099998
0.033203 0.005615 -0.986084 -0.010642 0.020220 0.019156 27.000000 15.600000 82.800003
0.036377 0.001709 -0.988037 -0.014899 0.022349 0.018092 26.700001 12.900000 83.699997
0.036865 0.010498 -0.984131 -0.009578 0.021284 0.021284 25.500000 16.500000 83.099998
0.032471 0.010986 -0.971680 -0.017028 0.021284 0.015963 28.799999 16.200001 82.199997
0.041260 0.007568 -0.980713 -0.014899 0.023413 0.018092 28.200001 14.400000 83.400002
0.033691 0.007324 -0.980225 -0.013835 0.024477 0.015963 26.700001 15.300000 82.500000
0.038574 0.003662 -0.980957 -0.013835 0.022349 0.020220 27.900000 14.100000 83.699997
0.030029 0.000244 -0.989502 -0.017028 0.023413 0.014899 27.600000 14.400000 82.800003
0.031006 0.008545 -0.975830 -0.011706 0.019156 0.019156 26.100000 16.500000 83.699997
0.034668 0.008301 -0.979004 -0.014899 0.023413 0.021284 26.100000 15.300000 83.699997
0.028564 0.003906 -0.985596 -0.014899 0.020220 0.020220 26.400000 14.400000 83.400002
0.037109 0.008301 -0.975830 -0.014899 0.021284 0.015963 27.299999 15.900000 84.300003
0.037598 0.005371 -0.984863 -0.010642 0.021284 0.015963 28.200001 13.800000 83.400002
0.032959 0.009521 -0.981689 -0.015963 0.024477 0.014899 26.700001 14.100000 84.300003
0.031982 0.009277 -0.990234 -0.014899 0.022349 0.020220 25.200001 15.000000 84.000000
0.032227 0.011475 -0.985352 -0.012771 0.021284 0.019156 26.400000 13.800000 82.800003
0.037598 0.007080 -0.975098 -0.014899 0.023413 0.018092 25.500000 16.500000 84.300003
