0.041504 -1.003174 0.154053 -0.015963 0.022349 0.021284 -3.300000 30.900000 54.299999
0.038818 -1.000244 0.153076 -0.013835 0.024477 0.022349 -5.400000 31.200001 54.599998
0.038330 -1.004883 0.160645 -0.013835 0.025541 0.021284 -2.100000 30.299999 54.299999
0.035645 -1.001465 0.141846 -0.014899 0.024477 0.019156 -3.300000 30.900000 54.900002
0.037598 -1.003662 0.149170 -0.014899 0.024477 0.018092 -3.000000 30.600000 53.400002
0.037109 -0.997070 0.145508 -0.014899 0.024477 0.020220 -3.600000 29.400000 55.200001
0.039795 -0.997559 0.147705 -0.013835 0.025541 0.021284 -4.200000 29.400000 54.000000
0.039551 -1.002197 0.148682 -0.013835 0.023413 0.018092 -4.200000 31.200001 52.799999
0.034424 -0.994385 0.166748 -0.012771 0.023413 0.017028 -3.000000 30.600000 53.400002
0.040283 -1.005127 0.155029 -0.012771 0.025541 0.019156 -4.800000 30.600000 54.599998
0.037109 -0.998779 0.151855 -0.012771 0.021284 0.018092 -4.200000 30.000000 53.400002
0.041992 -1.001465 0.144531 -0.012771 0.022349 0.015963 -4.200000 30.600000 56.400002
0.036377 -0.999268 0.150635 -0.013835 0.024477 0.018092 -4.500000 31.500000 54.299999
0.035889 -0.996338 0.151123 -0.014899 0.021284 0.020220 -3.900000 31.500000 54.900002
0.037842 -0.995117 0.154053 -0.013835 0.025541 0.018092 -3.300000 32.099998 53.700001
0.040527 -0.997314 0.159912 -0.014899 0.025541 0.014899 -4.500000 31.500000 54.299999
0.038086 -1.003662 0.151855 -0.012771 0.021284 0.019156 -4.500000 32.700001 55.500000
0.039062 -1.001709 0.151123 -0.013835 0.025541 0.019156 -3.300000 30.299999 54.299999
0.030518 -1.000732 0.162109 -0.013835 0.022349 0.018092 -4.200000 31.200001 54.599998
0.039062 -0.997803 0.150635 -0.015963 0.023413 0.018092 -4.500000 30.299999 54.299999
0.038574 -0.997070 0.148682 -0.017028 0.026606 0.019156 -3.900000 30.299999 55.500000
0.032959 -1.001709 0.148193 -0.010642 0.023413 0.019156 -4.500000 29.100000 55.500000
0.046875 -0.999268 0.148438 -0.015963 0.024477 0.022349 -3.300000 30.299999 54.299999
0.034668 -0.995117 0.151123 -0.017028 0.025541 0.020220 -1.500000 29.700001 54.299999
0.042480 -0.994873 0.159424 -0.015963 0.024477 0.020220 -3.900000 30.299999 54.299999
0.034912 -0.995850 0.142578 -0.013835 0.022349 0.023413 -4.500000 30.900000 55.500000
0.045166 -1.007812 0.157471 -0.018092 0.024477 0.021284 -3.000000 30.000000 57.000000
0.040039 -0.999756 0.151123 -0.012771 0.024477 0.019156 -3.300000 30.299999 53.700001
0.043945 -0.994629 0.146973 -0.013835 0.024477 0.015963 -4.500000 32.700001 53.700001
0.042236 -0.997070 0.150879 -0.014899 0.020220 0.019156 -5.100000 29.700001 54.900002
0.041992 -1.004639 0.157471 -0.012771 0.023413 0.018092 -4.800000 32.400002 55.799999
0.037598 -1.000732 0.159424 -0.014899 0.023413 0.018092 -5.100000 29.700001 52.500000
0.042480 -0.995850 0.144531 -0.014899 0.025541 0.017028 -3.900000 31.500000 55.500000
0.034180 -0.999023 0.157471 -0.011706 0.025541 0.018092 -3.000000 30.600000 55.200001
0.035645 -0.999023 0.159180 -0.013835 0.021284 0.019156 -2.700000 30.299999 53.700001
0.045654 -0.998047 0.144287 -0.010642 0.023413 0.020220 -4.200000 31.200001 54.000000
0.038086 -1.004395 0.158691 -0.013835 0.020220 0.019156 -5.100000 32.099998 56.700001
0.035645 -0.993652 0.151611 -0.011706 0.022349 0.018092 -4.800000 29.400000 54.599998
0.037598 -0.998535 0.146973 -0.012771 0.025541 0.018092 -4.200000 30.000000 55.799999
0.041748 -1.000244 0.156494 -0.013835 0.025541 0.020220 -3.900000 31.500000 53.700001
0.039795 -1.000977 0.152588 -0.015963 0.025541 0.020220 -2.400000 31.799999 54.000000
0.037109 -0.997070 0.150635 -0.014899 0.024477 0.019156 -3.600000 29.400000 54.599998
0.043213 -0.998779 0.160645 -0.012771 0.023413 0.021284 -3.000000 31.200001 54.000000
0.039551 -1.003906 0.142822 -0.014899 0.021284 0.019156 -3.300000 31.500000 54.299999
0.040283 -1.001221 0.148193 -0.013835 0.023413 0.015963 -4.500000 29.700001 54.299999
0.041260 -1.001221 0.146484 -0.013835 0.022349 0.021284 -3.300000 30.900000 54.299999
0.037842 -1.007080 0.157959 -0.013835 0.023413 0.018092 -3.900000 30.900000 54.299999
0.040771 -1.000977 0.155273 -0.012771 0.022349 0.018092 -3.600000 30.000000 53.400002
0.040771 -0.996094 0.145020 -0.013835 0.026606 0.018092 -3.600000 28.799999 54.599998
0.034668 -1.001709 0.151611 -0.010642 0.024477 0.018092 -3.300000 30.900000 54.299999
0.042725 -0.996338 0.147949 -0.018092 0.021284 0.019156 -3.900000 29.700001 53.700001
0.040283 -1.000732 0.149414 -0.013835 0.026606 0.019156 -3.300000 31.500000 54.299999
0.040283 -0.997559 0.152832 -0.011706 0.027670 0.018092 -2.700000 30.299999 53.700001
0.043945 -0.998291 0.145508 -0.010642 0.024477 0.018092 -4.200000 29.400000 52.799999
0.034912 -0.999756 0.150146 -0.014899 0.026606 0.015963 -3.300000 29.700001 54.900002
0.030762 -1.000732 0.143799 -0.013835 0.032991 0.017028 -4.200000 30.600000 56.400002
0.012451 -1.014160 0.130615 -0.017028 0.057468 0.013835 -4.200000 31.200001 55.200001
0.028809 -1.007568 0.110840 -0.013835 0.032991 0.019156 -3.000000 30.000000 54.599998
0.021973 -0.989014 0.119385 -0.015963 0.003193 0.023413 -2.400000 29.400000 54.599998
0.026855 -1.000000 0.116211 -0.011706 0.001064 0.026606 -2.700000 32.099998 54.900002
0.025879 -1.012207 0.127197 -0.007450 -0.008514 0.025541 -3.900000 30.900000 53.700001
0.023682 -1.012695 0.129150 -0.013835 -0.018092 0.024477 -2.700000 30.299999 55.500000
0.023438 -1.001221 0.131348 -0.010642 -0.013835 0.022349 -3.600000 31.200001 53.400002
0.011230 -0.998535 0.126465 -0.015963 0.006385 0.022349 -4.200000 30.600000 53.400002
0.013916 -1.009277 0.139160 -0.010642 0.027670 0.020220 -3.600000 30.600000 53.400002
0.032715 -0.995117 0.140381 -0.010642 0.065982 0.013835 -3.900000 28.500000 51.900002
0.024414 -0.987305 0.157227 -0.017028 0.077688 0.009578 -4.200000 30.600000 51.599998
0.034424 -0.988770 0.144775 -0.015963 0.083009 0.013835 -3.600000 30.000000 50.400002
0.035400 -1.006592 0.151123 -0.010642 0.094716 0.010642 -2.700000 30.299999 52.500000
0.028320 -0.996094 0.131592 -0.011706 0.095780 0.015963 -2.100000 30.299999 50.700001
0.022949 -1.006104 0.135254 -0.011706 0.117065 0.011706 -3.300000 30.299999 50.099998
0.024902 -1.012939 0.133057 -0.012771 0.088331 0.015963 -3.900000 32.099998 51.299999
0.023193 -1.008545 0.152588 -0.015963 0.109615 0.008514 -3.300000 31.500000 48.900002
0.039795 -1.009277 0.129883 -0.015963 0.073431 0.011706 -3.300000 30.900000 48.299999
0.023926 -1.009277 0.151855 -0.017028 0.077688 0.015963 -2.700000 32.099998 46.500000
0.035156 -1.022217 0.144775 -0.020220 0.053211 0.012771 -2.100000 30.900000 46.500000
0.041504 -0.976074 0.153320 -0.017028 0.059597 0.020220 -2.100000 32.099998 45.900002
0.045654 -1.008057 0.155518 -0.015963 0.052147 0.027670 -2.700000 30.299999 44.099998
0.042725 -0.994385 0.174316 -0.017028 0.064918 0.027670 -3.600000 32.400002 44.400002
0.027588 -1.002930 0.125488 -0.015963 0.053211 0.018092 -0.900000 33.900002 42.900002
0.043213 -1.017090 0.166016 -0.011706 0.022349 0.027670 -2.700000 35.099998 43.500000
0.040039 -0.999512 0.157227 -0.018092 0.024477 0.025541 0.900000 33.900002 42.299999
0.037842 -1.006104 0.136963 -0.011706 0.006385 0.025541 0.600000 34.200001 41.400002
0.042236 -1.012939 0.151855 -0.010642 -0.008514 0.025541 1.200000 33.599998 41.400002
0.016846 -1.027832 0.124512 -0.009578 -0.023413 0.025541 1.200000 34.200001 39.599998
0.023193 -1.022217 0.141357 -0.009578 -0.039376 0.027670 1.500000 37.500000 36.299999
0.034668 -0.993896 0.150146 -0.010642 -0.052147 0.031927 2.700000 36.299999 36.900002
0.027100 -1.030273 0.131836 -0.008514 -0.062789 0.036184 3.900000 38.099998 36.299999
0.025391 -1.005127 0.142578 -0.011706 -0.051083 0.029798 2.400000 39.599998 36.000000
0.030762 -0.991455 0.139648 -0.009578 -0.046826 0.025541 4.800000 39.000000 33.599998
0.033691 -1.041260 0.165039 -0.019156 -0.026606 0.028734 6.300000 40.500000 33.299999
0.025391 -1.005127 0.159180 -0.011706 0.015963 0.022349 5.400000 40.799999 34.200001
0.040527 -0.994141 0.152832 -0.020220 0.018092 0.029798 6.900000 41.700001 33.299999
0.042969 -1.003174 0.147217 -0.008514 0.009578 0.026606 6.600000 43.200001 32.400002
0.042969 -0.972412 0.152344 -0.010642 0.008514 0.026606 5.700000 43.500000 35.700001
0.034180 -1.009033 0.166992 -0.011706 -0.002128 0.022349 8.100000 46.500000 34.500000
0.029053 -1.000488 0.169189 -0.012771 0.026606 0.023413 7.200000 46.200001 35.400002
0.036865 -0.986328 0.167236 -0.012771 0.013835 0.023413 7.200000 45.599998 35.400002
0.028564 -0.992188 0.160889 -0.006385 0.043633 0.022349 8.700000 47.700001 37.500000
0.032715 -1.002441 0.140625 -0.010642 0.038312 0.017028 8.400000 46.799999 35.400002
0.035400 -0.980469 0.145264 -0.011706 0.034055 0.022349 7.800000 47.400002 37.799999
0.050293 -0.994873 0.181641 -0.011706 0.044697 0.020220 6.900000 47.099998 37.500000
0.051758 -1.009033 0.150146 -0.008514 0.034055 0.019156 7.200000 46.799999 37.799999
0.037598 -0.984131 0.168945 -0.013835 0.015963 0.009578 7.200000 46.799999 39.000000
0.053223 -0.972168 0.163086 0.005321 -0.018092 -0.044697 5.400000 46.200001 40.799999
0.059326 -1.046631 0.186279 0.002128 -0.029798 -0.038312 6.300000 47.099998 40.500000
0.066650 -0.950928 0.196533 0.001064 -0.031927 -0.026606 3.600000 48.000000 40.200001
0.085693 -0.988281 0.225342 -0.005321 -0.018092 -0.011706 5.100000 48.299999 41.099998
0.086914 -0.980225 0.236816 -0.011706 0.009578 0.017028 5.400000 48.599998 40.200001
0.053955 -1.027832 0.163330 -0.012771 0.022349 0.008514 4.800000 49.200001 42.000000
0.048828 -1.013184 0.159912 -0.013835 0.019156 0.015963 4.200000 48.000000 40.799999
0.037598 -0.999756 0.159424 -0.014899 0.024477 0.019156 5.100000 47.700001 41.700001
0.037109 -0.998535 0.145752 -0.011706 0.024477 0.015963 4.800000 46.799999 39.599998
0.044189 -0.998535 0.154297 -0.011706 0.023413 0.020220 4.800000 47.400002 40.799999
0.038818 -0.997803 0.150391 -0.013835 0.023413 0.018092 4.800000 48.000000 42.000000
0.038086 -0.993164 0.156250 -0.010642 0.023413 0.018092 4.500000 46.500000 41.099998
0.041260 -0.998047 0.157959 -0.012771 0.023413 0.019156 4.500000 46.500000 39.900002
0.036133 -0.997070 0.151611 -0.011706 0.023413 0.017028 4.800000 46.799999 39.599998
0.041504 -0.999756 0.160400 -0.012771 0.024477 0.015963 4.500000 48.299999 39.900002
0.043945 -1.004639 0.156006 -0.013835 0.026606 0.018092 4.200000 45.599998 40.200001
0.039307 -1.001953 0.146729 -0.013835 0.024477 0.017028 6.000000 47.400002 40.799999
0.044678 -0.999268 0.145752 -0.010642 0.022349 0.017028 4.200000 47.400002 40.200001
0.042236 -1.003662 0.156494 -0.013835 0.025541 0.015963 3.300000 47.099998 41.700001
0.038574 -0.994629 0.154785 -0.012771 0.021284 0.018092 3.900000 47.099998 39.900002
0.038574 -0.988037 0.148682 -0.011706 0.025541 0.020220 4.200000 46.799999 40.200001
0.038818 -1.004395 0.151611 -0.014899 0.024477 0.017028 4.500000 47.099998 39.299999
0.043457 -0.989014 0.156738 -0.011706 0.022349 0.021284 4.200000 47.400002 40.799999
0.035645 -1.002686 0.152344 -0.012771 0.023413 0.019156 7.200000 48.000000 41.400002
0.041992 -0.998291 0.155762 -0.014899 0.025541 0.017028 4.500000 46.500000 40.500000
0.040283 -0.999512 0.149414 -0.012771 0.024477 0.019156 4.800000 47.400002 41.400002
0.039795 -0.999512 0.161865 -0.012771 0.023413 0.022349 4.500000 46.500000 40.500000
0.043457 -0.993652 0.151123 -0.012771 0.023413 0.021284 5.700000 47.700001 41.099998
0.042725 -0.993896 0.150146 -0.015963 0.023413 0.018092 4.800000 48.000000 40.799999
0.046387 -0.995850 0.156738 -0.011706 0.026606 0.018092 4.800000 48.000000 40.799999
0.035156 -1.002930 0.157471 -0.012771 0.024477 0.018092 4.800000 46.799999 42.000000
0.040771 -0.997803 0.155273 -0.010642 0.025541 0.022349 3.900000 48.299999 40.500000
0.041504 -1.000488 0.150635 -0.014899 0.022349 0.020220 4.500000 48.299999 41.700001
0.036621 -1.003418 0.147217 -0.014899 0.025541 0.017028 4.200000 48.599998 41.400002
0.041260 -0.993896 0.156250 -0.014899 0.024477 0.019156 5.100000 48.299999 41.099998
0.038574 -1.000732 0.162842 -0.014899 0.024477 0.020220 4.800000 47.400002 41.400002
0.038818 -0.995361 0.154541 -0.011706 0.021284 0.019156 5.400000 46.799999 39.599998
0.042725 -0.999268 0.154541 -0.012771 0.025541 0.017028 3.600000 48.599998 40.200001
0.044189 -1.000488 0.153076 -0.014899 0.023413 0.018092 5.700000 48.900002 41.099998
0.043457 -1.004395 0.146973 -0.012771 0.023413 0.018092 4.200000 48.000000 39.599998
0.044922 -0.998535 0.152100 -0.009578 0.024477 0.020220 3.600000 48.000000 39.599998
0.039307 -0.995850 0.145508 -0.013835 0.023413 0.022349 3.000000 47.400002 40.799999
0.047607 -1.000244 0.161133 -0.014899 0.024477 0.019156 3.900000 48.299999 41.099998
0.041748 -0.997803 0.147217 -0.015963 0.024477 0.018092 4.500000 47.700001 40.500000
0.041748 -0.996826 0.157227 -0.014899 0.023413 0.019156 2.400000 48.000000 41.400002
0.034668 -0.997559 0.153076 -0.014899 0.024477 0.018092 5.700000 48.900002 40.500000
0.042725 -0.998535 0.158936 -0.010642 0.024477 0.019156 4.200000 48.000000 39.599998
0.039307 -0.996826 0.154785 -0.019156 0.024477 0.019156 5.100000 47.099998 41.099998
0.043457 -0.999512 0.146973 -0.012771 0.022349 0.018092 4.200000 49.799999 40.200001
0.039551 -0.998535 0.150635 -0.015963 0.023413 0.019156 3.600000 47.400002 42.000000
0.038818 -1.002441 0.151855 -0.015963 0.022349 0.015963 5.100000 47.099998 41.099998
0.043945 -1.001709 0.162842 -0.012771 0.020220 0.017028 3.600000 49.200001 42.599998
0.040283 -0.994629 0.158936 -0.012771 0.025541 0.021284 5.400000 48.000000 42.599998
0.040527 -0.997314 0.156006 -0.010642 0.022349 0.019156 5.100000 48.299999 41.099998
0.039551 -0.999023 0.143066 -0.014899 0.022349 0.017028 5.700000 47.099998 39.900002
0.037354 -0.998291 0.154541 -0.014899 0.022349 0.019156 3.900000 46.500000 41.099998
0.045410 -0.992676 0.153809 -0.013835 0.022349 0.018092 4.500000 47.099998 40.500000
0.040039 -0.998047 0.159912 -0.010642 0.022349 0.019156 3.300000 47.099998 39.900002
0.044678 -0.995850 0.153564 -0.010642 0.023413 0.017028 5.700000 47.700001 39.900002
0.061768 -0.991699 0.180176 -0.015963 0.027670 0.026606 5.100000 46.500000 39.299999
0.055420 -0.998535 0.171875 -0.014899 0.012771 0.026606 4.500000 47.099998 40.500000
0.065674 -0.990723 0.181885 -0.013835 0.017028 0.030863 5.400000 47.400002 41.400002
0.070557 -0.979004 0.186035 -0.022349 0.021284 0.040441 5.100000 48.299999 39.900002
0.049805 -1.011719 0.161621 -0.026606 0.026606 0.048954 4.500000 46.500000 40.500000
0.058838 -1.015381 0.168945 -0.022349 0.010642 0.053211 6.300000 47.099998 41.099998
0.043213 -1.005615 0.155762 -0.021284 0.027670 0.044697 5.100000 47.700001 42.900002
0.055908 -0.981689 0.181152 -0.020220 0.038312 0.055340 5.400000 46.200001 40.799999
0.039062 -1.012939 0.160400 -0.024477 0.022349 0.057468 7.200000 48.000000 41.400002
0.028809 -1.002441 0.157471 -0.020220 0.019156 0.029798 6.000000 46.200001 39.599998
0.035645 -0.998779 0.150146 -0.014899 -0.005321 0.019156 8.100000 50.099998 38.099998
0.034668 -1.008301 0.149414 -0.011706 -0.011706 0.021284 6.300000 48.900002 38.700001
0.037598 -1.008545 0.162598 -0.015963 0.011706 0.018092 7.500000 49.500000 39.299999
0.050537 -0.991211 0.167480 -0.017028 -0.011706 0.022349 7.200000 49.200001 39.599998
0.049805 -1.007568 0.176270 -0.013835 -0.009578 0.020220 8.100000 47.700001 38.099998
0.058350 -0.978760 0.174805 -0.011706 -0.024477 0.021284 6.300000 50.099998 36.900002
0.053955 -0.977783 0.181396 -0.011706 -0.037248 0.021284 6.300000 49.500000 36.299999
0.056396 -1.004150 0.174805 -0.009578 -0.041505 0.021284 7.200000 49.200001 36.000000
0.055908 -0.978027 0.179199 -0.010642 -0.041505 0.023413 8.400000 49.200001 36.000000
0.041748 -1.013184 0.156494 -0.008514 -0.040441 0.027670 6.000000 49.799999 35.400002
0.039062 -0.994873 0.158203 -0.011706 -0.046826 0.020220 8.400000 50.400002 34.799999
0.035400 -1.007080 0.160400 -0.015963 -0.039376 0.022349 6.300000 48.299999 32.099998
0.047363 -0.987061 0.167480 -0.010642 -0.045762 0.029798 4.500000 48.299999 32.700001
0.037354 -1.005615 0.131592 0.000000 -0.111744 0.037248 5.400000 46.799999 32.400002
0.036621 -1.013428 0.139160 -0.007450 -0.116000 0.032991 2.700000 45.900002 33.900002
0.037598 -0.998291 0.151611 -0.007450 -0.120257 0.036184 3.900000 45.299999 34.500000
0.020508 -1.016113 0.145752 -0.007450 -0.088331 0.031927 1.800000 44.400002 31.200001
0.029297 -1.018311 0.166016 -0.013835 -0.056404 0.022349 3.600000 43.200001 31.200001
0.039551 -1.005127 0.161621 -0.013835 -0.048954 0.020220 1.800000 43.200001 31.799999
0.035889 -0.986816 0.165527 -0.013835 -0.008514 0.019156 0.600000 43.799999 33.599998
0.033447 -1.003174 0.162109 -0.011706 0.002128 0.018092 0.600000 40.799999 33.599998
0.028564 -1.006592 0.156738 -0.014899 0.013835 0.011706 -0.300000 40.500000 35.700001
0.025635 -1.015381 0.154785 -0.015963 0.023413 0.009578 -2.100000 40.500000 36.299999
0.033447 -0.992188 0.145996 -0.012771 0.026606 0.005321 -1.500000 38.099998 38.099998
0.028320 -1.015869 0.153076 -0.012771 0.039376 0.012771 -0.300000 38.099998 36.299999
0.041260 -0.993896 0.163818 -0.021284 0.050019 0.012771 -4.500000 36.900002 38.099998
0.038086 -0.977051 0.157227 -0.015963 0.048954 0.013835 -3.900000 36.299999 39.900002
0.047852 -0.985352 0.155029 -0.012771 0.046826 0.014899 -2.400000 34.200001 41.400002
0.044189 -0.995605 0.154541 -0.012771 0.054275 0.004257 -3.000000 34.200001 41.400002
0.047607 -0.985596 0.173584 -0.014899 0.081945 0.010642 -3.000000 32.400002 43.200001
0.057373 -0.984375 0.186035 -0.012771 0.078753 0.000000 -5.400000 31.200001 43.799999
0.040039 -0.997803 0.156982 -0.005321 0.076624 0.015963 -4.800000 33.000000 45.599998
0.040527 -1.016602 0.150635 -0.011706 0.093652 0.008514 -4.500000 33.900002 45.299999
0.051270 -1.001953 0.152344 -0.023413 0.084074 0.015963 -3.300000 31.500000 48.299999
0.053955 -0.989014 0.158447 -0.022349 0.065982 0.014899 -4.200000 33.000000 47.400002
0.046875 -0.993652 0.162842 -0.014899 0.068110 0.006385 -3.900000 30.900000 50.099998
0.055420 -0.965088 0.163818 -0.015963 0.072367 0.010642 -3.900000 31.500000 48.900002
0.031006 -1.032959 0.132812 -0.009578 0.057468 0.001064 -5.100000 30.299999 51.299999
0.040039 -1.031982 0.153320 -0.009578 0.042569 0.012771 -3.900000 30.299999 50.700001
0.038818 -0.996338 0.155029 -0.014899 0.040441 0.015963 -4.800000 31.200001 51.000000
0.045166 -0.976807 0.152832 -0.011706 0.031927 0.015963 -6.900000 29.100000 51.900002
0.031250 -0.984863 0.142578 -0.017028 0.029798 0.013835 -4.500000 31.500000 53.099998
0.041016 -1.013672 0.144531 -0.012771 0.030863 0.005321 -3.300000 30.299999 53.700001
0.037842 -0.986572 0.152100 -0.011706 0.028734 0.012771 -4.500000 30.299999 53.099998
0.017822 -1.034912 0.128662 -0.011706 0.020220 0.005321 -5.400000 31.200001 53.400002
0.033691 -0.974854 0.135986 -0.010642 0.018092 0.008514 -4.200000 29.400000 55.200001
0.034912 -0.997070 0.134033 -0.006385 0.010642 0.015963 -4.500000 29.700001 53.700001
0.041260 -0.992432 0.145264 -0.013835 0.022349 0.012771 -6.000000 28.799999 54.599998
0.031006 -1.011963 0.149414 -0.015963 0.018092 0.008514 -3.300000 32.099998 56.700001
0.037109 -0.992432 0.153809 -0.022349 0.023413 0.008514 -4.200000 31.200001 55.799999
0.040283 -0.991211 0.170410 -0.014899 0.034055 0.010642 -6.900000 29.700001 57.299999
0.037842 -0.979980 0.156006 -0.015963 0.018092 0.020220 -4.800000 31.200001 57.000000
0.037109 -0.989258 0.150146 -0.017028 0.008514 0.018092 -3.900000 29.700001 56.700001
0.036377 -1.012207 0.153076 -0.015963 0.012771 0.018092 -3.600000 30.600000 57.599998
0.034180 -0.998535 0.140137 -0.015963 0.029798 0.012771 -4.500000 29.700001 57.299999
0.040039 -0.994873 0.154053 -0.023413 0.056404 0.010642 -3.600000 30.600000 57.599998
0.028076 -1.002441 0.138184 -0.015963 0.070239 0.017028 -4.800000 28.799999 57.000000
0.033447 -0.995117 0.148193 -0.014899 0.081945 0.011706 -4.800000 30.000000 58.799999
0.033203 -1.009766 0.143799 -0.017028 0.085138 -0.002128 -4.800000 28.799999 58.799999
0.029053 -0.982910 0.131348 -0.010642 0.069175 0.012771 -3.600000 29.400000 58.200001
0.008057 -1.012207 0.118408 -0.009578 0.040441 0.018092 -4.200000 31.200001 59.400002
0.015625 -0.998291 0.099609 -0.009578 0.014899 0.010642 -4.800000 30.000000 57.599998
-0.001221 -1.002930 0.097656 -0.010642 -0.008514 0.021284 -5.700000 30.299999 58.500000
-0.016602 -1.018311 0.089355 -0.013835 -0.021284 0.022349 -5.700000 30.299999 58.500000
-0.011230 -1.013916 0.093262 -0.013835 0.004257 0.020220 -3.900000 30.299999 59.099998
0.040039 -0.994873 0.151367 -0.019156 0.025541 0.017028 -4.200000 30.000000 58.799999
0.044922 -0.997070 0.152100 -0.013835 0.023413 0.014899 -3.900000 31.500000 59.700001
0.047607 -0.994873 0.160156 -0.010642 0.027670 0.019156 -4.200000 31.200001 58.200001
0.040283 -1.000244 0.160645 -0.014899 0.023413 0.019156 -5.400000 30.000000 58.200001
0.042725 -1.005371 0.149658 -0.014899 0.024477 0.019156 -4.200000 30.000000 59.400002
0.043945 -1.000000 0.145752 -0.012771 0.023413 0.017028 -4.200000 28.799999 58.799999
0.041992 -0.999756 0.145996 -0.010642 0.024477 0.015963 -3.600000 30.600000 59.400002
0.039062 -0.999023 0.158691 -0.015963 0.024477 0.021284 -6.300000 31.500000 59.099998
0.038818 -0.999756 0.143799 -0.013835 0.024477 0.017028 -5.400000 29.400000 60.000000
0.038086 -0.998779 0.153076 -0.013835 0.024477 0.018092 -3.600000 31.200001 58.799999
0.042725 -0.997559 0.148438 -0.012771 0.019156 0.017028 -5.100000 30.299999 59.099998
0.039795 -0.997070 0.151367 -0.014899 0.022349 0.021284 -3.900000 30.900000 57.900002
0.048096 -1.003906 0.149170 -0.017028 0.025541 0.019156 -3.000000 30.000000 58.799999
0.039795 -0.998779 0.139404 -0.012771 0.023413 0.022349 -4.200000 31.200001 58.799999
0.045654 -0.995361 0.150879 -0.014899 0.022349 0.018092 -5.100000 30.299999 57.299999
0.050537 -1.000977 0.150635 -0.013835 0.023413 0.020220 -4.800000 30.000000 58.799999
0.042480 -0.998535 0.144775 -0.012771 0.022349 0.017028 -4.500000 29.700001 59.099998
0.039551 -1.003906 0.154053 -0.015963 0.021284 0.019156 -4.200000 30.600000 60.000000
0.046631 -0.999268 0.150879 -0.014899 0.023413 0.019156 -4.500000 31.500000 60.299999
0.043945 -1.003906 0.149658 -0.012771 0.024477 0.018092 -3.900000 30.299999 58.500000
0.038086 -0.997314 0.149902 -0.013835 0.024477 0.019156 -4.200000 31.799999 60.000000
0.043213 -0.997070 0.147949 -0.013835 0.023413 0.018092 -4.200000 28.799999 60.000000
0.043213 -1.002930 0.140625 -0.015963 0.024477 0.021284 -4.500000 32.099998 60.299999
0.039307 -0.995117 0.152832 -0.010642 0.023413 0.019156 -3.300000 30.900000 59.099998
0.038574 -1.001953 0.144775 -0.013835 0.024477 0.021284 -4.800000 30.000000 58.799999
0.046143 -0.997070 0.146240 -0.013835 0.022349 0.020220 -3.600000 31.200001 59.400002
0.044922 -0.999023 0.149658 -0.014899 0.024477 0.019156 -5.400000 29.400000 59.400002
0.043701 -0.997559 0.145752 -0.014899 0.025541 0.018092 -5.100000 32.099998 59.700001
0.046387 -0.994873 0.152100 -0.010642 0.024477 0.019156 -3.600000 30.600000 58.799999
0.040527 -1.001221 0.142334 -0.017028 0.021284 0.021284 -3.600000 30.600000 60.000000
0.047119 -1.002441 0.147705 -0.014899 0.025541 0.019156 -3.600000 31.200001 60.000000
0.044678 -0.999023 0.148438 -0.015963 0.023413 0.015963 -3.300000 31.500000 59.700001
0.041260 -1.002686 0.154297 -0.014899 0.022349 0.012771 -4.200000 30.000000 58.799999
0.038330 -0.999512 0.158936 -0.012771 0.025541 0.019156 -4.200000 30.600000 59.400002
0.038086 -1.001465 0.146240 -0.013835 0.022349 0.018092 -3.600000 30.600000 58.799999
0.040039 -1.000732 0.151123 -0.014899 0.023413 0.020220 -5.700000 30.900000 60.299999
0.041260 -1.000977 0.138428 -0.010642 0.024477 0.017028 -3.600000 29.400000 57.599998
0.045898 -0.995605 0.146240 -0.012771 0.026606 0.018092 -5.400000 31.799999 59.400002
0.045166 -1.000977 0.157471 -0.014899 0.024477 0.020220 -3.600000 30.000000 58.200001
0.044678 -0.997803 0.155762 -0.013835 0.022349 0.018092 -3.900000 30.900000 59.099998
0.037842 -1.000732 0.154541 -0.013835 0.023413 0.017028 -4.200000 31.200001 58.200001
0.035889 -1.007568 0.146729 -0.014899 0.022349 0.021284 -2.400000 30.000000 59.400002
0.039062 -0.999512 0.151611 -0.012771 0.025541 0.017028 -3.300000 30.900000 57.900002
0.048340 -0.992188 0.147949 -0.013835 0.024477 0.018092 -4.500000 30.900000 59.099998
0.043701 -0.997803 0.151611 -0.012771 0.024477 0.017028 -5.100000 30.900000 58.500000
0.037598 -1.003906 0.149170 -0.013835 0.023413 0.020220 -3.600000 30.000000 58.799999
0.043945 -1.000732 0.150635 -0.014899 0.024477 0.012771 -5.400000 29.400000 58.799999
0.046387 -1.003906 0.138916 -0.012771 0.026606 0.018092 -3.600000 31.799999 58.799999
0.044922 -0.994385 0.149902 -0.014899 0.022349 0.017028 -3.600000 30.000000 57.599998
0.046387 -0.992676 0.143311 -0.014899 0.025541 0.018092 -3.000000 30.600000 60.000000
0.040771 -0.999023 0.140625 -0.014899 0.020220 0.020220 -3.000000 29.400000 59.400002
0.041748 -1.000732 0.153320 -0.014899 0.024477 0.019156 -3.000000 28.799999 58.200001
0.039307 -0.999023 0.144775 -0.015963 0.022349 0.020220 -6.000000 31.200001 58.200001
0.040771 -1.000488 0.159912 -0.012771 0.023413 0.019156 -4.500000 29.700001 57.900002
0.042480 -0.999512 0.150146 -0.014899 0.021284 0.018092 -3.000000 28.799999 57.599998
0.050293 -0.995117 0.146973 -0.017028 0.023413 0.019156 -3.900000 30.900000 58.500000
0.035400 -0.999268 0.152100 -0.012771 0.023413 0.020220 -4.800000 30.000000 60.599998
0.037598 -0.994873 0.157959 -0.013835 0.024477 0.021284 -4.800000 30.600000 59.400002
0.043457 -1.001221 0.151855 -0.014899 0.023413 0.019156 -5.700000 29.700001 59.700001
0.046875 -0.993408 0.148682 -0.013835 0.023413 0.020220 -3.900000 30.900000 59.099998
0.041504 -0.999268 0.153076 -0.013835 0.023413 0.019156 -5.400000 30.000000 58.200001
0.045166 -1.001709 0.154541 -0.014899 0.023413 0.021284 -5.400000 31.799999 57.000000
