0.000000 0.000000 3588004312327192051712.000000 -0.014899 0.021284 0.018092 7.800000 -33.599998 28.200001
0.043945 0.978271 0.149902 -0.012771 0.022349 0.020220 9.300000 -33.299999 27.299999
0.041992 0.978760 0.149658 -0.012771 0.022349 0.019156 9.000000 -34.200001 28.200001
0.042969 0.976074 0.145996 -0.015963 0.023413 0.017028 9.600000 -32.400002 27.600000
0.040771 0.982666 0.137695 -0.014899 0.026606 0.021284 9.900000 -32.099998 27.900000
0.044434 0.983398 0.144287 -0.012771 0.023413 0.019156 9.000000 -33.599998 25.200001
0.039062 0.977051 0.134766 -0.012771 0.026606 0.020220 9.000000 -31.799999 25.799999
0.037842 0.978027 0.150146 -0.015963 0.026606 0.021284 10.200000 -33.000000 27.000000
0.040039 0.972900 0.154297 -0.013835 0.023413 0.017028 9.600000 -32.400002 28.799999
0.042236 0.979492 0.150146 -0.012771 0.021284 0.019156 9.600000 -33.000000 27.600000
0.039551 0.978027 0.143311 -0.017028 0.024477 0.020220 9.300000 -32.700001 26.100000
0.041992 0.977783 0.143799 -0.013835 0.024477 0.017028 9.600000 -34.799999 26.400000
0.045654 0.982422 0.133301 -0.012771 0.022349 0.017028 9.300000 -32.700001 27.900000
0.046387 0.975586 0.141846 -0.018092 0.024477 0.019156 9.300000 -33.299999 27.900000
0.039795 0.976074 0.149170 -0.011706 0.023413 0.017028 8.400000 -33.599998 26.400000
0.036621 0.978760 0.145020 -0.014899 0.021284 0.022349 9.900000 -33.900002 27.900000
0.040771 0.975586 0.150879 -0.012771 0.021284 0.018092 9.600000 -32.400002 26.400000
0.042236 0.975830 0.145508 -0.014899 0.023413 0.021284 10.500000 -35.099998 26.700001
0.040527 0.980469 0.143799 -0.011706 0.024477 0.017028 9.000000 -33.599998 27.000000
0.036621 0.979736 0.138916 -0.014899 0.023413 0.019156 10.500000 -34.500000 26.100000
0.036865 0.974121 0.147217 -0.014899 0.023413 0.019156 10.500000 -33.900002 28.500000
0.038818 0.978760 0.148193 -0.018092 0.024477 0.017028 9.900000 -33.299999 27.900000
0.042969 0.982910 0.152100 -0.013835 0.023413 0.021284 9.900000 -32.099998 29.100000
0.038574 0.977783 0.148926 -0.012771 0.022349 0.019156 9.300000 -32.700001 26.100000
0.034668 0.978760 0.148193 -0.014899 0.024477 0.022349 9.600000 -33.599998 27.600000
0.046875 0.974854 0.150879 -0.011706 0.026606 0.019156 10.500000 -33.900002 25.500000
0.041016 0.979736 0.142578 -0.010642 0.021284 0.021284 9.600000 -34.200001 27.600000
0.042480 0.972656 0.139404 -0.012771 0.025541 0.019156 9.300000 -33.299999 27.299999
0.038330 0.969482 0.149902 -0.014899 0.024477 0.021284 9.000000 -32.400002 29.400000
0.044922 0.975342 0.149414 -0.010642 0.023413 0.020220 9.900000 -32.700001 26.100000
0.042725 0.981934 0.138916 -0.013835 0.023413 0.019156 8.400000 -33.599998 27.000000
0.044434 0.979004 0.144775 -0.015963 0.024477 0.018092 9.000000 -33.599998 26.400000
0.040527 0.979980 0.145508 -0.012771 0.023413 0.020220 8.100000 -30.900000 29.100000
0.044922 0.978516 0.139893 -0.014899 0.023413 0.019156 8.100000 -32.700001 27.900000
0.036865 0.972900 0.142822 -0.013835 0.023413 0.018092 8.400000 -33.599998 27.600000
0.034912 0.975342 0.142578 -0.012771 0.012771 0.018092 9.300000 -33.299999 27.900000
0.014893 0.977051 0.169678 -0.014899 -0.008514 0.013835 9.300000 -32.700001 27.900000
0.026611 0.965576 0.137939 -0.013835 -0.047890 0.011706 9.600000 -33.000000 27.000000
0.028564 0.994141 0.156494 -0.021284 -0.062789 0.003193 11.100000 -33.299999 29.700001
0.020264 0.957520 0.183350 -0.020220 -0.028734 0.011706 8.700000 -32.700001 26.700001
0.012695 0.960205 0.162598 -0.012771 -0.039376 0.014899 10.800000 -32.400002 27.000000
0.007568 0.935791 0.177734 -0.014899 -0.046826 0.013835 8.400000 -33.000000 27.000000
0.031250 0.998047 0.166992 -0.017028 -0.015963 0.010642 9.000000 -33.599998 26.400000
0.024658 0.999512 0.157227 -0.021284 -0.012771 0.011706 9.300000 -34.500000 28.500000
0.011230 0.947754 0.173340 -0.021284 -0.010642 0.017028 9.000000 -31.799999 29.400000
-0.006836 0.956787 0.180908 -0.007450 0.014899 0.019156 8.400000 -33.599998 30.600000
0.034424 0.993408 0.149902 -0.015963 0.000000 0.013835 7.200000 -33.599998 30.000000
0.025879 1.053467 0.151123 -0.010642 0.000000 0.014899 8.700000 -33.299999 29.700001
0.026367 1.009033 0.148682 -0.019156 -0.013835 0.006385 9.000000 -33.000000 30.000000
0.023438 0.936768 0.193115 -0.013835 0.038312 0.015963 8.400000 -34.200001 31.200001
0.025391 1.317139 0.041748 -0.044697 0.053211 0.006385 8.100000 -34.500000 31.500000
0.038086 0.861084 0.169434 -0.011706 0.036184 0.030863 7.200000 -34.200001 31.200001
0.037598 1.033936 0.140869 -0.010642 0.046826 0.018092 6.600000 -35.400002 32.400002
0.050293 0.984619 0.140625 -0.013835 0.034055 0.017028 6.300000 -34.500000 33.900002
0.044189 0.920654 0.164551 -0.003193 0.046826 0.025541 5.400000 -35.400002 33.000000
0.045898 0.958740 0.128906 -0.007450 0.024477 0.021284 5.100000 -37.500000 32.700001
0.049805 0.954834 0.159424 -0.007450 0.020220 0.021284 5.400000 -38.400002 32.400002
0.046143 0.983887 0.141846 -0.009578 0.014899 0.019156 7.500000 -39.299999 33.900002
0.048096 0.994141 0.122070 -0.013835 -0.011706 0.011706 6.000000 -39.599998 32.400002
0.056152 0.998291 0.128662 -0.018092 -0.015963 0.011706 6.000000 -39.599998 33.000000
0.059814 0.989258 0.126221 -0.013835 -0.034055 0.015963 6.000000 -40.799999 33.000000
0.057129 0.944580 0.137207 -0.013835 -0.029798 0.008514 3.900000 -41.700001 33.299999
0.065186 0.933838 0.103516 -0.023413 -0.055340 0.005321 3.300000 -42.900002 33.900002
0.061035 0.968750 0.130859 -0.014899 -0.037248 0.006385 3.600000 -42.000000 31.200001
0.060059 0.989014 0.098877 -0.004257 -0.032991 0.011706 3.000000 -45.000000 30.600000
0.072510 0.955078 0.101318 -0.012771 -0.012771 0.015963 5.400000 -43.799999 30.000000
0.072266 1.001221 0.110352 -0.017028 -0.028734 0.013835 3.300000 -42.900002 31.500000
0.067383 0.995605 0.118896 -0.010642 -0.007450 0.017028 5.700000 -44.099998 32.099998
0.087646 0.970215 0.104492 -0.013835 0.025541 0.022349 4.200000 -43.799999 31.799999
0.037842 0.977295 0.135254 -0.013835 0.024477 0.015963 3.000000 -44.400002 31.799999
0.037109 0.980225 0.137695 -0.012771 0.025541 0.020220 2.700000 -43.500000 29.700001
0.044678 0.979004 0.147217 -0.013835 0.022349 0.017028 3.600000 -43.200001 30.000000
0.037842 0.973389 0.148438 -0.010642 0.025541 0.020220 2.400000 -45.000000 29.400000
0.044922 0.980225 0.153564 -0.018092 0.026606 0.013835 4.200000 -43.200001 31.799999
0.039551 0.978516 0.139893 -0.012771 0.022349 0.018092 2.700000 -43.500000 30.900000
0.050781 0.980957 0.140869 -0.013835 0.022349 0.018092 3.000000 -43.799999 30.600000
0.039062 0.982422 0.149170 -0.014899 0.022349 0.017028 3.000000 -42.599998 30.000000
0.036133 0.974854 0.142578 -0.009578 0.023413 0.021284 1.800000 -42.599998 31.200001
0.040283 0.976074 0.142822 -0.008514 0.025541 0.018092 2.700000 -45.299999 30.299999
0.043457 0.983398 0.141113 -0.013835 0.025541 0.017028 4.500000 -44.099998 31.500000
0.044434 0.975586 0.150146 -0.011706 0.024477 0.017028 4.500000 -44.700001 31.500000
0.032959 0.976074 0.140869 -0.014899 0.023413 0.017028 2.400000 -45.000000 30.600000
0.039062 0.977783 0.141113 -0.012771 0.022349 0.020220 4.200000 -43.799999 31.200001
0.045654 0.972900 0.139404 -0.012771 0.023413 0.019156 3.600000 -44.400002 32.400002
0.036133 0.979736 0.144287 -0.014899 0.023413 0.018092 3.900000 -45.299999 30.900000
0.038818 0.983887 0.147217 -0.012771 0.022349 0.014899 4.200000 -43.200001 31.200001
0.043945 0.980225 0.155518 -0.013835 0.021284 0.017028 4.800000 -43.799999 31.200001
0.039795 0.974121 0.143555 -0.015963 0.024477 0.017028 1.800000 -43.200001 30.600000
0.040527 0.976074 0.135986 -0.012771 0.025541 0.017028 6.000000 -43.799999 29.400000
0.039062 0.972168 0.148438 -0.014899 0.024477 0.018092 4.200000 -44.400002 30.000000
0.042969 0.976074 0.144775 -0.012771 0.023413 0.019156 3.900000 -45.299999 29.700001
0.035156 0.977051 0.146729 -0.013835 0.023413 0.019156 4.800000 -44.400002 32.400002
0.039795 0.975098 0.142822 -0.012771 0.022349 0.019156 4.200000 -43.799999 30.000000
0.040527 0.981934 0.147461 -0.013835 0.024477 0.019156 3.300000 -45.299999 31.500000
0.042480 0.979248 0.137939 -0.011706 0.022349 0.021284 5.400000 -43.200001 33.599998
0.047363 0.980713 0.137939 -0.013835 0.022349 0.017028 2.700000 -43.500000 30.900000
0.046143 0.984131 0.144287 -0.009578 0.021284 0.021284 3.900000 -44.700001 30.900000
0.039062 0.977539 0.149902 -0.017028 0.023413 0.019156 2.100000 -44.700001 31.500000
0.044189 0.973389 0.147217 -0.014899 0.020220 0.018092 5.100000 -43.500000 30.900000
0.043213 0.977783 0.147705 -0.014899 0.027670 0.020220 3.000000 -44.400002 31.200001
0.039795 0.975830 0.146240 -0.013835 0.021284 0.017028 3.300000 -42.900002 30.299999
0.040039 0.971191 0.145752 -0.014899 0.023413 0.017028 2.700000 -43.500000 31.500000
0.042236 0.975098 0.147217 -0.013835 0.020220 0.017028 4.200000 -45.000000 31.200001
0.043213 0.979492 0.144775 -0.013835 0.024477 0.019156 4.500000 -44.099998 31.500000
0.041260 0.978027 0.149170 -0.015963 0.024477 0.017028 3.900000 -42.900002 31.500000
0.043945 0.972168 0.142822 -0.012771 0.023413 0.018092 3.900000 -43.500000 31.500000
0.034912 0.976562 0.144043 -0.013835 0.022349 0.018092 3.600000 -43.200001 29.400000
0.043701 0.978271 0.135742 -0.012771 0.021284 0.018092 3.900000 -43.500000 30.299999
0.038330 0.979980 0.143311 -0.013835 0.020220 0.019156 3.000000 -43.799999 31.799999
0.039062 0.976562 0.146973 -0.011706 0.024477 0.017028 4.800000 -43.799999 30.600000
0.045410 0.975830 0.144287 -0.012771 0.022349 0.017028 3.000000 -43.200001 30.000000
0.035645 0.971191 0.148193 -0.017028 0.025541 0.017028 3.300000 -43.500000 30.299999
0.044678 0.986572 0.137695 -0.013835 0.024477 0.019156 3.300000 -44.099998 30.900000
0.044678 0.976318 0.151123 -0.012771 0.023413 0.020220 4.800000 -45.000000 31.799999
0.040527 0.975342 0.142822 -0.010642 0.021284 0.020220 3.600000 -45.000000 31.200001
0.062012 0.981445 0.136719 -0.015963 0.055340 0.025541 2.700000 -44.099998 29.700001
0.034180 0.977051 0.145264 -0.014899 0.031927 0.018092 2.700000 -45.299999 29.700001
0.053223 0.974854 0.137207 -0.012771 0.015963 0.019156 3.600000 -43.799999 31.799999
0.051758 0.967285 0.134766 -0.019156 -0.003193 0.014899 4.800000 -44.400002 30.600000
0.042725 0.976318 0.137939 -0.011706 0.002128 0.015963 4.800000 -45.000000 31.799999
0.011719 0.952881 0.151123 -0.017028 0.019156 0.013835 4.200000 -42.599998 31.799999
0.042236 0.981201 0.133301 -0.012771 0.008514 0.017028 3.900000 -43.500000 31.500000
0.069824 0.980713 0.112549 -0.015963 0.008514 0.014899 4.500000 -44.700001 30.900000
0.080566 0.970947 0.101562 -0.018092 0.006385 0.015963 4.200000 -43.799999 31.200001
0.058105 0.976074 0.115234 -0.018092 -0.026606 0.011706 3.300000 -42.900002 33.299999
0.063232 0.977539 0.124268 -0.019156 0.005321 0.017028 4.500000 -42.900002 32.700001
0.079346 0.997314 0.125977 -0.023413 -0.001064 0.012771 3.900000 -42.900002 30.900000
0.069580 0.987305 0.109375 -0.018092 -0.014899 0.014899 4.500000 -41.099998 31.500000
0.089111 0.943115 0.080566 -0.021284 -0.037248 0.007450 4.800000 -41.400002 32.400002
0.089844 1.004883 0.090820 -0.027670 -0.103230 0.000000 3.900000 -39.900002 34.500000
0.062744 0.976807 0.109375 -0.022349 -0.108551 0.007450 5.700000 -39.900002 32.099998
0.068848 1.052490 0.135254 -0.013835 -0.094716 0.006385 4.800000 -39.000000 33.599998
0.033936 0.963379 0.130371 -0.014899 -0.052147 0.008514 5.700000 -36.299999 33.900002
0.042725 0.921875 0.127686 -0.021284 0.009578 0.009578 6.300000 -36.299999 33.299999
0.050537 1.024658 0.127686 -0.014899 -0.004257 0.015963 6.900000 -35.700001 32.700001
0.056641 0.976074 0.112549 -0.018092 -0.053211 0.021284 7.800000 -34.200001 32.400002
-0.042725 0.960693 -0.007812 0.001064 -0.056404 0.008514 8.700000 -34.500000 32.099998
0.062744 1.047852 0.204102 -0.023413 -0.106422 0.006385 8.400000 -32.400002 30.000000
0.050537 0.941895 0.139648 -0.019156 -0.124514 0.000000 7.500000 -32.700001 30.299999
0.039795 0.941895 0.153320 -0.022349 -0.093652 0.006385 8.700000 -32.099998 28.500000
0.036133 0.915039 0.091309 -0.023413 -0.071303 0.005321 9.000000 -31.799999 26.400000
0.069092 0.961182 0.103516 -0.006385 -0.103230 0.013835 8.700000 -34.500000 24.900000
0.050537 0.961182 0.065918 -0.024477 -0.163891 -0.001064 9.300000 -33.299999 27.299999
0.044189 1.002930 0.175293 -0.023413 -0.208588 0.000000 9.300000 -32.099998 26.700001
0.066650 1.064697 0.208740 -0.035119 -0.240515 -0.019156 8.700000 -31.500000 24.299999
0.038330 1.120117 0.227051 -0.028734 -0.212845 -0.010642 10.500000 -32.700001 22.500000
0.040283 0.986572 0.169434 -0.029798 -0.193689 -0.004257 9.000000 -31.799999 22.799999
0.039551 0.995117 0.164551 -0.019156 -0.143670 0.001064 8.700000 -31.500000 21.900000
0.033447 0.957275 0.159424 -0.018092 -0.118129 0.007450 8.400000 -32.400002 22.200001
0.009277 0.981201 0.144043 -0.017028 -0.110679 0.001064 7.800000 -33.599998 21.000000
0.031494 0.946045 0.149902 -0.010642 -0.124514 0.001064 9.000000 -33.000000 19.799999
0.029541 1.111084 0.246094 -0.039376 -0.196881 -0.012771 7.200000 -33.000000 19.799999
0.021729 1.033691 0.209961 -0.026606 -0.158569 0.002128 6.900000 -32.700001 21.299999
0.038574 1.000000 0.184326 -0.024477 -0.119193 0.000000 10.200000 -31.200001 19.200001
0.020264 0.928467 0.153809 -0.031927 -0.113872 -0.002128 5.700000 -31.500000 18.299999
0.007568 1.021729 0.222168 -0.025541 -0.045762 0.011706 8.100000 -32.700001 18.299999
0.035889 0.971191 0.187012 -0.023413 0.003193 0.015963 8.400000 -32.400002 18.000000
0.032959 0.967529 0.172852 -0.014899 -0.025541 0.018092 7.800000 -31.799999 18.000000
0.008789 1.003418 0.181396 -0.017028 -0.010642 0.010642 8.700000 -33.900002 18.900000
0.002686 1.036621 0.211670 -0.019156 -0.013835 0.002128 10.500000 -34.500000 18.299999
0.003174 0.996582 0.207031 -0.028734 -0.015963 0.005321 7.800000 -32.400002 16.799999
-0.002441 1.057373 0.222900 -0.020220 0.004257 0.009578 7.500000 -32.700001 16.500000
-0.006836 0.975586 0.213379 -0.015963 0.008514 0.017028 7.800000 -30.600000 17.400000
0.039551 0.967773 0.132568 -0.013835 0.024477 0.017028 7.800000 -33.000000 17.400000
0.045898 0.981445 0.140381 -0.009578 0.021284 0.022349 7.200000 -33.000000 17.400000
0.037109 0.983887 0.143311 -0.013835 0.023413 0.021284 8.400000 -33.599998 18.600000
0.036621 0.974365 0.146973 -0.011706 0.023413 0.018092 7.800000 -34.200001 16.799999
0.043457 0.975342 0.152344 -0.011706 0.023413 0.019156 10.500000 -33.900002 16.500000
0.029053 0.979736 0.141602 -0.012771 0.024477 0.013835 8.100000 -34.500000 17.700001
0.041992 0.984863 0.153076 -0.013835 0.026606 0.018092 8.400000 -34.200001 16.799999
0.037109 0.976074 0.150391 -0.015963 0.023413 0.018092 5.700000 -33.299999 14.700000
0.042236 0.977539 0.139648 -0.012771 0.021284 0.020220 9.300000 -33.900002 18.299999
0.046875 0.977539 0.152832 -0.013835 0.022349 0.017028 8.100000 -34.500000 17.100000
0.041260 0.984375 0.139893 -0.013835 0.021284 0.019156 7.500000 -35.700001 15.900000
0.051270 0.979980 0.147217 -0.013835 0.023413 0.015963 6.900000 -34.500000 16.500000
0.040039 0.976807 0.146484 -0.010642 0.021284 0.018092 8.400000 -32.400002 16.200001
0.035400 0.968750 0.138184 -0.015963 0.025541 0.019156 6.600000 -33.599998 16.799999
0.040283 0.974365 0.137939 -0.011706 0.022349 0.020220 9.300000 -33.900002 17.100000
0.042480 0.970947 0.146729 -0.012771 0.023413 0.020220 9.000000 -33.599998 17.400000
0.035889 0.979248 0.141357 -0.013835 0.024477 0.019156 6.300000 -32.099998 17.100000
0.040771 0.978027 0.136230 -0.012771 0.023413 0.014899 8.700000 -32.099998 17.700001
0.039795 0.978271 0.144287 -0.012771 0.022349 0.019156 7.200000 -33.000000 18.000000
0.042236 0.977051 0.141846 -0.014899 0.023413 0.019156 8.700000 -32.099998 18.299999
0.040771 0.981934 0.146240 -0.012771 0.024477 0.018092 8.400000 -34.200001 16.799999
0.043457 0.984131 0.147705 -0.013835 0.023413 0.020220 8.100000 -33.299999 17.700001
0.047363 0.974609 0.151367 -0.013835 0.023413 0.022349 9.900000 -33.900002 16.500000
0.043457 0.973877 0.136963 -0.013835 0.026606 0.018092 8.400000 -33.000000 16.799999
0.038330 0.984131 0.150146 -0.014899 0.023413 0.019156 7.200000 -33.000000 18.000000
0.041992 0.977051 0.143311 -0.015963 0.025541 0.021284 8.100000 -33.299999 16.500000
0.035889 0.977783 0.152588 -0.012771 0.025541 0.019156 8.400000 -34.200001 16.200001
0.040527 0.981201 0.142578 -0.014899 0.022349 0.019156 7.200000 -33.000000 16.799999
0.040039 0.971436 0.148438 -0.014899 0.021284 0.017028 8.400000 -33.599998 16.200001
0.038330 0.980225 0.149170 -0.015963 0.021284 0.015963 8.400000 -33.000000 17.400000
0.038574 0.979004 0.148193 -0.011706 0.026606 0.021284 8.100000 -35.099998 17.700001
0.037109 0.977539 0.151367 -0.010642 0.027670 0.019156 7.500000 -32.099998 17.100000
0.042480 0.978271 0.148193 -0.015963 0.024477 0.021284 9.300000 -32.700001 17.700001
0.045410 0.976562 0.151611 -0.014899 0.026606 0.019156 9.900000 -34.500000 17.100000
0.035889 0.980957 0.142334 -0.012771 0.024477 0.020220 8.100000 -34.500000 17.700001
0.038330 0.975098 0.138916 -0.013835 0.024477 0.018092 7.800000 -31.799999 17.400000
0.041260 0.977295 0.149902 -0.014899 0.022349 0.019156 7.200000 -33.599998 16.200001
0.051514 0.978516 0.142578 -0.015963 0.023413 0.019156 9.000000 -33.000000 15.600000
0.044922 0.982910 0.142334 -0.012771 0.024477 0.019156 7.500000 -33.299999 16.500000
0.043213 0.978760 0.140625 -0.011706 0.021284 0.020220 9.300000 -32.099998 17.100000
0.037842 0.971680 0.150635 -0.009578 0.021284 0.013835 7.200000 -33.599998 18.000000
0.040283 0.977539 0.141602 -0.010642 0.023413 0.015963 7.200000 -32.400002 18.000000
0.042969 0.978027 0.136963 -0.012771 0.025541 0.017028 6.600000 -33.000000 17.400000
0.040527 0.976074 0.153320 -0.015963 0.025541 0.019156 8.400000 -33.599998 16.799999
0.039551 0.976318 0.141602 -0.012771 0.023413 0.021284 7.800000 -34.799999 18.600000
0.045654 0.980957 0.140625 -0.013835 0.025541 0.017028 7.800000 -31.200001 18.600000
0.041992 0.976562 0.145752 -0.013835 0.025541 0.018092 7.200000 -33.000000 18.000000
0.038330 0.980225 0.138916 -0.011706 0.021284 0.020220 7.800000 -32.400002 16.200001
0.036621 0.977783 0.139893 -0.017028 0.024477 0.020220 7.500000 -32.099998 17.100000
0.037109 0.975830 0.147705 -0.013835 0.024477 0.017028 8.100000 -33.900002 15.900000
0.041504 0.974121 0.142578 -0.011706 0.023413 0.017028 7.500000 -33.299999 17.700001
0.043457 0.973389 0.136963 -0.014899 0.026606 0.019156 7.800000 -31.799999 17.400000
0.043213 0.979004 0.139893 -0.015963 0.023413 0.019156 7.200000 -32.400002 18.000000
0.039062 0.974365 0.145752 -0.012771 0.024477 0.019156 7.800000 -33.599998 16.799999
0.045166 0.974609 0.143555 -0.012771 0.024477 0.015963 7.200000 -33.000000 17.400000
0.042236 0.974365 0.146240 -0.010642 0.024477 0.020220 7.500000 -31.500000 15.900000
0.037354 0.982910 0.144531 -0.011706 0.023413 0.019156 7.800000 -31.200001 16.799999
0.043457 0.979248 0.152100 -0.013835 0.023413 0.018092 8.100000 -32.099998 17.100000
0.037842 0.981445 0.146729 -0.011706 0.023413 0.019156 8.400000 -32.400002 16.200001
0.044922 0.973389 0.147705 -0.013835 0.026606 0.020220 7.500000 -34.500000 15.900000
0.040771 0.973145 0.137451 -0.010642 0.022349 0.018092 7.500000 -33.900002 16.500000
0.045898 0.977539 0.140137 -0.012771 0.023413 0.019156 8.700000 -33.299999 16.500000
0.037354 0.980469 0.150146 -0.012771 0.023413 0.021284 7.800000 -31.799999 16.200001
0.044922 0.975586 0.138672 -0.011706 0.023413 0.020220 8.700000 -33.299999 16.500000
0.039062 0.980225 0.148438 -0.010642 0.023413 0.020220 9.300000 -32.700001 17.700001
0.039551 0.976318 0.144531 -0.013835 0.021284 0.018092 7.800000 -32.400002 18.000000
0.041748 0.979004 0.146240 -0.012771 0.023413 0.018092 7.200000 -33.000000 18.000000
0.043701 0.974609 0.147461 -0.015963 0.027670 0.018092 8.700000 -32.099998 17.100000
0.041748 0.975830 0.141113 -0.013835 0.022349 0.017028 6.000000 -32.400002 16.799999
0.044434 0.980469 0.151123 -0.013835 0.024477 0.018092 8.400000 -34.200001 16.200001
0.047363 0.979248 0.144531 -0.010642 0.022349 0.019156 8.700000 -32.099998 16.500000
0.036865 0.974609 0.147217 -0.014899 0.023413 0.015963 7.500000 -33.299999 17.100000
0.039795 0.976562 0.139404 -0.013835 0.023413 0.018092 8.100000 -33.299999 16.500000
0.041992 0.977051 0.146240 -0.012771 0.024477 0.019156 9.300000 -33.299999 17.700001
0.040039 0.977539 0.143066 -0.011706 0.023413 0.017028 7.800000 -34.200001 17.400000
0.039795 0.973633 0.137939 -0.012771 0.024477 0.018092 7.200000 -33.000000 16.799999
0.039551 0.981689 0.147217 -0.012771 0.022349 0.017028 9.900000 -33.299999 16.500000
0.037842 0.969971 0.146240 -0.013835 0.022349 0.019156 8.700000 -33.299999 18.299999
0.040039 0.981445 0.141357 -0.010642 0.023413 0.021284 8.100000 -32.700001 15.300000
0.041992 0.969727 0.141113 -0.008514 0.024477 0.015963 6.900000 -33.299999 16.500000
0.043457 0.973145 0.149414 -0.012771 0.023413 0.020220 7.800000 -31.799999 17.400000
0.041748 0.972168 0.142578 -0.012771 0.024477 0.019156 8.400000 -34.200001 18.000000
0.045166 0.980713 0.149658 -0.013835 0.025541 0.015963 6.900000 -32.700001 17.700001
0.049316 0.972900 0.148193 -0.014899 0.023413 0.019156 6.900000 -35.099998 17.700001
0.037598 0.978760 0.149658 -0.011706 0.024477 0.019156 8.100000 -32.099998 18.299999
0.042236 0.972656 0.135986 -0.013835 0.020220 0.017028 6.900000 -33.299999 16.500000
0.040771 0.976074 0.153564 -0.015963 0.021284 0.017028 7.800000 -33.000000 16.799999
0.032715 0.978027 0.136719 -0.013835 0.024477 0.019156 5.700000 -33.900002 17.100000
0.047119 0.980713 0.145996 -0.011706 0.022349 0.019156 6.900000 -33.900002 18.299999
0.034424 0.973877 0.145752 -0.015963 0.023413 0.018092 7.800000 -31.799999 17.400000
0.040283 0.972900 0.150879 -0.015963 0.023413 0.019156 7.200000 -32.400002 17.400000
0.039062 0.977539 0.145508 -0.010642 0.021284 0.017028 8.100000 -33.299999 16.500000
0.045166 0.979248 0.147217 -0.017028 0.025541 0.018092 8.700000 -33.299999 17.100000
0.040527 0.978760 0.142822 -0.011706 0.025541 0.022349 8.400000 -33.000000 16.799999
0.040039 0.970703 0.149658 -0.012771 0.023413 0.017028 7.200000 -34.799999 18.000000
0.040771 0.980957 0.138916 -0.012771 0.023413 0.020220 9.600000 -33.000000 16.200001
0.047119 0.977295 0.153076 -0.015963 0.023413 0.020220 7.800000 -33.599998 17.400000
0.044678 0.976562 0.141113 -0.014899 0.022349 0.023413 7.500000 -33.299999 15.900000
0.040039 0.984131 0.145264 -0.012771 0.022349 0.021284 7.800000 -33.000000 17.400000
0.045166 0.975586 0.141113 -0.015963 0.023413 0.020220 7.500000 -33.299999 17.100000
0.045166 0.974121 0.149170 -0.011706 0.023413 0.018092 8.100000 -31.500000 17.100000
0.037598 0.977783 0.155762 -0.019156 0.022349 0.018092 7.800000 -31.799999 16.799999
0.042969 0.972412 0.144043 -0.013835 0.023413 0.018092 8.700000 -33.299999 18.299999
0.044434 0.973877 0.143799 -0.012771 0.024477 0.014899 7.800000 -32.400002 17.400000
0.037109 0.983887 0.148438 -0.014899 0.020220 0.018092 7.800000 -34.200001 15.600000
0.041504 0.978760 0.137695 -0.012771 0.021284 0.018092 9.300000 -33.900002 18.900000
0.036621 0.979004 0.142578 -0.014899 0.024477 0.021284 6.600000 -33.000000 17.400000
0.042725 0.981445 0.140869 -0.015963 0.026606 0.021284 8.100000 -32.099998 17.100000
0.038574 0.978760 0.151123 -0.013835 0.025541 0.020220 8.400000 -34.799999 16.799999
0.042725 0.979492 0.141602 -0.013835 0.024477 0.018092 7.200000 -32.400002 17.400000
0.043213 0.979248 0.141602 -0.014899 0.024477 0.017028 7.800000 -34.200001 15.600000
0.039307 0.982910 0.142822 -0.013835 0.024477 0.018092 8.100000 -33.900002 16.500000
0.044189 0.977051 0.141846 -0.014899 0.021284 0.018092 8.400000 -33.599998 16.200001
0.046387 0.982422 0.140381 -0.014899 0.020220 0.018092 7.800000 -34.799999 17.400000
0.040283 0.978760 0.142578 -0.013835 0.026606 0.015963 7.200000 -33.000000 17.400000
0.040771 0.971680 0.148926 -0.015963 0.024477 0.019156 10.200000 -34.200001 16.799999
0.041504 0.972412 0.138672 -0.013835 0.023413 0.018092 7.500000 -33.299999 17.100000
0.043213 0.973389 0.146729 -0.011706 0.020220 0.020220 8.700000 -33.299999 15.300000
0.037354 0.979004 0.145264 -0.014899 0.023413 0.019156 7.800000 -33.000000 17.400000
0.044678 0.979248 0.148193 -0.015963 0.024477 0.018092 8.400000 -33.000000 17.400000
0.044189 0.973145 0.145264 -0.014899 0.025541 0.021284 9.000000 -32.400002 18.000000
0.035400 0.973633 0.138916 -0.010642 0.022349 0.020220 8.100000 -33.900002 18.299999
0.043701 0.978760 0.154053 -0.012771 0.024477 0.019156 9.300000 -32.700001 18.900000
0.038330 0.976074 0.145752 -0.013835 0.024477 0.017028 8.400000 -34.200001 18.600000
0.044434 0.978027 0.139648 -0.015963 0.023413 0.018092 7.200000 -32.400002 18.000000
0.040527 0.973389 0.139893 -0.010642 0.025541 0.019156 7.500000 -33.900002 17.100000
0.039062 0.973145 0.149414 -0.015963 0.022349 0.020220 8.100000 -33.299999 15.900000
0.039795 0.976562 0.143311 -0.015963 0.022349 0.019156 9.000000 -33.000000 16.200001
0.039062 0.979248 0.150146 -0.012771 0.025541 0.017028 9.600000 -33.599998 17.400000
0.038330 0.971191 0.143799 -0.019156 0.023413 0.018092 7.500000 -33.900002 16.500000
0.041992 0.975830 0.140137 -0.010642 0.026606 0.019156 7.500000 -34.500000 16.500000
0.047119 0.974121 0.149902 -0.013835 0.023413 0.019156 9.000000 -34.200001 16.799999
0.048584 0.978027 0.144287 -0.015963 0.023413 0.018092 7.500000 -32.700001 17.700001
0.039551 0.975586 0.144287 -0.014899 0.024477 0.020220 7.500000 -33.299999 16.500000
0.045654 0.978271 0.136230 -0.017028 0.025541 0.021284 8.700000 -34.500000 17.100000
0.041748 0.980957 0.146240 -0.013835 0.021284 0.019156 6.600000 -33.599998 16.200001
0.041992 0.978027 0.145996 -0.010642 0.022349 0.017028 9.000000 -31.200001 16.799999
