0.000000 0.000000 19157844440472843452416.000000 -0.013835 0.027670 0.020220 6.600000 -33.599998 72.599998
-0.023193 0.012207 -0.969238 -0.011706 0.025541 0.017028 6.000000 -33.000000 72.000000
-0.022461 0.007568 -0.973633 -0.012771 0.024477 0.018092 6.300000 -34.500000 71.699997
-0.025635 0.018555 -0.972656 -0.010642 0.028734 0.020220 5.400000 -33.000000 72.599998
-0.020508 0.011230 -0.975586 -0.013835 0.023413 0.019156 6.300000 -31.500000 71.699997
-0.033203 0.019775 -0.962891 -0.015963 0.024477 0.017028 6.900000 -32.700001 72.900002
-0.028076 0.007080 -0.976074 -0.013835 0.025541 0.021284 6.600000 -32.400002 71.400002
-0.031494 0.012207 -0.974609 -0.017028 0.027670 0.019156 6.000000 -33.000000 72.599998
-0.031006 0.014160 -0.969238 -0.011706 0.026606 0.018092 6.600000 -34.200001 71.400002
-0.029053 0.010498 -0.973145 -0.013835 0.025541 0.019156 6.000000 -33.000000 73.199997
-0.022949 0.013916 -0.972168 -0.011706 0.027670 0.018092 6.600000 -34.200001 71.400002
-0.025879 0.010010 -0.974609 -0.012771 0.024477 0.019156 5.700000 -31.500000 72.900002
-0.024170 0.014648 -0.971924 -0.014899 0.024477 0.019156 6.600000 -33.599998 72.000000
-0.021484 0.014648 -0.975098 -0.013835 0.026606 0.018092 5.100000 -33.299999 72.300003
-0.025635 0.009277 -0.972168 -0.013835 0.021284 0.018092 5.700000 -32.700001 71.699997
-0.026367 0.013672 -0.979492 -0.011706 0.025541 0.020220 4.800000 -32.400002 73.199997
-0.027100 0.014160 -0.963623 -0.013835 0.025541 0.019156 6.600000 -32.400002 73.800003
-0.021973 0.015137 -0.968994 -0.013835 0.024477 0.018092 7.200000 -32.400002 72.599998
-0.022949 0.012451 -0.976562 -0.014899 0.026606 0.021284 6.900000 -32.700001 72.300003
-0.027344 0.017578 -0.965576 -0.015963 0.026606 0.018092 5.100000 -32.700001 72.900002
-0.015869 0.008545 -0.977295 -0.013835 0.025541 0.017028 5.700000 -33.299999 72.300003
-0.027100 0.008301 -0.966064 -0.015963 0.026606 0.021284 7.200000 -33.599998 71.400002
-0.023926 0.015869 -0.973633 -0.011706 0.023413 0.020220 6.600000 -32.400002 73.800003
-0.034180 0.010254 -0.968750 -0.012771 0.024477 0.020220 5.700000 -32.099998 71.099998
-0.023926 0.004150 -0.967041 -0.015963 0.026606 0.018092 5.700000 -33.299999 73.500000
-0.024902 0.012207 -0.968262 -0.014899 0.025541 0.018092 6.000000 -33.000000 73.199997
-0.027832 0.017090 -0.976562 -0.012771 0.028734 0.017028 6.300000 -32.099998 72.300003
-0.030029 0.007568 -0.965332 -0.014899 0.025541 0.015963 5.700000 -32.700001 71.699997
-0.024170 0.010498 -0.971924 -0.013835 0.022349 0.019156 6.000000 -33.000000 72.000000
-0.019531 0.013428 -0.972168 -0.013835 0.025541 0.019156 4.200000 -33.000000 71.400002
-0.023682 0.014404 -0.968994 -0.015963 0.027670 0.017028 4.800000 -31.799999 72.000000
-0.022705 0.012939 -0.970947 -0.012771 0.027670 0.017028 6.600000 -33.000000 72.000000
-0.027100 0.012451 -0.980225 -0.014899 0.026606 0.017028 5.400000 -34.799999 72.000000
-0.030029 0.014404 -0.970215 -0.009578 0.024477 0.018092 6.900000 -32.700001 71.099998
-0.027344 0.006104 -0.971924 -0.017028 0.022349 0.019156 5.700000 -30.900000 72.900002
-0.025391 0.016846 -0.964111 -0.013835 0.025541 0.017028 4.800000 -33.000000 72.000000
-0.023193 0.017334 -0.965820 -0.011706 0.022349 0.018092 5.700000 -32.700001 71.699997
-0.026611 0.013184 -0.970947 -0.012771 0.028734 0.019156 5.400000 -33.000000 73.199997
-0.027100 0.012451 -0.971924 -0.009578 0.025541 0.020220 6.600000 -33.000000 73.199997
0.008301 0.045166 -0.714111 -0.001064 0.057468 0.027670 6.000000 -33.599998 71.400002
-0.033936 0.084717 -0.860107 0.018092 0.044697 0.013835 5.700000 -32.700001 73.500000
-0.036865 0.031982 -0.937500 -0.006385 0.036184 0.011706 6.900000 -32.700001 71.699997
-0.045166 -0.000977 -0.938477 -0.011706 0.014899 0.013835 6.300000 -32.099998 72.300003
-0.037354 0.047607 -0.985352 -0.024477 0.025541 0.021284 7.200000 -33.000000 72.000000
-0.026367 0.009277 -0.977783 -0.020220 0.008514 0.026606 6.000000 -32.400002 72.599998
-0.011475 0.010986 -0.998779 -0.025541 0.026606 0.022349 6.600000 -33.599998 72.000000
-0.021973 -0.008545 -0.967041 -0.015963 0.017028 0.017028 5.400000 -32.400002 72.599998
-0.017334 0.002930 -0.982422 -0.014899 0.029798 0.012771 6.600000 -31.799999 72.000000
-0.028809 0.006836 -0.961182 -0.006385 0.030863 0.018092 4.800000 -31.799999 72.599998
-0.026611 0.028564 -0.958496 -0.009578 0.035119 0.020220 4.200000 -33.599998 72.599998
-0.033447 0.021729 -0.962402 -0.010642 0.027670 0.019156 5.100000 -31.500000 73.500000
-0.025146 0.020020 -0.969727 -0.011706 0.029798 0.015963 6.300000 -32.700001 74.099998
-0.027588 0.010498 -0.969482 -0.014899 0.021284 0.019156 6.000000 -31.799999 72.599998
-0.022461 0.005371 -0.977051 -0.012771 0.023413 0.020220 6.600000 -33.599998 73.199997
-0.020508 0.008301 -0.989014 -0.015963 0.022349 0.022349 6.300000 -32.099998 71.699997
-0.024902 0.011963 -0.980957 -0.018092 0.027670 0.018092 6.000000 -33.000000 71.400002
-0.020020 0.009033 -0.976807 -0.017028 0.022349 0.019156 5.700000 -32.099998 72.300003
-0.027832 0.015625 -0.982666 -0.014899 0.025541 0.020220 6.000000 -30.600000 72.000000
-0.028564 0.011719 -0.971680 -0.008514 0.027670 0.018092 5.700000 -32.700001 72.300003
-0.033936 0.009766 -0.970215 -0.013835 0.025541 0.017028 4.200000 -33.000000 72.000000
-0.024902 0.012451 -0.967041 -0.012771 0.023413 0.019156 6.300000 -33.299999 72.900002
-0.025635 0.002930 -0.975586 -0.012771 0.025541 0.018092 6.900000 -32.700001 71.099998
-0.029297 0.011475 -0.978516 -0.013835 0.025541 0.018092 3.900000 -30.900000 72.300003
-0.019287 0.009277 -0.974854 -0.014899 0.025541 0.019156 6.000000 -31.799999 73.800003
-0.023193 0.016113 -0.979004 -0.009578 0.024477 0.015963 6.600000 -33.000000 73.199997
-0.017822 0.012207 -0.955078 -0.012771 0.024477 0.017028 6.000000 -32.400002 72.599998
-0.031250 0.015137 -0.974854 -0.014899 0.025541 0.017028 7.200000 -33.000000 71.400002
-0.025879 0.009033 -0.975098 -0.013835 0.025541 0.017028 6.000000 -33.000000 72.599998
-0.025635 0.006836 -0.981689 -0.014899 0.023413 0.018092 5.100000 -33.299999 72.300003
-0.029297 0.011230 -0.975342 -0.013835 0.025541 0.019156 6.000000 -33.000000 73.199997
-0.022461 0.006836 -0.963379 -0.012771 0.023413 0.019156 6.000000 -34.799999 72.599998
-0.031982 0.016602 -0.974121 -0.014899 0.025541 0.020220 4.800000 -32.400002 72.599998
-0.025879 0.011719 -0.956787 -0.015963 0.026606 0.018092 5.700000 -33.299999 71.099998
-0.019531 0.019531 -0.977783 -0.017028 0.025541 0.021284 6.300000 -32.099998 71.699997
-0.024170 0.014648 -0.967041 -0.013835 0.025541 0.020220 6.900000 -32.700001 72.900002
-0.026855 0.012451 -0.965576 -0.014899 0.022349 0.019156 4.800000 -32.400002 71.400002
-0.030518 0.013428 -0.978760 -0.011706 0.027670 0.014899 6.000000 -32.400002 72.599998
-0.029541 0.013428 -0.978516 -0.013835 0.025541 0.017028 5.100000 -33.299999 71.099998
-0.026855 0.008545 -0.973145 -0.015963 0.025541 0.019156 5.100000 -33.900002 71.099998
-0.028809 0.010498 -0.989258 -0.010642 0.025541 0.018092 8.400000 -32.400002 73.199997
-0.022217 0.008789 -0.969727 -0.014899 0.027670 0.019156 6.600000 -34.200001 72.000000
-0.087402 0.024902 -1.134766 0.002128 0.069175 0.030863 8.100000 -31.500000 72.900002
-0.049805 0.051758 -0.992920 0.047890 0.035119 -0.021284 7.200000 -32.400002 73.800003
-0.006348 -0.054688 -1.050781 -0.014899 0.036184 0.001064 5.700000 -31.500000 72.900002
-0.027344 -0.028320 -0.980713 -0.026606 0.018092 0.015963 6.300000 -32.700001 72.300003
0.002441 -0.016113 -1.023193 -0.011706 0.022349 0.027670 5.700000 -32.700001 73.500000
-0.043701 0.009277 -0.943359 0.013835 0.045762 0.026606 6.300000 -33.299999 71.699997
-0.027344 0.038330 -0.971680 0.013835 0.036184 0.019156 6.300000 -32.099998 73.500000
-0.049805 0.021729 -0.930908 0.001064 0.050019 0.009578 5.400000 -32.400002 70.199997
-0.042480 0.026367 -0.961182 0.003193 0.036184 0.017028 5.400000 -33.599998 71.400002
-0.034668 0.012207 -0.952393 -0.015963 0.030863 0.020220 5.400000 -32.400002 72.000000
-0.032959 0.041260 -0.963135 -0.013835 0.021284 0.019156 5.700000 -32.099998 72.900002
-0.027588 0.011719 -0.975342 -0.023413 0.018092 0.022349 5.700000 -32.099998 73.500000
-0.011475 0.001465 -0.993896 -0.023413 0.014899 0.018092 5.700000 -33.299999 72.900002
-0.018799 -0.009766 -0.990723 -0.023413 0.020220 0.015963 5.700000 -30.900000 71.699997
-0.025146 0.000977 -0.982666 -0.018092 0.025541 0.020220 6.000000 -34.200001 72.000000
-0.031006 0.018066 -0.977051 -0.011706 0.029798 0.019156 5.700000 -32.099998 73.500000
-0.023438 0.019287 -0.966309 -0.008514 0.030863 0.017028 6.000000 -32.400002 71.400002
-0.035156 0.018799 -0.962891 -0.006385 0.031927 0.017028 5.100000 -32.700001 72.300003
-0.023682 0.015381 -0.969482 -0.013835 0.024477 0.022349 6.600000 -32.400002 72.599998
-0.034180 0.011963 -0.972168 -0.015963 0.028734 0.015963 5.400000 -32.400002 72.599998
-0.021729 0.011475 -0.977539 -0.015963 0.022349 0.019156 5.400000 -31.200001 70.800003
-0.017334 0.012207 -0.980225 -0.015963 0.021284 0.020220 6.600000 -33.000000 72.599998
-0.026611 0.006104 -0.966797 -0.017028 0.023413 0.018092 6.900000 -32.099998 73.500000
-0.023193 0.010254 -0.981445 -0.015963 0.027670 0.017028 6.300000 -33.299999 71.099998
-0.022949 0.010010 -0.965820 -0.012771 0.028734 0.015963 6.600000 -33.000000 72.599998
-0.024658 0.012451 -0.977051 -0.009578 0.026606 0.018092 5.100000 -32.700001 71.699997
-0.025146 0.014648 -0.970215 -0.012771 0.027670 0.018092 6.000000 -33.000000 71.400002
-0.034912 0.006592 -0.978516 -0.011706 0.024477 0.015963 7.500000 -33.299999 71.099998
-0.031494 0.009033 -0.982178 -0.017028 0.024477 0.017028 5.700000 -33.299999 72.300003
-0.021973 0.012695 -0.971191 -0.014899 0.025541 0.017028 5.100000 -33.299999 71.099998
-0.021729 0.012695 -0.969971 -0.018092 0.021284 0.017028 6.000000 -34.200001 71.400002
-0.031006 0.015869 -0.975586 -0.013835 0.024477 0.017028 6.900000 -33.900002 71.699997
-0.021484 0.017090 -0.973145 -0.012771 0.027670 0.019156 5.700000 -32.099998 71.099998
-0.027100 0.010742 -0.976318 -0.013835 0.026606 0.018092 7.200000 -33.599998 72.000000
-0.023438 0.014893 -0.972656 -0.013835 0.028734 0.019156 6.600000 -32.400002 72.599998
-0.023438 0.014648 -0.966309 -0.013835 0.026606 0.018092 6.000000 -31.799999 72.599998
-0.024414 0.012451 -0.974609 -0.013835 0.025541 0.019156 6.600000 -33.599998 72.000000
-0.031250 0.011230 -0.978760 -0.014899 0.025541 0.020220 4.800000 -32.400002 72.000000
-0.027100 0.006592 -0.978027 -0.012771 0.023413 0.018092 5.100000 -33.900002 72.900002
-0.023926 0.009277 -0.968018 -0.015963 0.026606 0.019156 5.700000 -32.099998 72.900002
-0.022949 0.016602 -0.970703 0.028734 0.029798 0.100037 6.300000 -32.099998 72.300003
0.006592 0.185303 -1.177246 -0.035119 -0.022349 -0.010642 6.900000 -33.900002 72.300003
-0.229492 0.026367 -1.074463 0.045762 -0.065982 0.039376 4.800000 -32.400002 72.599998
-0.000732 -0.015137 -1.014648 -0.023413 0.058532 -0.025541 5.700000 -32.099998 71.699997
-0.003662 -0.035889 -0.989502 -0.059597 0.034055 0.005321 5.700000 -32.099998 71.699997
-0.053467 0.226318 -0.845703 0.060661 0.052147 0.017028 5.700000 -33.299999 72.300003
-0.016113 -0.052734 -0.994873 -0.089395 -0.003193 0.012771 8.100000 -33.299999 71.099998
-0.030518 -0.043457 -0.979492 -0.006385 -0.022349 0.017028 6.600000 -32.400002 71.400002
-0.060059 0.028076 -0.942139 -0.023413 0.072367 0.020220 6.600000 -33.000000 71.400002
-0.058838 0.074707 -0.901367 0.005321 0.029798 0.036184 6.900000 -30.900000 71.699997
-0.040527 0.115234 -0.962891 0.000000 0.043633 0.019156 6.600000 -33.000000 72.599998
-0.066650 0.034668 -0.905762 -0.009578 0.044697 0.010642 5.400000 -33.599998 71.400002
-0.026611 -0.000977 -1.003418 -0.026606 0.010642 0.013835 6.600000 -32.400002 73.199997
-0.014160 -0.023193 -0.989502 -0.020220 0.000000 0.019156 7.800000 -32.400002 73.199997
-0.028076 -0.012939 -0.984375 -0.015963 0.037248 0.012771 5.700000 -32.700001 72.900002
-0.023193 0.008789 -0.980225 0.002128 0.038312 0.018092 6.900000 -33.299999 71.699997
-0.044678 0.027344 -0.941895 -0.009578 0.040441 0.023413 4.500000 -33.900002 72.900002
-0.031982 0.030029 -0.968750 -0.013835 0.022349 0.020220 7.200000 -33.599998 72.599998
-0.019775 0.009277 -0.972412 -0.019156 0.013835 0.021284 7.800000 -31.799999 71.400002
-0.014404 0.006348 -0.991943 -0.018092 0.023413 0.021284 6.900000 -31.500000 70.500000
-0.030273 0.006836 -0.968262 -0.010642 0.026606 0.018092 6.900000 -31.500000 71.699997
-0.030029 0.012451 -0.966309 -0.010642 0.031927 0.017028 4.800000 -33.000000 72.000000
-0.033203 0.014160 -0.965820 -0.008514 0.027670 0.018092 5.400000 -32.400002 72.599998
-0.032959 0.019531 -0.962158 -0.011706 0.031927 0.018092 5.700000 -33.299999 71.099998
-0.024902 0.012939 -0.967285 -0.010642 0.024477 0.017028 5.700000 -32.099998 71.699997
-0.024170 0.016602 -0.979248 -0.015963 0.022349 0.019156 6.300000 -32.700001 71.099998
-0.018066 0.008057 -0.984863 -0.019156 0.024477 0.019156 6.600000 -33.000000 70.800003
-0.024902 0.010498 -0.975098 -0.013835 0.023413 0.018092 5.400000 -32.400002 72.599998
-0.024658 0.013184 -0.964844 -0.013835 0.027670 0.019156 6.600000 -32.400002 71.400002
-0.027832 0.009033 -0.972656 -0.013835 0.027670 0.020220 6.900000 -32.099998 72.300003
-0.027588 0.011963 -0.971924 -0.012771 0.028734 0.018092 6.600000 -33.599998 72.599998
-0.022949 0.015381 -0.961670 -0.013835 0.023413 0.019156 5.700000 -32.700001 72.900002
-0.021973 0.008545 -0.968262 -0.014899 0.022349 0.018092 5.400000 -33.000000 72.000000
-0.027100 0.011475 -0.973145 -0.014899 0.024477 0.018092 5.400000 -32.400002 70.800003
-0.032959 0.016602 -0.967773 -0.012771 0.028734 0.021284 7.800000 -32.400002 73.199997
-0.028809 0.019531 -0.970215 -0.012771 0.024477 0.018092 7.200000 -33.599998 71.400002
-0.024170 0.010986 -0.966064 -0.013835 0.026606 0.019156 5.100000 -32.700001 72.300003
-0.028320 0.014893 -0.970703 -0.013835 0.023413 0.018092 7.200000 -32.400002 72.599998
-0.027100 0.013672 -0.973877 -0.010642 0.024477 0.020220 6.000000 -32.400002 71.400002
-0.027588 0.011230 -0.972900 -0.014899 0.025541 0.018092 5.700000 -32.099998 72.300003
-0.018799 0.008301 -0.971436 -0.014899 0.024477 0.022349 5.700000 -32.700001 72.900002
-0.027100 0.011230 -0.976074 -0.013835 0.025541 0.017028 6.300000 -32.700001 72.900002
-0.025146 0.010498 -0.970703 -0.013835 0.026606 0.020220 7.200000 -31.799999 72.599998
-0.026855 0.018555 -0.975342 -0.013835 0.028734 0.019156 5.700000 -32.099998 72.300003
-0.025879 0.010742 -0.977539 -0.015963 0.028734 0.017028 5.100000 -31.500000 71.699997
-0.018555 0.008789 -0.964844 -0.010642 0.026606 0.017028 7.200000 -32.400002 72.000000
-0.029297 0.013672 -0.976074 -0.011706 0.027670 0.020220 6.300000 -32.700001 71.699997
-0.028809 0.012451 -0.967041 -0.014899 0.026606 0.019156 5.100000 -32.700001 72.900002
-0.022461 0.014160 -0.972900 -0.012771 0.025541 0.018092 4.500000 -33.900002 71.099998
-0.019775 0.016113 -0.970459 -0.011706 0.026606 0.015963 7.500000 -32.099998 72.300003
-0.024658 0.015869 -0.961914 -0.014899 0.025541 0.014899 3.900000 -32.700001 72.300003
-0.029541 0.008057 -0.973145 -0.013835 0.024477 0.019156 6.600000 -31.799999 71.400002
-0.030273 0.012695 -0.975586 -0.015963 0.024477 0.022349 4.500000 -32.700001 72.900002
-0.024170 0.008545 -0.968994 -0.011706 0.025541 0.019156 5.700000 -33.299999 72.300003
-0.022705 0.018066 -0.972656 -0.015963 0.024477 0.018092 5.700000 -31.500000 72.300003
-0.020264 0.010498 -0.969482 -0.012771 0.025541 0.018092 5.400000 -32.400002 70.800003
-0.027100 0.010254 -0.967773 -0.014899 0.026606 0.020220 6.300000 -31.500000 72.900002
-0.029297 0.015625 -0.981934 -0.015963 0.027670 0.019156 5.100000 -32.700001 71.699997
-0.029541 0.015869 -0.963867 -0.011706 0.026606 0.015963 5.100000 -32.700001 72.900002
-0.028320 0.016357 -0.966309 -0.015963 0.026606 0.018092 5.700000 -32.700001 72.300003
-0.026367 0.015869 -0.963379 -0.013835 0.027670 0.013835 5.700000 -31.500000 71.699997
-0.028320 0.005859 -0.974121 -0.014899 0.025541 0.018092 5.100000 -33.900002 72.300003
-0.028809 0.014160 -0.975586 -0.011706 0.026606 0.018092 7.200000 -33.000000 72.000000
-0.028076 0.015137 -0.971191 -0.010642 0.025541 0.017028 5.700000 -34.500000 72.900002
-0.028809 0.013184 -0.968262 -0.013835 0.025541 0.019156 6.300000 -32.700001 72.300003
-0.023438 0.008789 -0.971680 -0.015963 0.025541 0.018092 5.700000 -31.500000 72.300003
-0.025391 0.015381 -0.969482 -0.013835 0.026606 0.020220 5.400000 -32.400002 72.599998
-0.026855 0.009766 -0.972168 -0.014899 0.024477 0.018092 7.800000 -31.200001 72.599998
-0.018799 0.017578 -0.979004 -0.012771 0.025541 0.018092 7.500000 -32.700001 72.300003
-0.034668 0.009033 -0.967773 -0.013835 0.026606 0.019156 6.300000 -34.500000 71.699997
-0.030518 0.016113 -0.970459 -0.012771 0.026606 0.017028 4.800000 -33.599998 72.000000
-0.023438 0.013916 -0.975098 -0.015963 0.024477 0.015963 6.900000 -32.700001 71.099998
-0.022461 0.010498 -0.976318 -0.011706 0.023413 0.018092 5.700000 -31.500000 72.300003
-0.027100 0.012695 -0.974121 -0.013835 0.025541 0.020220 6.300000 -33.299999 71.099998
-0.024902 0.011963 -0.975342 -0.013835 0.021284 0.014899 5.100000 -31.500000 72.300003
-0.025879 0.007080 -0.961670 -0.014899 0.023413 0.019156 6.900000 -33.299999 72.300003
-0.059082 0.057129 -0.893066 -0.036184 -0.036184 -0.221359 7.200000 -31.799999 72.599998
-0.084717 -0.092529 -1.048340 0.000000 0.085138 -0.062789 6.900000 -33.900002 71.099998
-0.035400 -0.044678 -0.968750 0.060661 -0.010642 0.001064 7.200000 -30.600000 73.800003
-0.017822 0.013672 -1.028564 -0.013835 0.081945 0.021284 6.300000 -32.700001 72.900002
-0.042969 0.054199 -0.947021 0.036184 0.018092 0.040441 6.600000 -33.000000 72.599998
-0.050049 0.087646 -0.927246 -0.022349 0.065982 0.020220 8.100000 -33.900002 72.300003
-0.028076 0.058105 -0.980957 -0.001064 0.006385 0.024477 7.800000 -31.799999 71.400002
-0.018066 -0.014893 -0.971680 -0.030863 0.021284 0.014899 5.700000 -32.700001 71.699997
-0.021973 -0.001221 -1.013916 -0.015963 0.017028 0.013835 7.200000 -32.400002 73.800003
-0.015869 0.003174 -0.972412 -0.010642 0.029798 0.015963 6.300000 -33.299999 72.900002
-0.023926 0.028809 -0.982910 -0.008514 0.030863 0.022349 6.300000 -32.700001 71.099998
-0.030273 0.024414 -0.954346 -0.011706 0.031927 0.020220 7.200000 -34.200001 72.599998
-0.022705 0.024902 -0.981201 -0.018092 0.024477 0.017028 8.100000 -32.700001 71.699997
-0.019287 -0.001953 -0.968262 -0.015963 0.023413 0.014899 6.000000 -30.600000 72.599998
-0.030762 0.020508 -0.980225 -0.014899 0.024477 0.022349 7.200000 -32.400002 72.599998
-0.028809 0.008789 -0.968750 -0.008514 0.027670 0.021284 4.800000 -33.000000 71.400002
-0.023926 0.015381 -0.979004 -0.013835 0.027670 0.018092 6.000000 -33.599998 72.000000
-0.027344 0.014160 -0.962891 -0.013835 0.022349 0.017028 5.700000 -34.500000 71.699997
-0.029297 0.007568 -0.972656 -0.013835 0.023413 0.019156 5.400000 -33.000000 70.199997
-0.026123 0.007324 -0.970703 -0.008514 0.025541 0.019156 6.600000 -33.000000 72.000000
-0.026855 0.011963 -0.974121 -0.012771 0.027670 0.018092 5.700000 -32.700001 71.699997
-0.030029 0.017578 -0.979248 -0.017028 0.027670 0.018092 5.400000 -34.799999 72.000000
-0.028564 0.031006 -0.976318 -0.013835 0.023413 0.017028 5.400000 -33.000000 70.800003
-0.022217 0.015625 -0.968994 -0.017028 0.024477 0.019156 4.800000 -31.799999 72.000000
-0.021484 0.006836 -0.968262 -0.017028 0.025541 0.020220 6.300000 -33.299999 71.699997
-0.026367 0.012207 -0.974121 -0.013835 0.027670 0.019156 6.900000 -33.299999 72.900002
-0.023438 0.015137 -0.969727 -0.013835 0.024477 0.019156 6.600000 -32.400002 72.599998
-0.023926 0.012695 -0.973877 -0.012771 0.027670 0.015963 5.700000 -31.500000 72.300003
-0.026123 0.008545 -0.968506 -0.014899 0.028734 0.020220 6.300000 -31.500000 74.699997
-0.024658 0.008789 -0.981445 -0.015963 0.024477 0.018092 8.100000 -32.099998 72.300003
-0.020996 0.018066 -0.973877 -0.015963 0.025541 0.019156 5.700000 -32.700001 72.900002
-0.026611 0.023193 -0.972168 -0.015963 0.024477 0.018092 6.600000 -33.599998 73.199997
-0.025635 0.014893 -0.975586 -0.008514 0.028734 0.017028 6.000000 -31.799999 71.400002
-0.027344 0.013428 -0.968994 -0.017028 0.027670 0.019156 5.700000 -31.500000 72.300003
-0.026855 0.013916 -0.973389 -0.013835 0.027670 0.021284 5.100000 -32.700001 72.300003
-0.030273 0.009521 -0.980469 -0.012771 0.024477 0.017028 7.500000 -33.299999 73.500000
-0.029053 0.008301 -0.973633 -0.012771 0.026606 0.019156 5.700000 -32.099998 70.500000
-0.024658 0.011963 -0.979492 -0.015963 0.025541 0.018092 5.700000 -33.900002 71.699997
-0.029785 0.007324 -0.973633 -0.014899 0.026606 0.019156 5.100000 -33.900002 72.300003
-0.025635 0.013184 -0.975586 -0.013835 0.025541 0.017028 7.500000 -32.700001 72.300003
-0.025635 0.014648 -0.968750 -0.014899 0.027670 0.015963 6.600000 -31.799999 73.199997
-0.026367 0.008789 -0.977539 -0.017028 0.026606 0.019156 5.400000 -33.599998 71.400002
-0.027344 0.008301 -0.961426 -0.012771 0.025541 0.019156 5.700000 -33.900002 72.300003
-0.027100 0.017090 -0.977539 -0.013835 0.025541 0.019156 5.400000 -31.200001 73.199997
-0.024902 0.017822 -0.975098 -0.013835 0.027670 0.015963 8.700000 -33.299999 72.300003
-0.024170 0.008789 -0.975830 -0.011706 0.024477 0.019156 5.700000 -33.900002 72.300003
-0.030273 0.006348 -0.970703 -0.013835 0.024477 0.017028 7.500000 -32.700001 72.300003
-0.024170 0.013672 -0.975586 -0.011706 0.027670 0.020220 5.700000 -31.500000 72.300003
-0.020752 0.018555 -0.971191 -0.012771 0.024477 0.020220 6.300000 -33.299999 71.699997
-0.029541 0.002686 -0.972900 -0.012771 0.027670 0.015963 5.400000 -32.400002 70.800003
-0.019043 0.007080 -0.968750 -0.011706 0.024477 0.017028 6.900000 -33.299999 72.300003
-0.020264 0.012939 -0.969971 -0.011706 0.022349 0.020220 6.300000 -32.700001 70.500000
-0.024414 0.010986 -0.969727 -0.012771 0.025541 0.019156 6.600000 -33.000000 72.599998
-0.027588 0.016357 -0.969238 -0.012771 0.027670 0.015963 6.900000 -31.500000 70.500000
-0.023193 0.013672 -0.972900 -0.014899 0.024477 0.017028 6.600000 -30.000000 70.800003
-0.021484 0.010010 -0.967773 -0.012771 0.025541 0.019156 6.300000 -32.700001 71.699997
-0.031250 0.014893 -0.972412 -0.009578 0.026606 0.020220 7.500000 -32.700001 71.699997
-0.026367 0.015869 -0.975098 -0.011706 0.025541 0.019156 6.600000 -32.400002 73.199997
-0.025879 0.012207 -0.969238 -0.013835 0.022349 0.017028 6.900000 -33.299999 71.099998
-0.029297 0.014160 -0.964355 -0.013835 0.024477 0.018092 6.900000 -30.900000 72.900002
-0.021973 0.016846 -0.971680 -0.014899 0.025541 0.019156 7.200000 -32.400002 72.000000
-0.029785 0.010254 -0.975586 -0.015963 0.025541 0.020220 5.100000 -33.299999 72.900002
-0.022217 0.013916 -0.977539 -0.013835 0.024477 0.019156 6.300000 -32.700001 72.900002
-0.029053 0.013184 -0.979248 -0.012771 0.025541 0.019156 6.000000 -34.799999 73.800003
-0.032227 0.015137 -0.973389 -0.013835 0.026606 0.019156 6.300000 -34.500000 72.300003
-0.024658 0.010498 -0.970947 -0.015963 0.027670 0.020220 6.000000 -32.400002 73.199997
-0.026611 0.009033 -0.967773 -0.014899 0.025541 0.018092 6.900000 -32.099998 72.300003
-0.030762 0.011230 -0.971680 -0.013835 0.025541 0.021284 6.000000 -33.000000 72.599998
-0.025635 0.009277 -0.964600 -0.012771 0.027670 0.017028 8.100000 -32.700001 72.900002
-0.022949 0.011719 -0.977051 -0.013835 0.027670 0.017028 6.000000 -33.000000 72.000000
-0.024414 0.015381 -0.972168 -0.015963 0.026606 0.020220 6.600000 -31.799999 72.000000
-0.020996 0.011475 -0.967041 -0.015963 0.024477 0.020220 7.500000 -33.900002 72.300003
-0.030273 0.016602 -0.976318 -0.014899 0.028734 0.015963 6.300000 -32.099998 72.900002
-0.020996 0.015869 -0.976562 -0.011706 0.023413 0.018092 5.700000 -34.500000 73.500000
-0.022705 0.012451 -0.973389 -0.014899 0.025541 0.017028 5.700000 -33.900002 72.300003
-0.032471 0.004150 -0.972900 -0.018092 0.027670 0.022349 6.900000 -32.700001 71.699997
-0.017822 0.019775 -0.980957 -0.014899 0.027670 0.017028 5.100000 -32.700001 72.900002
-0.030029 0.017578 -0.965576 -0.012771 0.025541 0.020220 5.700000 -32.099998 72.300003
-0.021729 0.011719 -0.976074 -0.015963 0.027670 0.020220 8.100000 -33.299999 71.699997
-0.024170 0.010986 -0.975098 -0.011706 0.025541 0.019156 8.100000 -33.299999 72.900002
-0.024170 0.009033 -0.967529 -0.014899 0.023413 0.017028 5.400000 -31.799999 72.599998
-0.029785 0.013916 -0.970215 -0.013835 0.026606 0.017028 6.900000 -34.500000 71.699997
-0.026123 0.010010 -0.969971 -0.017028 0.026606 0.019156 6.000000 -33.000000 72.000000
-0.031494 0.006348 -0.983398 -0.010642 0.027670 0.020220 6.900000 -32.099998 72.300003
-0.023926 0.015381 -0.971680 -0.010642 0.026606 0.019156 5.700000 -33.299999 71.099998
-0.031982 0.012207 -0.972900 -0.014899 0.025541 0.020220 6.000000 -32.400002 72.599998
-0.023193 0.013672 -0.972412 -0.013835 0.025541 0.018092 6.000000 -32.400002 73.800003
-0.026123 0.013672 -0.972412 -0.014899 0.025541 0.019156 4.500000 -32.700001 72.300003
-0.020996 0.022461 -0.978027 -0.013835 0.027670 0.018092 6.000000 -33.000000 72.599998
-0.022217 0.006592 -0.968994 -0.012771 0.025541 0.019156 6.600000 -33.000000 72.000000
-0.028564 0.014160 -0.972168 -0.011706 0.023413 0.017028 6.000000 -33.000000 73.199997
-0.030273 0.014648 -0.976807 -0.011706 0.026606 0.014899 6.600000 -34.200001 72.000000
-0.027832 0.015137 -0.965332 -0.011706 0.029798 0.018092 6.000000 -31.799999 72.000000
-0.026123 0.008789 -0.976562 -0.012771 0.024477 0.017028 6.900000 -32.700001 71.099998
-0.021729 0.011475 -0.967773 -0.011706 0.022349 0.021284 6.900000 -31.500000 71.699997
-0.031006 0.011230 -0.973633 -0.015963 0.026606 0.017028 5.400000 -31.799999 71.400002
-0.023926 0.014648 -0.973877 -0.015963 0.024477 0.017028 6.000000 -32.400002 71.400002
-0.029785 0.015869 -0.976318 -0.014899 0.023413 0.018092 7.800000 -31.799999 73.199997
-0.027100 0.016113 -0.968262 -0.012771 0.025541 0.019156 5.700000 -32.700001 72.900002
-0.025879 0.010742 -0.982178 -0.013835 0.025541 0.018092 5.700000 -33.900002 72.300003
-0.026611 0.016357 -0.966064 -0.010642 0.023413 0.018092 3.600000 -30.600000 72.599998
-0.032715 0.008789 -0.976074 -0.012771 0.028734 0.020220 6.600000 -31.799999 72.000000
-0.027100 0.016357 -0.971924 -0.014899 0.026606 0.018092 6.900000 -33.299999 71.699997
