0.000000 0.000000 179358388434820399104.000000 -0.011706 0.024477 0.019156 5.400000 -30.000000 77.400002
-0.027588 0.007324 -0.967285 -0.011706 0.025541 0.017028 3.300000 -28.500000 75.300003
-0.021484 0.010010 -0.979248 -0.015963 0.026606 0.015963 3.900000 -30.299999 77.099998
-0.027344 0.008301 -0.969727 -0.013835 0.024477 0.020220 3.000000 -30.000000 76.800003
-0.024414 0.010010 -0.973389 -0.014899 0.025541 0.019156 5.700000 -30.299999 75.900002
-0.020752 0.017090 -0.977783 -0.011706 0.026606 0.020220 4.200000 -30.000000 76.800003
-0.028320 0.010254 -0.975830 -0.015963 0.026606 0.017028 3.600000 -29.400000 77.400002
-0.026367 0.012939 -0.971436 -0.011706 0.025541 0.019156 3.000000 -30.600000 78.000000
-0.023682 0.010254 -0.978271 -0.015963 0.024477 0.017028 2.400000 -30.600000 76.800003
-0.024902 0.009033 -0.966797 -0.014899 0.025541 0.018092 3.600000 -30.000000 76.199997
-0.026855 0.012207 -0.975342 -0.014899 0.025541 0.020220 3.600000 -29.400000 75.599998
-0.024170 0.007568 -0.973877 -0.015963 0.026606 0.017028 3.000000 -30.000000 75.000000
-0.027344 0.012207 -0.972168 -0.015963 0.025541 0.021284 3.000000 -30.600000 73.800003
-0.032959 0.014160 -0.969482 -0.011706 0.023413 0.019156 3.600000 -30.600000 76.199997
-0.025879 0.014160 -0.971436 -0.011706 0.028734 0.019156 1.500000 -27.900000 76.500000
-0.024902 0.010498 -0.971436 -0.014899 0.027670 0.017028 0.900000 -29.700001 75.300003
-0.027344 0.016846 -0.982666 -0.013835 0.025541 0.015963 2.100000 -29.700001 75.300003
-0.027588 0.012451 -0.977783 -0.013835 0.024477 0.017028 2.700000 -30.900000 74.099998
-0.026855 0.010010 -0.976318 -0.011706 0.022349 0.019156 3.000000 -30.600000 75.599998
-0.026611 0.006348 -0.976074 -0.011706 0.025541 0.021284 1.200000 -29.400000 75.599998
-0.026367 0.017090 -0.980713 -0.013835 0.023413 0.015963 0.600000 -30.000000 73.800003
-0.020996 0.009521 -0.974121 -0.011706 0.026606 0.020220 -1.500000 -30.299999 75.300003
-0.029785 0.014160 -0.974121 -0.013835 0.026606 0.018092 0.000000 -28.200001 75.599998
-0.031006 0.012207 -0.971436 -0.010642 0.029798 0.017028 0.300000 -28.500000 76.500000
-0.025391 0.014404 -0.973145 -0.015963 0.026606 0.017028 0.000000 -30.000000 75.599998
-0.022949 0.015381 -0.972412 -0.012771 0.025541 0.019156 0.900000 -28.500000 77.099998
-0.030029 0.007568 -0.968506 -0.012771 0.025541 0.017028 0.300000 -29.700001 75.900002
-0.028320 0.013672 -0.974854 -0.015963 0.026606 0.019156 -1.500000 -30.299999 75.900002
-0.027588 0.007812 -0.974854 -0.017028 0.023413 0.015963 -0.300000 -29.700001 77.099998
-0.029053 0.005371 -0.970215 -0.012771 0.024477 0.017028 0.300000 -29.100000 77.099998
-0.026611 0.012939 -0.969971 -0.013835 0.025541 0.020220 -1.500000 -28.500000 78.300003
-0.036133 0.014648 -0.970459 -0.015963 0.025541 0.017028 -1.500000 -29.700001 78.300003
-0.031738 0.009033 -0.972168 -0.014899 0.026606 0.021284 0.000000 -30.000000 76.800003
-0.025391 0.014404 -0.974609 -0.017028 0.024477 0.017028 -1.800000 -29.400000 78.000000
-0.032471 0.012207 -0.966309 -0.013835 0.027670 0.015963 -4.200000 -30.600000 77.400002
-0.023926 0.009766 -0.975342 -0.015963 0.026606 0.015963 -5.700000 -30.299999 78.900002
-0.022217 0.013672 -0.973389 0.021284 -0.327781 -0.109615 -3.000000 -31.200001 78.599998
0.134521 -0.233154 -1.339600 -0.011706 0.011706 -0.138349 -4.500000 -28.500000 77.099998
-0.008057 -0.116699 -0.885010 -0.169212 -0.004257 0.019156 -4.500000 -30.900000 78.300003
-0.056641 -0.041748 -1.020508 -0.014899 0.039376 0.015963 -2.700000 -30.900000 77.699997
-0.018311 0.085205 -0.988281 0.093652 0.054275 -0.006385 0.300000 -30.299999 77.699997
-0.036133 -0.049072 -0.945557 0.007450 0.013835 0.003193 0.000000 -30.000000 79.800003
-0.010010 -0.032471 -1.046143 -0.011706 0.018092 0.019156 2.100000 -30.900000 78.900002
-0.029541 -0.025391 -0.970947 0.020220 0.048954 0.015963 2.700000 -32.099998 78.300003
-0.044678 0.031250 -0.968262 0.011706 0.064918 0.024477 2.700000 -32.099998 77.699997
-0.053955 0.046143 -0.927979 -0.017028 0.012771 0.020220 0.900000 -31.500000 78.900002
-0.022461 0.010986 -0.978760 -0.034055 0.008514 0.022349 -0.300000 -32.099998 78.900002
-0.011475 0.000488 -0.990967 -0.026606 -0.002128 0.018092 2.400000 -33.000000 77.400002
-0.013184 -0.007324 -1.000732 -0.032991 0.012771 0.017028 0.300000 -32.700001 76.500000
-0.016602 -0.003906 -0.988770 -0.007450 0.029798 0.015963 0.900000 -35.700001 74.699997
-0.030273 0.015381 -0.960205 -0.004257 0.039376 0.015963 1.200000 -34.799999 75.000000
-0.038818 0.024902 -0.959229 -0.019156 0.022349 0.017028 2.100000 -34.500000 71.099998
-0.015869 0.008057 -0.977783 -0.019156 0.012771 0.018092 2.100000 -33.900002 71.099998
-0.020508 -0.000244 -0.985107 -0.023413 0.019156 0.019156 0.300000 -30.900000 68.099998
-0.016602 -0.005859 -0.995361 -0.013835 0.020220 0.019156 4.800000 -30.600000 68.400002
-0.021484 0.001465 -0.985352 -0.014899 0.028734 0.015963 7.500000 -30.900000 66.300003
-0.022705 0.004883 -0.969238 -0.007450 0.030863 0.018092 8.100000 -28.500000 65.099998
-0.033936 0.021729 -0.968018 -0.010642 0.031927 0.019156 7.500000 -30.900000 68.099998
-0.039062 0.020752 -0.963623 -0.012771 0.029798 0.017028 8.100000 -29.700001 65.699997
-0.027588 0.014160 -0.965332 -0.020220 0.025541 0.018092 7.500000 -29.100000 66.300003
-0.023193 0.002930 -0.986084 -0.019156 0.023413 0.017028 6.600000 -27.600000 66.000000
-0.021729 0.010986 -0.973633 -0.011706 0.027670 0.017028 8.100000 -28.500000 67.500000
-0.029053 0.015625 -0.968750 -0.010642 0.028734 0.017028 5.700000 -30.299999 67.500000
-0.031250 0.016357 -0.978516 -0.010642 0.027670 0.017028 5.700000 -29.100000 67.500000
-0.027832 0.008789 -0.974121 -0.015963 0.022349 0.015963 5.400000 -31.799999 69.000000
-0.021973 0.009521 -0.978760 -0.015963 0.026606 0.021284 6.000000 -31.799999 68.400002
-0.019531 0.011719 -0.984863 -0.010642 0.024477 0.015963 6.600000 -33.000000 67.199997
-0.027588 0.010986 -0.971436 -0.013835 0.023413 0.019156 4.200000 -31.799999 69.599998
-0.023926 0.010010 -0.971924 -0.012771 0.029798 0.018092 2.100000 -31.500000 69.300003
-0.030273 0.021484 -0.974121 -0.012771 0.026606 0.018092 3.300000 -33.900002 69.300003
-0.032715 0.017578 -0.973633 -0.012771 0.026606 0.020220 2.400000 -35.400002 70.800003
-0.027344 0.013428 -0.969482 -0.014899 0.024477 0.018092 2.100000 -36.900002 71.099998
-0.028809 0.006104 -0.973145 -0.015963 0.024477 0.021284 1.500000 -35.099998 74.099998
-0.030273 0.010254 -0.967041 -0.012771 0.026606 0.018092 2.100000 -38.099998 75.300003
-0.025146 0.011230 -0.977539 -0.013835 0.027670 0.015963 0.900000 -36.299999 75.900002
-0.028809 0.020020 -0.971680 -0.017028 0.024477 0.019156 1.200000 -36.599998 78.000000
-0.027100 0.007812 -0.981201 -0.012771 0.026606 0.020220 1.200000 -37.799999 76.800003
-0.023926 0.005127 -0.974365 -0.011706 0.024477 0.018092 0.300000 -36.900002 79.500000
-0.023193 0.018799 -0.974854 -0.020220 0.023413 0.017028 0.300000 -38.099998 79.500000
-0.027832 0.008057 -0.972168 -0.010642 0.026606 0.017028 0.000000 -37.200001 81.000000
-0.028076 0.010742 -0.976074 -0.017028 0.027670 0.018092 -0.300000 -36.299999 82.500000
-0.025635 0.012695 -0.970947 -0.011706 0.024477 0.017028 -0.900000 -36.299999 84.900002
-0.028320 0.011230 -0.973633 -0.015963 0.024477 0.015963 -1.800000 -37.799999 86.400002
-0.029541 0.010254 -0.971680 -0.018092 0.025541 0.019156 -1.200000 -34.799999 88.800003
-0.028320 0.005859 -0.975830 -0.017028 0.025541 0.019156 -1.800000 -33.599998 87.599998
-0.028076 0.015137 -0.968018 -0.013835 0.027670 0.018092 -0.900000 -32.700001 89.699997
-0.024902 0.014648 -0.974365 -0.012771 0.025541 0.019156 -1.800000 -31.200001 92.400002
-0.027100 0.005615 -0.967285 -0.015963 0.022349 0.019156 -2.400000 -30.600000 93.599998
-0.028320 0.010010 -0.970947 -0.015963 0.023413 0.018092 -1.500000 -29.700001 94.500000
-0.031006 0.007080 -0.980225 -0.017028 0.023413 0.022349 -1.800000 -29.400000 96.000000
-0.027832 0.009033 -0.977295 -0.010642 0.026606 0.019156 0.900000 -26.100000 98.699997
-0.031982 0.016357 -0.981445 -0.014899 0.025541 0.018092 -2.700000 -24.900000 99.900002
-0.033691 0.009766 -0.971924 -0.015963 0.027670 0.018092 -3.900000 -23.100000 98.699997
-0.026855 0.015137 -0.972168 -0.012771 0.025541 0.017028 -5.400000 -21.000000 96.599998
-0.024658 0.010498 -0.972900 -0.015963 0.025541 0.015963 -6.900000 -18.299999 92.699997
-0.024170 0.008301 -0.978027 -0.013835 0.025541 0.019156 -7.200000 -19.799999 90.000000
-0.033936 0.009277 -0.968506 -0.011706 0.027670 0.021284 -8.700000 -17.700001 89.699997
-0.025635 0.012939 -0.972900 -0.015963 0.025541 0.018092 -9.300000 -17.700001 88.500000
-0.021729 0.012939 -0.974609 -0.010642 0.025541 0.019156 -10.500000 -16.500000 87.900002
-0.028320 0.005615 -0.967773 -0.014899 0.026606 0.018092 -11.100000 -14.100000 88.500000
-0.021484 0.010986 -0.974854 -0.015963 0.026606 0.020220 -11.400000 -12.000000 90.599998
-0.029297 0.007324 -0.979736 -0.012771 0.025541 0.017028 -12.000000 -12.600000 88.800003
-0.024414 0.015381 -0.969482 -0.012771 0.025541 0.019156 -14.700000 -10.500000 90.300003
-0.024414 0.011230 -0.963135 -0.014899 0.026606 0.015963 -16.200001 -7.800000 90.599998
-0.029053 0.010742 -0.978271 -0.014899 0.025541 0.018092 -16.500000 -7.500000 89.699997
-0.028564 0.009521 -0.977783 -0.013835 0.025541 0.019156 -16.500000 -6.300000 91.500000
-0.033936 0.010010 -0.973633 -0.015963 0.025541 0.018092 -16.799999 -3.000000 93.599998
-0.027832 0.021240 -0.974854 -0.015963 0.024477 0.017028 -19.500000 0.300000 93.900002
-0.023926 0.011475 -0.969971 -0.015963 0.024477 0.019156 -20.100000 5.100000 96.300003
-0.028076 0.014648 -0.976318 -0.012771 0.021284 0.017028 -21.000000 12.600000 98.400002
-0.024414 0.006836 -0.969727 -0.015963 0.024477 0.019156 -23.700001 17.700001 98.699997
-0.021973 0.010986 -0.975830 -0.014899 0.027670 0.019156 -24.900000 23.100000 101.099998
-0.025635 0.008789 -0.978516 -0.013835 0.026606 0.021284 -25.799999 31.799999 102.000000
-0.026123 0.012695 -0.973145 -0.015963 0.024477 0.018092 -32.099998 36.900002 104.099998
-0.025879 0.005615 -0.972168 -0.012771 0.027670 0.015963 -34.500000 44.099998 102.900002
-0.025635 0.006592 -0.958496 -0.010642 0.027670 0.017028 -34.200001 49.200001 105.000000
-0.021240 0.014648 -0.967041 -0.014899 0.024477 0.015963 -37.799999 57.000000 106.800003
-0.022217 0.010498 -0.976318 -0.015963 0.022349 0.019156 -40.200001 64.199997 108.599998
-0.025391 0.010986 -0.966797 -0.015963 0.023413 0.021284 -42.599998 73.199997 108.599998
-0.028320 0.011963 -0.976318 -0.015963 0.023413 0.015963 -40.200001 76.199997 108.000000
-0.022705 0.018066 -0.975586 -0.013835 0.027670 0.021284 -40.500000 80.699997 107.099998
-0.023438 0.014648 -0.971191 -0.008514 0.025541 0.019156 -44.400002 93.000000 106.800003
-0.030518 0.010010 -0.969727 -0.013835 0.025541 0.017028 -61.799999 109.800003 113.400002
-0.027832 0.006348 -0.968262 0.245836 0.040441 -0.588516 -81.300003 120.900002 113.099998
0.457275 1.481689 -1.088135 -0.095780 0.123450 -0.566167 -86.699997 115.500000 109.500000
-0.020508 0.031982 -1.037109 -0.002128 -0.009578 -0.241579 -81.900002 104.699997 110.099998
0.001221 -0.081787 -0.958008 -0.029798 -0.002128 0.020220 -68.699997 79.500000 110.099998
-0.004639 -0.032227 -1.003418 -0.031927 -0.010642 0.027670 -47.700001 59.700001 101.699997
-0.003662 0.006836 -1.019775 -0.030863 0.027670 0.017028 -30.000000 36.000000 96.000000
-0.016846 -0.010742 -0.979736 -0.010642 0.019156 0.020220 -20.100000 24.299999 93.900002
-0.017090 -0.001709 -0.994141 -0.007450 0.036184 0.014899 -13.500000 8.700000 90.900002
-0.043457 0.023682 -0.959717 0.001064 0.041505 0.017028 -5.400000 -4.200000 87.599998
-0.035889 0.023438 -0.946289 -0.014899 0.028734 0.015963 -3.300000 -12.300000 85.500000
-0.016113 0.007324 -0.991943 -0.023413 0.012771 0.020220 1.200000 -17.400000 84.000000
-0.014160 -0.002197 -0.982178 -0.021284 0.019156 0.021284 3.900000 -21.900000 83.099998
-0.014893 0.006592 -0.991943 -0.017028 0.022349 0.015963 4.500000 -23.100000 80.699997
-0.031006 0.012207 -0.965332 -0.005321 0.030863 0.020220 3.900000 -24.900000 80.099998
-0.034180 0.016357 -0.958496 -0.010642 0.032991 0.018092 5.400000 -26.400000 81.000000
-0.036133 0.017822 -0.964355 -0.011706 0.023413 0.018092 4.500000 -27.900000 81.300003
-0.021973 -0.001709 -0.976807 -0.019156 0.017028 0.015963 5.700000 -29.100000 80.699997
-0.021973 0.000977 -0.986328 -0.017028 0.020220 0.021284 5.400000 -30.000000 79.800003
-0.025879 0.002686 -0.970703 -0.012771 0.022349 0.020220 6.000000 -30.000000 78.000000
-0.025635 0.012939 -0.973145 -0.010642 0.028734 0.020220 4.500000 -30.900000 80.099998
-0.020508 0.010010 -0.972656 -0.013835 0.026606 0.018092 3.600000 -33.000000 77.400002
-0.029053 0.021729 -0.970215 -0.011706 0.027670 0.015963 4.500000 -33.299999 78.300003
-0.030762 0.015137 -0.966553 -0.013835 0.025541 0.021284 2.100000 -33.900002 77.699997
-0.026611 0.005127 -0.977783 -0.015963 0.022349 0.021284 2.700000 -35.099998 76.500000
-0.024170 0.006592 -0.974365 -0.012771 0.021284 0.015963 3.000000 -34.200001 75.599998
-0.025146 0.017334 -0.981201 -0.017028 0.026606 0.019156 3.000000 -35.400002 76.199997
-0.027100 0.012695 -0.979004 -0.010642 0.026606 0.022349 2.400000 -33.599998 75.599998
-0.027588 0.014160 -0.968262 -0.010642 0.025541 0.021284 1.800000 -33.000000 73.199997
-0.022949 0.015625 -0.975586 -0.013835 0.026606 0.018092 1.800000 -31.799999 73.800003
-0.031738 0.006592 -0.970215 -0.019156 0.023413 0.019156 1.500000 -33.900002 72.300003
-0.025391 0.005371 -0.977295 -0.013835 0.025541 0.019156 2.400000 -33.000000 74.400002
-0.029785 0.006592 -0.968750 -0.012771 0.024477 0.021284 0.000000 -33.000000 73.800003
-0.022217 0.012451 -0.980957 -0.012771 0.029798 0.017028 1.500000 -32.700001 72.900002
-0.026367 0.006836 -0.976807 -0.015963 0.027670 0.015963 1.800000 -31.200001 71.400002
-0.021240 0.012939 -0.973633 -0.011706 0.024477 0.018092 1.200000 -31.799999 74.400002
-0.030029 0.007812 -0.977295 -0.014899 0.025541 0.018092 -0.600000 -32.400002 73.199997
-0.029785 0.011475 -0.970703 -0.012771 0.025541 0.020220 0.600000 -33.000000 72.599998
-0.029785 0.013916 -0.968262 -0.011706 0.027670 0.013835 0.000000 -33.000000 75.000000
-0.025635 0.007324 -0.969238 -0.015963 0.023413 0.017028 -3.000000 -33.000000 75.599998
-0.024658 0.014648 -0.971924 -0.013835 0.024477 0.017028 -1.500000 -35.099998 73.500000
-0.026123 0.013672 -0.980713 -0.013835 0.024477 0.022349 -3.900000 -33.900002 74.699997
-0.028564 0.020752 -0.972168 -0.009578 0.023413 0.020220 -4.200000 -34.799999 75.599998
-0.028076 0.013428 -0.978027 -0.013835 0.022349 0.019156 -4.500000 -35.700001 74.099998
-0.026611 0.016113 -0.973633 -0.017028 0.023413 0.018092 -4.800000 -37.200001 75.599998
-0.028320 0.012939 -0.972656 -0.014899 0.024477 0.019156 -7.200000 -37.200001 76.199997
-0.024170 0.010254 -0.969238 -0.018092 0.025541 0.019156 -8.100000 -38.700001 74.099998
-0.021240 0.012695 -0.976807 -0.012771 0.024477 0.018092 -9.600000 -40.799999 75.000000
-0.026855 0.015381 -0.966553 -0.009578 0.023413 0.020220 -10.200000 -42.000000 74.400002
-0.029297 0.010498 -0.978760 -0.010642 0.026606 0.015963 -12.600000 -40.799999 76.199997
-0.025635 0.014160 -0.968506 -0.012771 0.028734 0.015963 -12.300000 -42.900002 75.900002
-0.025635 0.011719 -0.974365 -0.013835 0.026606 0.020220 -14.700000 -43.500000 75.300003
-0.022217 0.007812 -0.968506 -0.015963 0.025541 0.019156 -15.000000 -43.200001 76.800003
-0.027588 0.013428 -0.971924 -0.014899 0.026606 0.015963 -15.600000 -43.200001 76.800003
-0.023438 0.004150 -0.982178 -0.014899 0.024477 0.019156 -15.000000 -44.400002 78.000000
-0.035889 0.007324 -0.973389 -0.014899 0.029798 0.014899 -15.900000 -44.099998 78.300003
-0.032227 0.014648 -0.975830 -0.013835 0.024477 0.019156 -18.000000 -42.599998 76.199997
-0.027344 0.006592 -0.974365 -0.013835 0.026606 0.020220 -16.799999 -43.799999 77.400002
-0.022461 0.020020 -0.971680 -0.014899 0.025541 0.021284 -15.600000 -45.000000 76.800003
-0.026123 0.016602 -0.971680 -0.014899 0.026606 0.020220 -15.900000 -45.299999 78.300003
-0.027100 0.008789 -0.973633 -0.013835 0.024477 0.018092 -17.700001 -45.900002 78.900002
-0.030029 0.011963 -0.976807 -0.013835 0.025541 0.018092 -17.100000 -45.900002 78.300003
-0.028076 0.013672 -0.968994 -0.011706 0.025541 0.018092 -19.500000 -45.299999 79.500000
-0.023438 0.013916 -0.983887 -0.013835 0.025541 0.017028 -19.500000 -46.500000 77.099998
-0.031250 0.007324 -0.976562 -0.012771 0.028734 0.021284 -19.799999 -45.000000 79.199997
-0.026367 0.012451 -0.976562 -0.013835 0.025541 0.018092 -20.700001 -47.700001 79.500000
-0.026855 0.010986 -0.970703 -0.015963 0.024477 0.019156 -21.299999 -48.299999 81.300003
-0.028076 0.011230 -0.960449 -0.014899 0.025541 0.019156 -22.200001 -47.400002 81.599998
-0.024658 0.009277 -0.968750 -0.011706 0.025541 0.015963 -24.000000 -46.200001 79.800003
-0.022705 0.013672 -0.969482 -0.013835 0.024477 0.019156 -26.100000 -42.900002 79.500000
0.027344 -0.037842 -0.988037 0.070239 0.072367 -0.167083 -28.200001 -40.799999 78.599998
0.034424 -0.055420 -0.617676 0.013835 0.075560 -0.098973 -27.000000 -42.599998 78.000000
-0.043457 0.083496 -0.963623 0.030863 0.019156 0.024477 -24.000000 -43.200001 78.599998
-0.060303 0.023438 -0.879639 -0.029798 0.072367 0.012771 -20.700001 -45.900002 80.699997
-0.050781 0.068115 -0.946045 0.013835 0.012771 0.026606 -18.000000 -46.200001 78.599998
-0.040771 0.021729 -0.961670 -0.037248 0.042569 0.011706 -13.800000 -48.000000 77.400002
-0.031982 0.017334 -0.959717 -0.007450 0.001064 0.022349 -10.800000 -48.000000 75.000000
-0.014404 -0.009033 -0.981445 -0.036184 0.023413 0.015963 -7.800000 -45.000000 74.400002
-0.010986 0.007812 -1.004150 -0.015963 0.004257 0.020220 -4.200000 -45.599998 73.800003
-0.017090 0.000732 -0.971924 -0.020220 0.030863 0.014899 -2.100000 -43.500000 72.900002
-0.017578 0.007812 -0.988525 -0.004257 0.020220 0.019156 1.200000 -41.400002 72.599998
-0.025635 0.004639 -0.971680 -0.019156 0.035119 0.018092 1.500000 -38.700001 71.699997
-0.029053 0.014893 -0.966064 -0.007450 0.026606 0.019156 3.300000 -38.700001 72.300003
-0.031738 0.017334 -0.962646 -0.010642 0.032991 0.020220 3.600000 -39.000000 70.800003
-0.033447 0.018555 -0.963623 -0.008514 0.028734 0.020220 3.900000 -38.099998 71.099998
-0.024658 0.012207 -0.975098 -0.014899 0.024477 0.017028 6.300000 -35.099998 70.500000
-0.022705 0.010010 -0.979980 -0.015963 0.022349 0.018092 4.200000 -33.599998 72.000000
-0.022949 0.005859 -0.974609 -0.012771 0.022349 0.015963 5.100000 -32.700001 70.500000
-0.027832 0.015381 -0.966797 -0.013835 0.029798 0.020220 6.900000 -30.900000 72.300003
-0.028076 0.016113 -0.968018 -0.017028 0.028734 0.022349 7.500000 -27.900000 71.099998
-0.027588 0.013428 -0.960205 -0.014899 0.022349 0.020220 7.500000 -27.299999 69.900002
-0.019531 0.014160 -0.973877 -0.020220 0.025541 0.014899 8.700000 -25.500000 71.099998
-0.026367 0.009277 -0.979980 -0.011706 0.025541 0.020220 9.900000 -24.900000 70.500000
-0.026855 0.007812 -0.974609 -0.012771 0.024477 0.017028 9.600000 -24.000000 70.800003
-0.028564 0.010010 -0.972412 -0.011706 0.028734 0.018092 9.300000 -24.299999 72.300003
-0.029297 0.015625 -0.964844 -0.014899 0.024477 0.020220 10.800000 -21.000000 72.000000
-0.027344 0.011719 -0.975586 -0.013835 0.023413 0.020220 11.100000 -18.299999 72.300003
-0.030273 0.006592 -0.977051 -0.014899 0.023413 0.017028 10.800000 -15.600000 71.400002
-0.025391 0.010010 -0.972656 -0.014899 0.025541 0.018092 10.500000 -16.500000 72.900002
-0.026855 0.011719 -0.978027 -0.012771 0.027670 0.019156 9.900000 -16.500000 74.099998
-0.033203 0.012695 -0.963623 -0.010642 0.026606 0.014899 11.400000 -14.400000 75.599998
-0.026855 0.013184 -0.980957 -0.011706 0.026606 0.018092 9.300000 -14.700000 76.500000
-0.027100 0.012939 -0.973877 -0.013835 0.026606 0.018092 10.200000 -12.000000 76.199997
-0.023926 0.013428 -0.970703 -0.013835 0.024477 0.018092 8.700000 -12.900000 77.699997
-0.022705 0.012451 -0.974121 -0.013835 0.027670 0.017028 7.800000 -12.000000 78.599998
-0.026855 0.009521 -0.971191 -0.012771 0.026606 0.017028 8.100000 -11.700000 79.500000
-0.020508 0.020752 -0.971680 -0.010642 0.026606 0.019156 7.500000 -11.700000 78.300003
-0.028564 0.014648 -0.967285 -0.017028 0.024477 0.019156 6.600000 -12.600000 79.800003
-0.028320 0.014160 -0.969727 -0.012771 0.024477 0.020220 7.500000 -14.700000 78.300003
-0.024902 0.015381 -0.978516 -0.013835 0.025541 0.020220 6.900000 -13.500000 80.099998
-0.026855 0.017578 -0.974365 -0.013835 0.024477 0.022349 6.900000 -14.100000 80.699997
-0.047119 0.030273 -0.996338 -0.013835 0.028734 0.018092 5.100000 -13.500000 78.900002
-0.007568 -0.005615 -0.914551 -0.013835 0.014899 0.019156 6.000000 -15.000000 80.400002
-0.028076 0.006592 -0.947998 -0.018092 0.030863 0.017028 4.500000 -16.500000 80.699997
-0.015625 0.005127 -0.957764 -0.008514 0.023413 0.018092 4.500000 -16.500000 81.900002
-0.026855 0.014893 -0.954102 -0.014899 0.024477 0.019156 4.200000 -16.799999 80.400002
-0.027100 0.014160 -0.976318 -0.015963 0.027670 0.015963 4.500000 -17.100000 80.099998
-0.026611 0.010498 -0.977539 -0.013835 0.027670 0.018092 4.200000 -16.799999 79.800003
-0.023926 0.014404 -0.971680 -0.012771 0.026606 0.021284 4.500000 -17.100000 81.300003
-0.024658 0.012207 -0.986084 -0.011706 0.025541 0.019156 4.200000 -17.400000 79.800003
-0.029785 0.014160 -0.975586 -0.013835 0.023413 0.018092 4.800000 -17.400000 81.000000
-0.025879 0.014160 -0.979248 -0.014899 0.028734 0.017028 4.800000 -18.600000 79.800003
-0.021973 0.010986 -0.973877 -0.011706 0.024477 0.019156 4.200000 -18.600000 80.400002
-0.026367 0.010254 -0.974365 -0.015963 0.028734 0.017028 3.300000 -18.299999 81.900002
-0.023926 0.018066 -0.978027 -0.014899 0.022349 0.018092 3.600000 -18.000000 80.400002
-0.029297 0.006592 -0.974854 -0.015963 0.026606 0.019156 3.600000 -16.799999 81.000000
-0.026367 0.010742 -0.982178 -0.014899 0.021284 0.019156 3.300000 -18.900000 81.300003
-0.026611 0.006836 -0.970703 -0.015963 0.027670 0.018092 3.900000 -20.100000 81.900002
-0.027588 0.015625 -0.970947 -0.012771 0.025541 0.022349 3.000000 -19.200001 84.599998
-0.027588 0.016602 -0.976318 -0.011706 0.026606 0.020220 2.400000 -20.400000 83.400002
-0.022949 0.014893 -0.979736 -0.012771 0.025541 0.017028 3.300000 -19.500000 83.699997
-0.037598 0.005127 -0.972900 -0.011706 0.028734 0.018092 2.700000 -20.700001 83.099998
-0.024658 0.009766 -0.986084 -0.013835 0.027670 0.019156 4.500000 -20.100000 83.099998
-0.009766 0.013184 -0.968506 -0.014899 0.027670 0.018092 4.800000 -19.200001 82.800003
-0.032959 0.013916 -0.972168 -0.015963 0.023413 0.019156 4.800000 -19.200001 83.400002
-0.029785 0.014404 -0.968750 -0.012771 0.024477 0.018092 3.900000 -20.100000 84.300003
-0.027344 0.015625 -0.971191 -0.010642 0.024477 0.019156 4.800000 -21.000000 83.400002
-0.028320 0.005127 -0.962158 -0.019156 0.025541 0.019156 5.100000 -19.500000 84.300003
-0.027832 0.005859 -0.961182 -0.012771 0.024477 0.021284 3.900000 -18.900000 83.699997
-0.031006 0.007812 -0.971191 -0.013835 0.024477 0.018092 3.900000 -20.100000 83.699997
-0.030273 0.014648 -0.968506 -0.012771 0.022349 0.020220 4.200000 -19.200001 82.800003
-0.029297 0.005859 -0.968262 -0.013835 0.023413 0.015963 3.000000 -20.400000 84.000000
-0.031738 0.013916 -0.973877 -0.014899 0.025541 0.015963 3.300000 -18.900000 83.699997
-0.026367 0.003662 -0.973877 -0.013835 0.026606 0.015963 3.300000 -20.700001 84.300003
-0.022705 0.008301 -0.960938 -0.013835 0.025541 0.021284 3.900000 -20.100000 83.099998
-0.027344 0.011475 -0.968262 -0.012771 0.023413 0.020220 4.800000 -20.400000 82.199997
-0.028076 0.014404 -0.971191 -0.013835 0.024477 0.017028 3.300000 -20.100000 84.900002
-0.027344 0.012695 -0.975098 -0.010642 0.024477 0.019156 2.100000 -20.700001 85.500000
-0.027344 0.019531 -0.979980 -0.012771 0.026606 0.019156 1.800000 -20.400000 82.199997
-0.028076 0.011475 -0.978760 -0.014899 0.026606 0.018092 4.500000 -19.500000 84.300003
-0.027832 0.012451 -0.979004 -0.012771 0.026606 0.017028 3.300000 -19.500000 82.500000
-0.025879 0.009033 -0.979492 -0.012771 0.024477 0.019156 3.000000 -21.000000 82.199997
-0.020996 0.012207 -0.976318 -0.012771 0.025541 0.017028 3.900000 -20.700001 83.099998
-0.025391 0.017822 -0.972168 -0.009578 0.026606 0.021284 3.300000 -18.900000 83.699997
-0.030518 0.010742 -0.972656 -0.011706 0.025541 0.018092 3.600000 -21.000000 83.400002
-0.026855 0.010986 -0.971680 -0.010642 0.024477 0.020220 3.000000 -19.200001 84.000000
-0.022705 0.012451 -0.965820 -0.013835 0.023413 0.018092 3.300000 -20.700001 83.699997
-0.028564 0.013184 -0.981689 -0.013835 0.023413 0.017028 3.000000 -19.200001 82.800003
-0.030518 0.006348 -0.971191 -0.015963 0.027670 0.020220 3.000000 -20.400000 83.400002
-0.028320 0.012207 -0.969482 -0.014899 0.025541 0.019156 4.800000 -21.000000 84.000000
-0.029053 0.014404 -0.967529 -0.012771 0.024477 0.019156 2.700000 -18.900000 83.099998
-0.027100 0.008789 -0.978516 -0.013835 0.022349 0.022349 4.500000 -20.100000 81.900002
-0.022461 0.007812 -0.974854 -0.014899 0.026606 0.018092 5.400000 -21.600000 84.000000
-0.028320 0.013672 -0.968750 -0.013835 0.028734 0.020220 3.900000 -19.500000 82.500000
-0.030273 0.016357 -0.974121 -0.014899 0.024477 0.019156 3.300000 -19.500000 83.699997
-0.029053 0.010010 -0.976074 -0.015963 0.022349 0.018092 3.900000 -20.100000 84.900002
-0.029297 0.016357 -0.977295 -0.012771 0.025541 0.021284 4.200000 -19.799999 82.199997
-0.028320 0.011230 -0.968994 -0.017028 0.025541 0.015963 3.900000 -20.100000 84.300003
-0.024902 0.011230 -0.963623 -0.012771 0.027670 0.020220 4.200000 -19.799999 84.000000
-0.028076 0.010254 -0.972656 -0.018092 0.023413 0.019156 2.700000 -20.100000 82.500000
-0.032715 0.008301 -0.977539 -0.012771 0.025541 0.020220 4.200000 -19.200001 82.199997
-0.020264 0.013916 -0.967773 -0.012771 0.026606 0.017028 3.300000 -20.100000 83.699997
-0.020508 0.018311 -0.973633 -0.018092 0.024477 0.014899 4.200000 -19.200001 85.199997
-0.031982 0.010254 -0.962891 -0.015963 0.023413 0.018092 5.100000 -19.500000 84.900002
-0.022705 0.013916 -0.978760 -0.013835 0.026606 0.017028 5.100000 -18.900000 83.099998
-0.033936 0.013184 -0.976562 -0.011706 0.025541 0.018092 3.600000 -21.600000 82.800003
-0.022949 0.008057 -0.980957 -0.012771 0.027670 0.019156 3.300000 -20.700001 83.099998
-0.020996 0.008545 -0.977295 -0.017028 0.026606 0.019156 3.600000 -18.600000 82.800003
