0.047607 -0.997559 0.149902 -0.010642 0.025541 0.015963 -17.400000 33.599998 52.200001
0.040527 -1.001465 0.156494 -0.009578 0.023413 0.019156 -18.000000 31.200001 51.599998
0.041260 -0.996582 0.157959 -0.011706 0.023413 0.021284 -18.000000 30.000000 51.000000
0.037109 -0.997070 0.157715 -0.012771 0.023413 0.018092 -19.200001 31.200001 52.200001
0.040039 -1.003906 0.154785 -0.017028 0.023413 0.020220 -17.400000 31.799999 52.200001
0.040771 -0.992188 0.162109 -0.013835 0.023413 0.020220 -18.299999 32.099998 52.500000
0.040771 -1.001709 0.154785 -0.011706 0.023413 0.019156 -17.100000 32.099998 50.700001
0.035156 -1.002197 0.156006 -0.009578 0.024477 0.021284 -17.100000 30.900000 52.500000
0.044434 -0.998047 0.158447 -0.014899 0.025541 0.020220 -18.299999 32.700001 53.099998
0.041992 -0.998779 0.150146 -0.010642 0.023413 0.019156 -18.600000 31.799999 52.200001
0.039795 -0.995850 0.157959 -0.011706 0.023413 0.014899 -18.000000 31.799999 52.799999
0.037598 -1.003662 0.150635 -0.017028 0.023413 0.020220 -18.900000 32.099998 51.900002
0.045654 -0.992920 0.158203 -0.011706 0.022349 0.019156 -16.500000 32.700001 53.099998
0.037109 -0.992920 0.151123 -0.014899 0.024477 0.018092 -17.400000 32.400002 51.599998
0.034424 -1.002197 0.159912 -0.010642 0.024477 0.021284 -16.799999 31.200001 52.200001
0.033936 -0.998047 0.145752 -0.015963 0.024477 0.019156 -18.299999 31.500000 53.099998
0.042236 -1.002686 0.158936 -0.014899 0.023413 0.015963 -18.000000 31.799999 51.599998
0.044434 -1.000488 0.150635 -0.013835 0.023413 0.021284 -17.700001 31.500000 51.900002
0.043457 -1.003906 0.149658 -0.013835 0.022349 0.017028 -17.100000 31.500000 51.299999
0.037109 -1.002197 0.147949 -0.013835 0.022349 0.019156 -16.500000 32.099998 52.500000
0.041992 -1.000488 0.149170 -0.012771 0.024477 0.014899 -18.299999 32.700001 51.900002
0.039307 -1.003174 0.152588 -0.013835 0.022349 0.020220 -17.700001 32.099998 51.900002
0.038574 -0.996338 0.146973 -0.012771 0.025541 0.018092 -17.400000 32.400002 51.599998
0.037842 -1.000244 0.159180 -0.014899 0.023413 0.018092 -17.700001 32.099998 51.900002
0.044434 -0.998535 0.160645 -0.010642 0.024477 0.018092 -17.400000 32.400002 52.799999
0.037354 -1.009277 0.160645 -0.012771 0.023413 0.018092 -16.799999 31.200001 52.200001
0.039062 -0.997314 0.155762 -0.009578 0.026606 0.017028 -16.500000 31.500000 51.900002
0.036133 -0.995850 0.155029 -0.010642 0.024477 0.017028 -18.299999 32.099998 51.900002
0.043213 -1.001465 0.151611 -0.013835 0.025541 0.017028 -17.700001 31.500000 53.099998
0.040771 -1.003418 0.157227 -0.012771 0.024477 0.018092 -18.600000 33.000000 52.799999
0.035889 -1.000977 0.153809 -0.011706 0.023413 0.014899 -16.200001 30.600000 52.200001
0.043457 -0.998047 0.169922 -0.011706 0.021284 0.018092 -16.799999 31.200001 53.400002
0.043457 -0.999756 0.153076 -0.014899 0.022349 0.015963 -17.100000 33.299999 51.299999
0.037354 -0.997070 0.156982 -0.012771 0.021284 0.020220 -18.600000 32.400002 51.000000
0.044922 -1.001953 0.160889 -0.013835 0.023413 0.015963 -18.000000 31.799999 51.000000
0.036377 -1.001221 0.152344 -0.014899 0.023413 0.020220 -16.799999 30.600000 51.599998
0.035156 -0.998291 0.158447 -0.012771 0.022349 0.021284 -17.700001 33.299999 51.299999
0.046387 -1.000732 0.148193 -0.012771 0.023413 0.017028 -16.799999 31.200001 52.200001
0.037842 -1.000000 0.161133 -0.014899 0.025541 0.017028 -18.600000 31.799999 52.799999
0.042969 -0.998535 0.154541 -0.014899 0.022349 0.015963 -18.000000 32.400002 52.799999
0.039307 -0.992676 0.158203 -0.013835 0.026606 0.020220 -16.500000 31.500000 52.500000
0.040283 -1.003174 0.154297 -0.013835 0.024477 0.020220 -16.799999 32.400002 52.200001
0.042725 -0.994629 0.151855 -0.012771 0.024477 0.020220 -16.799999 31.200001 51.599998
0.039551 -1.000000 0.151367 -0.014899 0.020220 0.019156 -16.200001 31.200001 52.200001
0.037842 -1.001709 0.154297 -0.014899 0.024477 0.017028 -18.600000 31.200001 51.000000
0.036133 -0.997070 0.152100 -0.014899 0.023413 0.018092 -15.900000 31.500000 51.900002
0.037598 -0.998535 0.153564 -0.012771 0.024477 0.019156 -17.700001 30.900000 52.500000
0.041748 -1.004883 0.155518 -0.012771 0.025541 0.019156 -18.299999 32.099998 51.900002
0.048584 -1.015137 0.111084 -0.015963 0.025541 0.020220 -18.299999 32.099998 53.099998
0.040039 -0.984619 0.125488 -0.014899 0.069175 0.011706 -16.799999 30.600000 51.000000
0.055908 -1.000488 0.116699 -0.018092 0.090459 0.011706 -18.299999 32.099998 52.500000
0.060791 -0.995117 0.081299 -0.013835 0.041505 0.022349 -17.100000 31.500000 52.500000
0.044434 -1.020020 0.108643 -0.013835 0.035119 0.020220 -18.299999 32.099998 52.500000
0.047607 -0.985840 0.097168 -0.013835 0.046826 0.021284 -18.299999 32.099998 50.700001
0.055176 -1.000732 0.116211 -0.011706 0.043633 0.008514 -18.299999 32.099998 52.500000
0.052490 -0.983398 0.090820 -0.031927 0.000000 0.018092 -17.400000 31.200001 52.799999
0.045410 -1.026855 0.108154 -0.018092 0.008514 0.015963 -18.000000 32.400002 52.799999
0.037842 -1.003418 0.121826 -0.010642 0.024477 0.015963 -18.299999 32.099998 50.099998
0.047119 -1.013428 0.118896 -0.021284 0.013835 0.025541 -16.799999 31.799999 52.200001
0.047363 -1.027100 0.117920 -0.020220 -0.005321 0.021284 -17.100000 31.500000 51.900002
0.033691 -0.979248 0.096924 -0.015963 -0.017028 0.023413 -17.400000 31.200001 51.000000
0.041016 -0.943115 0.105713 -0.021284 -0.064918 0.034055 -18.000000 32.400002 51.599998
0.030518 -0.979248 0.146729 -0.002128 -0.071303 0.039376 -15.900000 31.500000 52.500000
0.032227 -0.834473 0.062012 -0.020220 -0.091523 0.027670 -16.500000 29.700001 52.500000
0.044678 -1.030029 0.147949 -0.020220 -0.077688 0.035119 -15.300000 29.700001 51.900002
0.057861 -0.977295 0.134766 0.001064 -0.063853 0.024477 -15.000000 30.600000 51.599998
0.057861 -0.981934 0.176025 -0.009578 -0.110679 0.040441 -15.900000 30.299999 51.299999
0.033691 -1.000488 0.158691 -0.003193 -0.139413 0.054275 -15.600000 31.200001 52.200001
0.028809 -1.028320 0.142578 -0.014899 -0.148991 0.050019 -13.800000 29.400000 51.599998
0.013428 -0.925537 0.120117 -0.013835 -0.134092 0.041505 -15.300000 29.700001 53.099998
0.034668 -1.007080 0.157227 -0.004257 -0.147927 0.048954 -13.500000 31.500000 51.900002
0.050781 -1.052979 0.200439 -0.001064 -0.141542 0.042569 -11.100000 29.700001 50.700001
0.037354 -1.042236 0.168701 -0.021284 -0.112808 0.043633 -12.900000 30.299999 51.900002
0.019043 -0.982666 0.155762 -0.019156 -0.080881 0.032991 -13.500000 30.299999 50.700001
0.040283 -0.941162 0.132324 -0.011706 -0.063853 0.042569 -12.600000 28.799999 50.400002
0.028809 -1.050537 0.184814 -0.019156 -0.059597 0.039376 -11.700000 28.500000 51.299999
0.029053 -0.988281 0.178467 -0.006385 -0.042569 0.038312 -13.200000 30.000000 52.200001
0.032471 -1.006104 0.177979 -0.015963 -0.032991 0.054275 -10.200000 29.400000 50.400002
0.031982 -1.002686 0.182861 -0.011706 -0.019156 0.032991 -11.400000 31.200001 51.599998
0.046387 -0.922852 0.128662 -0.015963 -0.005321 0.030863 -12.300000 29.100000 51.299999
0.037354 -0.985840 0.159912 -0.023413 -0.007450 0.028734 -12.000000 28.200001 51.599998
0.027100 -1.041748 0.190674 -0.006385 -0.006385 0.028734 -10.500000 29.700001 51.900002
0.035645 -1.012451 0.167236 -0.011706 -0.022349 0.027670 -9.600000 27.000000 49.799999
0.030762 -0.989014 0.150635 -0.013835 -0.021284 0.022349 -11.400000 29.400000 51.000000
0.025391 -0.971680 0.128418 -0.017028 -0.022349 0.027670 -9.900000 28.500000 51.299999
0.026123 -0.973633 0.109375 -0.012771 -0.029798 0.035119 -9.000000 28.200001 51.000000
0.038574 -1.031250 0.180420 -0.019156 -0.005321 0.023413 -9.600000 28.799999 50.400002
0.052979 -1.073242 0.177002 -0.014899 -0.005321 0.025541 -8.700000 29.100000 51.900002
0.027100 -0.983154 0.152100 -0.023413 -0.014899 0.020220 -8.400000 28.799999 49.799999
0.038086 -1.024902 0.175049 -0.020220 -0.004257 0.032991 -8.100000 27.299999 50.099998
0.027832 -0.985352 0.151855 -0.017028 -0.001064 0.026606 -6.000000 28.200001 50.400002
0.033447 -1.044189 0.206299 -0.022349 -0.004257 0.027670 -7.200000 26.400000 49.799999
0.032227 -0.972656 0.157471 -0.021284 0.011706 0.022349 -6.600000 27.600000 51.000000
0.027100 -0.941406 0.142822 -0.014899 0.012771 0.023413 -5.700000 26.700001 48.900002
0.025635 -1.045654 0.186279 -0.020220 0.023413 0.022349 -4.800000 27.600000 49.799999
0.034180 -0.990234 0.177734 -0.013835 0.067046 0.025541 -5.700000 26.700001 50.700001
0.024414 -0.955078 0.157715 -0.018092 0.086202 0.014899 -7.800000 26.400000 51.000000
0.020996 -0.961182 0.182617 -0.022349 0.110679 0.008514 -6.000000 28.200001 49.799999
0.034668 -0.992188 0.167236 -0.014899 0.130900 0.008514 -5.100000 27.299999 50.700001
0.030029 -0.956543 0.160645 -0.015963 0.111744 0.011706 -6.600000 27.000000 49.799999
0.041504 -0.969238 0.203125 -0.011706 0.090459 0.018092 -3.300000 26.700001 49.500000
0.034668 -0.958008 0.229004 -0.011706 0.063853 0.017028 -3.900000 26.100000 49.500000
0.025391 -0.989746 0.260498 -0.013835 0.029798 0.014899 -5.700000 26.100000 49.500000
0.031738 -1.000732 0.156494 -0.012771 0.023413 0.021284 -4.200000 26.400000 48.599998
0.035400 -1.000000 0.145508 -0.013835 0.021284 0.021284 -5.700000 24.900000 49.500000
0.038818 -0.999023 0.146240 -0.012771 0.026606 0.018092 -5.700000 26.100000 47.099998
0.031982 -1.005859 0.150146 -0.010642 0.021284 0.017028 -4.500000 24.900000 48.299999
0.033936 -1.003418 0.143311 -0.014899 0.025541 0.019156 -6.600000 26.400000 48.599998
0.034668 -1.002686 0.154785 -0.017028 0.020220 0.017028 -4.800000 25.200001 49.799999
0.034424 -0.998779 0.147705 -0.011706 0.023413 0.020220 -4.500000 27.299999 50.700001
0.032715 -1.000977 0.146240 -0.014899 0.023413 0.019156 -4.800000 25.799999 49.200001
0.030029 -0.997070 0.150635 -0.013835 0.025541 0.019156 -5.400000 25.799999 49.200001
0.031494 -0.997559 0.154053 -0.013835 0.023413 0.018092 -5.700000 25.500000 49.500000
0.032715 -0.996826 0.154541 -0.013835 0.026606 0.021284 -5.400000 25.799999 49.799999
0.040527 -1.000977 0.160400 -0.013835 0.024477 0.020220 -4.500000 27.299999 50.700001
0.039795 -0.998779 0.156006 -0.012771 0.022349 0.023413 -5.100000 26.100000 49.500000
0.036621 -1.000244 0.151123 -0.014899 0.024477 0.021284 -3.900000 25.500000 51.299999
0.027344 -1.004883 0.145752 -0.012771 0.023413 0.021284 -4.500000 25.500000 48.299999
0.033691 -0.997559 0.151367 -0.013835 0.022349 0.018092 -4.200000 27.600000 49.200001
0.032959 -1.000000 0.140625 -0.014899 0.025541 0.015963 -3.000000 25.799999 49.799999
0.032471 -0.998535 0.152832 -0.011706 0.023413 0.014899 -4.800000 24.600000 50.400002
0.033447 -0.999268 0.146729 -0.012771 0.025541 0.015963 -5.700000 25.500000 50.099998
0.034180 -1.003662 0.143066 -0.014899 0.022349 0.017028 -5.400000 25.799999 48.000000
0.033447 -0.998291 0.149414 -0.010642 0.022349 0.019156 -4.500000 25.500000 50.099998
0.033447 -0.998535 0.157227 -0.012771 0.021284 0.019156 -6.000000 26.400000 48.599998
0.029297 -1.001465 0.153564 -0.013835 0.023413 0.017028 -4.500000 26.100000 48.900002
0.033447 -0.996582 0.151367 -0.017028 0.022349 0.019156 -3.600000 24.600000 49.799999
0.037598 -1.003174 0.165039 -0.011706 0.023413 0.022349 -5.400000 25.799999 48.000000
0.034180 -1.000000 0.154541 -0.012771 0.023413 0.017028 -4.500000 27.900000 48.299999
0.035400 -1.002930 0.146240 -0.011706 0.022349 0.019156 -3.900000 26.100000 48.900002
0.036377 -0.993896 0.143555 -0.015963 0.021284 0.019156 -5.100000 26.700001 48.900002
0.030762 -0.994141 0.155518 -0.010642 0.022349 0.019156 -3.300000 27.299999 48.900002
0.026855 -1.002930 0.156250 -0.013835 0.023413 0.019156 -6.000000 27.000000 49.200001
0.032715 -1.000977 0.149902 -0.012771 0.023413 0.020220 -5.700000 26.700001 50.700001
0.035400 -0.996582 0.149170 -0.010642 0.024477 0.017028 -4.500000 26.100000 49.500000
0.037842 -1.000000 0.151855 -0.011706 0.022349 0.019156 -6.000000 25.799999 49.799999
0.028564 -1.001709 0.153076 -0.017028 0.022349 0.019156 -4.800000 25.200001 49.200001
0.032959 -0.996094 0.148193 -0.013835 0.024477 0.017028 -4.500000 24.900000 49.500000
0.035400 -1.000977 0.159180 -0.013835 0.023413 0.018092 -2.700000 26.700001 50.099998
0.030273 -1.000977 0.150146 -0.013835 0.024477 0.020220 -5.700000 26.700001 51.299999
0.027588 -0.998535 0.150635 -0.013835 0.023413 0.018092 -4.500000 26.700001 50.700001
0.026855 -0.997314 0.147461 -0.012771 0.023413 0.024477 -4.800000 25.200001 51.599998
0.031982 -0.998291 0.151855 -0.013835 0.022349 0.019156 -4.500000 25.500000 50.700001
0.037598 -1.008545 0.146240 -0.015963 0.025541 0.017028 -4.500000 26.700001 48.900002
0.034424 -0.997803 0.146973 -0.017028 0.022349 0.017028 -5.700000 24.900000 50.099998
0.034424 -0.997559 0.154541 -0.012771 0.024477 0.018092 -5.100000 24.900000 50.700001
0.031738 -0.995850 0.144287 -0.010642 0.022349 0.019156 -4.800000 27.000000 49.799999
0.038330 -0.994385 0.144531 -0.013835 0.024477 0.018092 -5.400000 25.200001 49.200001
0.035400 -1.001709 0.155273 -0.015963 0.022349 0.018092 -6.300000 24.900000 49.500000
0.029297 -1.010254 0.154541 -0.013835 0.025541 0.021284 -3.300000 26.100000 48.299999
0.029053 -0.999023 0.147949 -0.014899 0.026606 0.020220 -3.000000 26.400000 48.000000
0.031982 -0.998535 0.157715 -0.014899 0.022349 0.017028 -4.500000 25.500000 50.700001
0.030029 -1.002930 0.149658 -0.014899 0.028734 0.015963 -4.500000 25.500000 49.500000
0.037598 -1.004883 0.156006 -0.013835 0.022349 0.020220 -3.000000 25.799999 48.000000
0.026855 -0.997070 0.154053 -0.012771 0.025541 0.018092 -6.600000 25.200001 48.599998
0.033203 -1.000977 0.155762 -0.015963 0.024477 0.020220 -4.200000 26.400000 49.200001
0.029053 -0.996582 0.152100 -0.014899 0.024477 0.018092 -5.100000 25.500000 48.900002
0.032959 -1.001221 0.158936 -0.009578 0.022349 0.015963 -5.100000 27.900000 48.299999
0.030518 -0.998535 0.151367 -0.014899 0.024477 0.018092 -4.500000 26.700001 48.900002
0.033691 -0.992188 0.147461 -0.012771 0.024477 0.018092 -3.900000 24.900000 48.900002
0.029297 -1.008057 0.150635 -0.011706 0.024477 0.017028 -4.500000 25.500000 51.299999
0.034180 -1.002197 0.152832 -0.013835 0.024477 0.020220 -4.800000 25.799999 49.200001
0.031738 -0.998291 0.148926 -0.012771 0.021284 0.019156 -5.400000 25.799999 48.000000
0.029053 -0.996582 0.157227 -0.009578 0.024477 0.018092 -4.500000 24.900000 50.099998
0.034912 -1.004639 0.147705 -0.012771 0.023413 0.020220 -5.100000 26.100000 50.099998
0.035400 -0.996338 0.148438 -0.014899 0.022349 0.018092 -5.700000 26.100000 48.900002
0.033936 -0.999268 0.148682 -0.014899 0.023413 0.017028 -4.800000 25.200001 49.200001
0.030029 -1.003662 0.150879 -0.014899 0.023413 0.017028 -6.000000 25.799999 50.400002
0.034668 -1.001953 0.142578 -0.017028 0.024477 0.018092 -5.100000 24.900000 47.700001
0.030029 -0.999023 0.144287 -0.015963 0.023413 0.014899 -6.300000 26.100000 49.500000
0.030029 -0.998779 0.154053 -0.012771 0.022349 0.019156 -5.100000 26.100000 49.500000
0.034424 -1.003906 0.145264 -0.014899 0.024477 0.014899 -5.400000 24.000000 48.000000
0.034424 -0.999023 0.154785 -0.014899 0.023413 0.018092 -4.500000 26.700001 48.900002
0.027832 -1.001709 0.156738 -0.011706 0.023413 0.019156 -5.100000 26.700001 49.500000
0.030273 -0.998779 0.154053 -0.013835 0.022349 0.018092 -6.300000 25.500000 48.900002
0.034668 -1.001221 0.148193 -0.015963 0.024477 0.019156 -3.600000 27.000000 49.799999
0.024170 -1.000977 0.155518 -0.012771 0.021284 0.019156 -4.500000 25.500000 50.099998
0.034912 -0.998779 0.145020 -0.014899 0.022349 0.018092 -3.600000 25.799999 49.799999
0.033447 -1.001709 0.151855 -0.014899 0.022349 0.021284 -5.700000 26.700001 50.099998
0.031982 -0.992432 0.153564 -0.012771 0.022349 0.019156 -5.400000 26.400000 50.400002
0.035889 -0.999512 0.153564 -0.018092 0.023413 0.019156 -5.100000 24.900000 48.900002
0.027832 -1.003174 0.152832 -0.011706 0.024477 0.018092 -3.300000 24.900000 48.900002
0.034180 -0.996338 0.156494 -0.012771 0.021284 0.017028 -5.100000 27.299999 49.500000
0.032715 -1.001953 0.149170 -0.015963 0.025541 0.021284 -4.200000 27.600000 50.400002
0.033203 -1.000244 0.156006 -0.012771 0.023413 0.019156 -5.100000 26.100000 48.900002
0.033447 -0.999023 0.142334 -0.010642 0.025541 0.021284 -5.100000 26.100000 50.099998
0.032471 -1.000244 0.149902 -0.013835 0.023413 0.018092 -4.500000 26.700001 50.099998
0.031982 -0.996582 0.154297 -0.012771 0.022349 0.020220 -5.700000 24.900000 50.099998
0.040527 -1.004395 0.145508 -0.010642 0.013835 0.018092 -6.000000 27.600000 49.200001
0.064453 -1.000732 0.150391 -0.011706 -0.024477 0.022349 -3.600000 24.600000 51.599998
0.061523 -1.014648 0.159912 -0.011706 0.008514 0.014899 -4.500000 25.500000 49.500000
0.061035 -1.008057 0.155518 -0.019156 0.051083 0.015963 -4.800000 25.799999 49.799999
0.035400 -0.998779 0.147217 -0.011706 0.061725 0.010642 -4.800000 26.400000 48.599998
0.035889 -0.987305 0.148193 -0.009578 0.052147 0.014899 -6.000000 25.200001 48.599998
0.052734 -0.994141 0.158691 -0.013835 0.096844 0.007450 -5.400000 25.200001 50.400002
0.057861 -1.004395 0.167969 -0.014899 0.098973 0.006385 -4.500000 25.500000 48.900002
0.047607 -1.003418 0.146240 -0.010642 0.148991 0.003193 -5.400000 25.200001 49.799999
0.058350 -0.993896 0.153076 -0.018092 0.150056 -0.004257 -5.100000 27.299999 48.299999
0.048584 -1.024902 0.154541 -0.007450 0.140478 -0.002128 -7.800000 26.400000 48.599998
0.051270 -1.029053 0.155762 -0.015963 0.107487 0.005321 -5.100000 26.700001 48.299999
0.049561 -1.001221 0.150146 -0.015963 0.113872 0.000000 -5.100000 26.700001 50.099998
0.069824 -1.006592 0.165039 -0.008514 0.121322 0.000000 -4.200000 25.799999 49.200001
0.063477 -1.002197 0.165527 -0.002128 0.105358 0.001064 -6.000000 26.400000 49.200001
0.061523 -1.001221 0.151123 -0.009578 0.107487 0.000000 -5.100000 27.900000 50.099998
0.066895 -0.989014 0.144043 -0.006385 0.107487 -0.001064 -5.700000 26.100000 48.299999
0.043457 -1.026367 0.156006 -0.006385 0.083009 0.001064 -5.100000 26.100000 47.099998
0.064941 -0.994385 0.148438 0.017028 0.048954 0.003193 -4.200000 26.400000 47.400002
0.056885 -0.969971 0.151123 -0.008514 0.034055 0.000000 -5.700000 27.299999 47.700001
0.052246 -1.000244 0.145264 -0.004257 -0.020220 0.002128 -6.600000 30.600000 46.799999
0.028320 -0.997803 0.140381 -0.001064 -0.028734 0.010642 -5.700000 27.299999 44.099998
0.060059 -0.982666 0.164062 -0.019156 -0.028734 0.012771 -4.500000 28.500000 45.299999
0.041260 -1.033936 0.155518 -0.004257 -0.046826 0.017028 -3.900000 29.700001 43.500000
0.043945 -1.024658 0.163818 -0.008514 -0.034055 0.020220 -4.500000 30.299999 43.500000
0.057129 -0.976074 0.164795 -0.006385 -0.050019 0.011706 -3.600000 30.600000 42.000000
0.044922 -1.001709 0.159912 -0.006385 -0.057468 0.018092 -3.000000 31.799999 41.400002
0.036133 -1.015137 0.151367 -0.027670 -0.050019 0.011706 -3.600000 30.600000 39.599998
0.046143 -1.038086 0.145020 0.010642 -0.091523 0.015963 -6.000000 31.799999 40.200001
0.029053 -1.080078 0.167480 -0.009578 -0.100037 0.022349 -6.300000 33.900002 37.500000
0.056152 -1.051514 0.161865 -0.006385 -0.112808 0.025541 -4.800000 33.599998 38.400002
0.028564 -1.026855 0.143311 -0.011706 -0.121322 0.024477 -8.100000 35.099998 36.900002
0.052002 -0.984131 0.146484 0.004257 -0.145799 0.028734 -6.300000 34.500000 36.900002
0.024902 -1.002930 0.140137 0.000000 -0.168147 0.037248 -7.800000 34.200001 33.000000
0.030762 -0.986572 0.162354 -0.005321 -0.156441 0.028734 -8.700000 35.099998 32.700001
0.038086 -1.031006 0.160645 -0.013835 -0.155377 0.009578 -9.300000 35.099998 33.299999
0.038330 -0.929932 0.150635 -0.009578 -0.113872 0.023413 -9.600000 36.599998 31.200001
0.023682 -0.970459 0.153320 -0.005321 -0.071303 0.021284 -9.900000 38.700001 31.500000
0.006836 -0.989258 0.150146 -0.008514 -0.057468 0.015963 -12.000000 38.400002 31.799999
0.018799 -0.996094 0.157471 -0.007450 -0.035119 0.020220 -11.400000 37.799999 29.400000
0.037109 -0.997559 0.173828 -0.010642 -0.005321 0.010642 -12.300000 38.700001 30.900000
0.019287 -1.014404 0.155029 -0.021284 0.013835 0.008514 -13.200000 39.000000 28.799999
0.011230 -0.986328 0.142822 -0.010642 -0.001064 0.014899 -15.300000 38.700001 29.700001
0.013428 -1.006104 0.160400 -0.012771 -0.006385 0.015963 -15.000000 36.000000 30.000000
0.013916 -1.003418 0.165039 -0.014899 0.011706 0.014899 -15.900000 39.299999 27.900000
-0.015869 -0.997559 0.129639 -0.009578 -0.017028 0.019156 -15.900000 38.700001 29.700001
-0.038330 -0.983154 0.156006 -0.008514 -0.031927 0.024477 -17.100000 36.900002 27.299999
-0.044189 -0.992920 0.175781 -0.013835 0.021284 0.017028 -15.900000 38.700001 28.500000
0.048096 -1.004639 0.155273 -0.011706 0.022349 0.018092 -16.500000 36.900002 29.100000
0.047607 -0.993408 0.153076 -0.017028 0.022349 0.020220 -15.900000 39.299999 29.100000
0.051025 -1.001709 0.154053 -0.014899 0.023413 0.019156 -18.299999 39.299999 27.900000
0.045898 -0.997314 0.167969 -0.013835 0.022349 0.020220 -16.799999 36.599998 28.799999
0.046875 -0.998535 0.156738 -0.013835 0.023413 0.018092 -17.100000 39.299999 28.500000
0.050781 -0.994141 0.153809 -0.013835 0.023413 0.018092 -16.799999 38.400002 28.200001
0.045654 -0.994141 0.156250 -0.010642 0.024477 0.019156 -17.400000 36.599998 28.799999
0.043701 -0.995605 0.147217 -0.014899 0.022349 0.017028 -18.000000 38.400002 28.200001
0.057129 -0.997803 0.152832 -0.014899 0.022349 0.021284 -17.100000 38.099998 29.700001
0.046875 -1.002686 0.157959 -0.013835 0.023413 0.018092 -15.900000 38.700001 28.500000
0.050781 -1.000732 0.155029 -0.013835 0.024477 0.018092 -16.200001 37.200001 28.799999
0.049316 -0.991699 0.152588 -0.014899 0.022349 0.015963 -18.000000 37.799999 30.600000
0.048828 -1.000244 0.156494 -0.013835 0.026606 0.015963 -16.799999 37.799999 28.799999
0.049072 -1.000244 0.148682 -0.015963 0.024477 0.014899 -18.299999 36.299999 29.100000
0.050537 -0.997559 0.160645 -0.012771 0.023413 0.015963 -15.900000 38.700001 27.900000
0.043457 -1.001221 0.147217 -0.013835 0.024477 0.015963 -17.100000 36.900002 30.299999
0.043213 -1.000000 0.151611 -0.015963 0.021284 0.021284 -17.700001 38.099998 29.100000
0.042480 -1.000488 0.160400 -0.013835 0.023413 0.015963 -17.700001 36.900002 28.500000
0.040527 -0.997559 0.158936 -0.017028 0.023413 0.018092 -16.500000 37.500000 30.299999
0.048096 -0.998779 0.161133 -0.014899 0.023413 0.019156 -17.100000 37.500000 30.900000
0.047119 -0.998047 0.151611 -0.015963 0.023413 0.017028 -18.600000 36.599998 30.000000
0.049316 -0.996094 0.151367 -0.012771 0.022349 0.020220 -16.799999 37.799999 29.400000
0.048828 -0.998779 0.157715 -0.014899 0.023413 0.019156 -18.600000 36.000000 30.600000
0.049316 -0.995117 0.158936 -0.012771 0.023413 0.019156 -15.900000 38.099998 27.900000
0.049561 -1.000977 0.149414 -0.015963 0.026606 0.017028 -16.799999 37.200001 30.000000
0.047363 -1.003906 0.158447 -0.014899 0.023413 0.015963 -16.200001 38.400002 30.600000
0.051758 -1.003418 0.155518 -0.013835 0.024477 0.018092 -17.700001 38.099998 29.700001
0.046631 -0.997559 0.154053 -0.013835 0.024477 0.018092 -15.600000 37.200001 28.200001
0.048828 -0.998535 0.153809 -0.014899 0.023413 0.020220 -17.100000 39.900002 29.700001
0.046875 -1.005371 0.155273 -0.014899 0.022349 0.019156 -15.300000 37.500000 27.900000
0.045166 -1.000488 0.148438 -0.018092 0.025541 0.015963 -15.600000 39.000000 28.799999
0.045654 -1.002441 0.156006 -0.017028 0.023413 0.020220 -16.799999 38.400002 28.799999
0.047852 -0.994873 0.159912 -0.015963 0.021284 0.020220 -17.100000 36.900002 29.700001
0.052490 -1.001221 0.154053 -0.014899 0.024477 0.020220 -17.100000 38.700001 29.100000
0.051758 -0.995605 0.159424 -0.011706 0.025541 0.020220 -17.100000 36.900002 29.100000
0.045654 -0.998291 0.151123 -0.014899 0.026606 0.018092 -15.300000 37.500000 28.500000
0.048584 -1.001953 0.150635 -0.015963 0.025541 0.020220 -17.400000 38.400002 30.000000
0.049561 -1.000244 0.158203 -0.012771 0.024477 0.019156 -17.700001 38.099998 30.900000
0.045410 -0.995850 0.156738 -0.014899 0.024477 0.022349 -17.400000 37.799999 28.200001
0.048584 -0.999512 0.152832 -0.014899 0.024477 0.018092 -16.200001 40.200001 28.200001
0.047363 -0.997803 0.155518 -0.013835 0.023413 0.018092 -16.200001 37.799999 27.000000
0.044922 -1.003906 0.159668 -0.014899 0.023413 0.019156 -17.100000 37.500000 29.700001
0.042480 -1.004639 0.156494 -0.014899 0.025541 0.020220 -18.000000 36.000000 27.600000
0.043701 -0.993652 0.150879 -0.015963 0.026606 0.017028 -18.600000 37.799999 30.000000
0.049316 -0.992920 0.153564 -0.013835 0.023413 0.017028 -18.600000 37.799999 29.400000
0.042236 -0.994385 0.158691 -0.018092 0.023413 0.021284 -17.700001 38.700001 29.100000
0.046631 -1.000732 0.154053 -0.013835 0.019156 0.020220 -18.000000 37.200001 28.799999
0.043701 -0.995850 0.155029 -0.017028 0.023413 0.019156 -18.600000 40.200001 29.400000
0.043213 -0.999512 0.161133 -0.013835 0.024477 0.017028 -15.600000 37.799999 29.400000
0.045166 -0.994873 0.156006 -0.013835 0.024477 0.018092 -16.799999 36.599998 28.799999
0.045898 -0.999268 0.161133 -0.013835 0.024477 0.018092 -16.200001 37.799999 30.000000
0.038818 -1.001953 0.157471 -0.013835 0.022349 0.015963 -17.400000 37.799999 28.799999
0.041504 -0.999756 0.156250 -0.012771 0.024477 0.018092 -17.700001 36.900002 28.500000
0.043457 -1.001221 0.156494 -0.011706 0.024477 0.018092 -18.000000 39.000000 29.400000
0.039551 -1.001221 0.162354 -0.014899 0.024477 0.017028 -15.600000 39.000000 29.400000
0.046143 -1.001465 0.157715 -0.011706 0.022349 0.013835 -17.100000 39.900002 27.299999
0.047119 -1.001709 0.158691 -0.013835 0.023413 0.018092 -18.000000 36.599998 28.799999
0.049805 -0.993896 0.155762 -0.010642 0.022349 0.018092 -15.900000 36.299999 30.299999
0.044434 -1.001221 0.152344 -0.011706 0.023413 0.020220 -17.400000 38.400002 29.400000
0.042725 -0.999268 0.167480 -0.015963 0.022349 0.014899 -16.200001 38.400002 30.600000
0.042725 -1.000244 0.163086 -0.013835 0.024477 0.021284 -15.900000 39.900002 29.700001
0.046387 -1.000000 0.161133 -0.012771 0.023413 0.018092 -17.400000 38.400002 29.400000
0.050537 -0.997559 0.157227 -0.012771 0.021284 0.019156 -17.100000 38.099998 28.500000
0.052002 -1.003906 0.159424 -0.014899 0.021284 0.018092 -17.700001 38.099998 29.100000
