0.000000 0.000000 55028439011726540668928.000000 -0.010642 0.020220 0.018092 30.900000 41.700001 53.099998
0.030029 -1.011719 0.068848 -0.013835 0.023413 0.019156 32.400002 43.200001 53.400002
0.029053 -1.009277 0.062256 -0.012771 0.020220 0.015963 30.900000 42.299999 53.700001
0.031006 -1.011230 0.072754 -0.012771 0.022349 0.014899 30.600000 42.000000 54.000000
0.025635 -1.006592 0.051025 -0.014899 0.022349 0.017028 32.400002 40.799999 52.799999
0.026123 -1.004639 0.056885 -0.018092 0.020220 0.017028 32.099998 42.900002 54.299999
0.021973 -1.008789 0.063232 -0.015963 0.019156 0.020220 30.299999 41.700001 53.099998
0.023926 -1.014893 0.059326 -0.014899 0.018092 0.020220 30.900000 42.900002 54.299999
0.024902 -1.003174 0.049805 -0.007450 0.020220 0.021284 34.200001 42.599998 52.799999
0.019531 -1.006348 0.058350 -0.011706 0.022349 0.015963 31.799999 42.000000 53.400002
0.022461 -1.013916 0.066162 -0.012771 0.019156 0.018092 32.099998 41.700001 53.099998
0.025146 -1.011475 0.054443 -0.014899 0.018092 0.017028 30.900000 41.099998 54.299999
0.023926 -1.011230 0.058594 -0.020220 0.021284 0.019156 31.500000 42.299999 53.700001
0.025635 -1.009033 0.060547 -0.013835 0.021284 0.017028 31.799999 42.000000 54.000000
0.028320 -1.008789 0.068115 -0.019156 0.019156 0.018092 32.400002 43.799999 52.200001
0.023682 -1.000244 0.053711 -0.020220 0.020220 0.018092 31.200001 42.000000 52.799999
0.023193 -1.010986 0.061035 -0.013835 0.022349 0.014899 31.799999 42.599998 54.599998
0.023682 -1.011475 0.060303 -0.013835 0.022349 0.018092 30.900000 41.700001 54.299999
0.025635 -0.998291 0.061279 -0.011706 0.020220 0.015963 32.099998 42.299999 54.299999
0.027100 -1.005371 0.066650 -0.008514 0.023413 0.017028 31.799999 43.200001 53.400002
0.020508 -1.000732 0.059814 -0.015963 0.021284 0.019156 30.600000 43.200001 52.200001
0.024902 -1.008057 0.062500 -0.013835 0.021284 0.019156 31.799999 41.400002 54.000000
0.021973 -1.003906 0.061523 -0.012771 0.021284 0.018092 31.200001 42.599998 52.799999
0.022217 -1.007080 0.068359 -0.013835 0.020220 0.018092 33.000000 43.200001 53.400002
0.020996 -1.009521 0.060303 -0.017028 0.020220 0.019156 30.900000 42.900002 53.099998
0.027588 -1.006836 0.064453 -0.012771 0.021284 0.018092 32.400002 42.000000 52.200001
0.026123 -1.007568 0.066406 -0.015963 0.023413 0.018092 31.200001 42.599998 54.000000
0.031006 -1.005615 0.064941 -0.015963 0.020220 0.020220 31.500000 44.700001 52.500000
0.026123 -1.005127 0.058350 -0.019156 0.020220 0.017028 31.500000 42.900002 54.900002
0.024414 -1.009277 0.053467 -0.010642 0.019156 0.014899 33.299999 41.099998 53.099998
0.017822 -1.010254 0.063965 -0.014899 0.022349 0.017028 30.900000 42.299999 53.700001
0.022461 -1.005371 0.058350 -0.012771 0.020220 0.015963 30.900000 42.900002 53.099998
0.024170 -1.011475 0.061279 -0.009578 -0.015963 0.014899 30.900000 41.700001 53.700001
0.024658 -1.009766 0.060059 -0.012771 -0.025541 0.017028 32.400002 42.000000 55.200001
0.024902 -1.007080 0.063965 -0.009578 -0.006385 0.013835 31.200001 42.000000 54.000000
0.032715 -1.015625 0.066406 -0.011706 0.019156 0.014899 33.599998 42.599998 51.599998
0.023193 -1.010010 0.052734 -0.013835 0.021284 0.017028 30.900000 41.099998 53.099998
0.024170 -1.001709 0.062988 -0.014899 0.020220 0.020220 32.099998 42.299999 53.099998
0.026855 -1.015137 0.058105 -0.010642 0.019156 0.018092 32.099998 42.900002 53.700001
0.025391 -1.016113 0.055420 -0.010642 0.021284 0.019156 31.500000 43.500000 54.299999
0.026367 -1.010742 0.057373 -0.011706 0.023413 0.019156 32.700001 43.500000 52.500000
0.029785 -1.007568 0.064453 -0.011706 0.020220 0.018092 30.900000 42.299999 52.500000
0.031494 -1.007812 0.065186 -0.013835 0.022349 0.018092 31.500000 42.900002 53.700001
0.025391 -1.005371 0.060547 -0.012771 0.020220 0.015963 32.400002 42.000000 52.799999
0.021729 -1.011230 0.053711 -0.014899 0.024477 0.015963 29.400000 42.599998 55.200001
0.020020 -1.008545 0.053223 -0.012771 0.027670 0.018092 32.400002 43.200001 53.400002
0.021484 -1.013428 0.063232 -0.013835 0.024477 0.011706 31.200001 42.000000 52.799999
0.008057 -1.021973 0.091064 -0.012771 0.125578 0.009578 31.200001 43.200001 54.000000
0.041504 -1.002686 0.044678 -0.012771 0.086202 0.017028 30.000000 43.200001 52.799999
0.042969 -0.996826 0.045410 -0.017028 0.025541 0.017028 33.299999 41.700001 53.700001
0.029785 -1.005859 0.062012 -0.012771 0.020220 0.017028 31.200001 42.000000 54.000000
0.029053 -1.010254 0.041260 -0.013835 0.018092 0.018092 31.200001 41.400002 53.400002
0.031250 -1.006592 0.081299 -0.018092 0.035119 0.018092 30.900000 41.700001 52.500000
0.033203 -1.020264 0.048096 -0.020220 0.014899 0.020220 32.400002 42.000000 52.200001
0.028564 -1.010742 0.052734 -0.005321 0.003193 0.009578 31.500000 43.500000 53.700001
0.026855 -1.001709 0.061035 -0.013835 0.020220 0.021284 31.200001 41.400002 51.599998
0.018066 -1.010254 0.060059 -0.017028 0.023413 0.018092 31.200001 41.400002 52.799999
0.017334 -1.008057 0.052246 -0.013835 0.023413 0.012771 31.200001 41.400002 53.400002
0.041504 -1.013184 0.051025 -0.009578 0.021284 0.018092 30.900000 42.900002 53.700001
0.020264 -1.016602 0.059082 -0.009578 0.023413 0.014899 32.400002 41.400002 52.799999
0.020508 -1.004395 0.066162 -0.015963 0.040441 0.017028 30.000000 42.000000 52.799999
0.016846 -1.007080 0.058105 -0.011706 0.027670 0.018092 31.500000 42.900002 54.299999
0.025146 -1.011475 0.058105 -0.007450 0.012771 0.017028 30.299999 44.700001 52.500000
0.012939 -1.017334 0.057617 -0.018092 0.020220 0.012771 30.600000 42.000000 53.400002
0.026367 -0.999512 0.041016 -0.009578 0.021284 0.018092 30.900000 42.299999 53.700001
0.032227 -1.000732 0.063965 -0.007450 0.015963 0.018092 30.299999 42.900002 52.500000
0.030273 -1.000732 0.058350 -0.008514 0.023413 0.023413 32.099998 42.299999 53.099998
0.020020 -1.007324 0.074219 -0.006385 0.044697 0.018092 31.200001 41.400002 54.000000
0.013916 -1.009277 0.055908 -0.017028 0.044697 0.015963 32.700001 42.299999 53.700001
0.032227 -1.012451 0.048096 -0.008514 0.017028 0.020220 30.900000 42.900002 53.099998
0.020508 -1.000000 0.053711 -0.008514 0.009578 0.020220 31.799999 42.599998 54.599998
0.011963 -0.998291 0.055176 -0.014899 0.007450 0.013835 31.200001 43.200001 53.400002
0.013672 -1.014893 0.058594 -0.014899 0.018092 0.018092 31.200001 42.000000 52.200001
0.036865 -1.003662 0.061523 -0.009578 0.013835 0.023413 33.299999 42.299999 51.900002
0.024902 -1.006592 0.054932 -0.013835 0.007450 0.020220 32.400002 42.599998 53.400002
0.016846 -1.019287 0.060547 0.002128 0.013835 0.019156 31.200001 41.400002 54.599998
0.030762 -1.004639 0.068115 -0.005321 0.022349 0.022349 31.200001 43.799999 53.400002
0.041260 -1.007568 0.054932 -0.010642 0.000000 0.020220 30.299999 41.700001 53.700001
0.013428 -1.019043 0.048340 -0.005321 -0.006385 0.014899 31.500000 42.299999 53.099998
0.042236 -1.013672 0.066162 -0.014899 -0.020220 0.022349 32.099998 41.099998 53.700001
0.013184 -1.009033 0.059570 -0.009578 -0.013835 0.007450 30.000000 43.799999 52.200001
0.031250 -1.011230 0.054688 -0.022349 -0.017028 0.017028 31.799999 42.599998 52.799999
0.024414 -1.008545 0.052490 0.000000 0.003193 0.013835 31.799999 42.000000 52.799999
0.042969 -1.011230 0.045654 -0.014899 -0.026606 0.023413 31.799999 42.000000 53.400002
0.022217 -1.007324 0.063477 -0.015963 -0.027670 0.024477 30.600000 42.599998 52.799999
0.017334 -1.009033 0.056396 -0.004257 -0.039376 0.018092 32.099998 42.299999 51.900002
0.009033 -1.010986 0.049561 -0.003193 -0.041505 0.015963 33.000000 42.000000 52.799999
0.024414 -1.008545 0.065918 -0.012771 -0.029798 0.022349 32.400002 42.000000 52.200001
0.023438 -1.024658 0.065674 -0.014899 -0.020220 0.017028 31.500000 42.900002 51.299999
0.024902 -1.002930 0.065674 -0.009578 0.003193 0.014899 33.599998 43.799999 52.200001
0.020996 -1.017334 0.055420 -0.014899 -0.006385 0.018092 31.200001 41.400002 52.799999
0.025879 -1.011230 0.059570 -0.013835 0.004257 0.024477 30.600000 42.599998 52.799999
0.018066 -1.008057 0.055664 -0.010642 0.022349 0.011706 31.500000 44.099998 54.900002
0.028809 -1.010010 0.061768 -0.007450 0.027670 0.020220 30.299999 42.900002 51.900002
0.025879 -1.016602 0.065186 -0.017028 0.023413 0.020220 31.500000 41.700001 53.099998
0.022461 -1.003174 0.053467 -0.009578 0.021284 0.019156 31.200001 43.200001 53.400002
0.026855 -1.011719 0.066406 -0.014899 0.031927 0.017028 31.500000 41.700001 53.099998
0.029297 -1.000977 0.058105 -0.013835 0.026606 0.023413 30.299999 41.700001 53.099998
0.020508 -0.998047 0.065674 -0.017028 0.014899 0.017028 31.799999 42.599998 51.599998
0.022217 -1.008789 0.055420 -0.009578 0.014899 0.020220 30.000000 43.799999 51.000000
0.020996 -1.010254 0.069580 -0.015963 0.006385 0.014899 32.099998 42.900002 53.099998
0.036133 -1.008057 0.055908 -0.009578 -0.003193 0.023413 32.400002 42.599998 52.799999
0.019531 -1.003906 0.065918 -0.008514 0.004257 0.015963 32.700001 42.299999 52.500000
0.025879 -1.013428 0.065430 -0.014899 0.013835 0.017028 32.700001 43.500000 52.500000
0.023682 -1.017334 0.047852 -0.009578 0.009578 0.017028 33.299999 43.500000 54.900002
0.017090 -1.000488 0.066650 -0.017028 0.012771 0.023413 31.500000 42.299999 53.700001
0.027832 -1.004883 0.054688 -0.010642 0.015963 0.018092 32.400002 42.599998 53.400002
0.031006 -1.010742 0.065674 -0.013835 0.011706 0.018092 31.500000 42.299999 53.099998
0.015625 -1.004883 0.062500 -0.008514 0.020220 0.020220 32.700001 42.299999 51.900002
0.034424 -1.008301 0.062744 -0.012771 0.022349 0.015963 31.500000 42.299999 53.099998
0.029053 -1.005859 0.057129 -0.013835 0.005321 0.017028 32.700001 42.900002 51.900002
0.024658 -1.011230 0.060059 -0.012771 0.007450 0.017028 32.099998 40.500000 51.299999
0.025635 -1.016602 0.078125 -0.017028 0.021284 0.017028 30.900000 42.299999 52.500000
0.031006 -0.993652 0.060547 -0.017028 0.023413 0.018092 32.400002 42.599998 52.200001
0.017822 -1.017090 0.058838 -0.013835 0.017028 0.012771 32.700001 40.500000 51.900002
0.032471 -1.004395 0.067871 -0.017028 0.011706 0.018092 31.500000 44.099998 52.500000
0.018311 -1.006104 0.072510 -0.019156 0.018092 0.018092 30.600000 42.000000 52.799999
0.027588 -1.006592 0.052490 -0.008514 0.028734 0.018092 30.900000 43.500000 51.900002
0.028320 -1.012451 0.069092 -0.008514 0.013835 0.014899 31.500000 41.700001 52.500000
0.023682 -1.001709 0.069824 -0.020220 0.000000 0.020220 31.799999 42.599998 53.400002
0.013428 -1.015625 0.061035 -0.013835 0.023413 0.017028 31.500000 43.500000 53.099998
0.030273 -0.994385 0.059082 -0.024477 -0.002128 0.019156 30.600000 42.000000 52.200001
0.012451 -1.005127 0.056152 -0.007450 -0.013835 0.018092 32.400002 41.400002 51.599998
0.017822 -1.009521 0.071289 -0.015963 -0.006385 0.019156 30.900000 41.700001 53.700001
0.019531 -1.009277 0.060303 -0.006385 0.011706 0.011706 31.200001 41.400002 51.599998
0.041260 -1.016113 0.067383 -0.024477 0.021284 0.021284 32.400002 42.000000 53.400002
0.020996 -0.999756 0.065674 -0.003193 0.029798 0.012771 31.500000 42.900002 51.299999
0.036377 -1.007324 0.068848 -0.018092 0.029798 0.018092 32.400002 43.200001 54.000000
0.024170 -1.009521 0.058105 -0.017028 0.023413 0.018092 30.900000 41.700001 51.900002
0.017090 -1.003174 0.056396 -0.013835 0.017028 0.021284 31.799999 40.799999 52.200001
0.023926 -0.999512 0.069336 -0.012771 0.015963 0.024477 30.299999 41.700001 52.500000
0.025146 -1.016846 0.062500 -0.009578 0.028734 0.011706 31.500000 42.900002 53.700001
0.023682 -1.000732 0.060547 -0.012771 0.011706 0.019156 32.400002 42.000000 51.599998
0.028320 -1.021240 0.053467 -0.017028 0.014899 0.022349 31.200001 42.000000 52.799999
0.021729 -1.007324 0.068848 -0.010642 0.014899 0.015963 30.900000 42.299999 52.500000
0.026855 -1.005859 0.064697 -0.018092 0.022349 0.011706 32.099998 41.099998 53.099998
0.020752 -1.008789 0.049805 0.000000 0.013835 0.026606 32.099998 41.099998 50.700001
0.023926 -1.009766 0.070557 -0.025541 0.024477 0.012771 32.099998 42.299999 51.900002
0.023193 -1.015137 0.062744 0.001064 0.011706 0.024477 30.900000 41.700001 51.900002
0.026367 -1.001953 0.076904 -0.015963 0.022349 0.019156 30.900000 42.299999 53.700001
0.010498 -1.012695 0.053467 -0.003193 0.023413 0.018092 33.000000 42.599998 53.400002
0.031494 -1.017334 0.056885 -0.019156 0.002128 0.014899 33.000000 42.599998 52.200001
0.033203 -1.006348 0.062256 -0.019156 0.011706 0.021284 32.099998 42.299999 51.900002
0.020996 -1.003906 0.070557 -0.018092 0.030863 0.019156 31.799999 42.000000 52.200001
0.026611 -1.010254 0.070801 -0.020220 0.030863 0.011706 32.099998 41.700001 52.500000
0.020996 -1.011230 0.054199 -0.003193 0.017028 0.029798 30.900000 42.299999 53.099998
0.014648 -1.006592 0.056641 -0.019156 -0.001064 0.011706 32.400002 42.000000 54.000000
0.022949 -1.008301 0.070068 -0.030863 0.019156 0.006385 30.299999 42.299999 51.900002
0.027588 -1.010254 0.049805 -0.004257 -0.005321 0.022349 32.099998 42.900002 52.500000
0.017090 -1.013916 0.074951 -0.019156 0.015963 0.005321 32.400002 42.000000 52.799999
0.021240 -1.007080 0.053223 -0.012771 0.005321 0.019156 31.200001 43.200001 52.200001
0.028564 -1.008789 0.067871 -0.010642 0.023413 0.021284 31.799999 40.799999 52.200001
0.034424 -1.000488 0.063965 -0.007450 -0.006385 0.021284 30.900000 42.900002 51.299999
0.027832 -0.997559 0.082031 -0.010642 0.028734 0.019156 32.400002 41.400002 52.200001
0.024170 -1.012451 0.055176 -0.018092 0.013835 0.021284 31.799999 42.000000 51.000000
0.026123 -1.013184 0.069336 -0.007450 0.031927 0.020220 33.000000 42.599998 51.000000
0.025146 -1.009033 0.065186 -0.024477 0.019156 0.012771 32.099998 41.700001 52.500000
0.032471 -0.998291 0.065918 -0.020220 0.030863 0.021284 31.500000 43.500000 52.500000
0.017578 -1.007812 0.065918 -0.011706 0.028734 0.014899 30.600000 42.000000 51.000000
0.014893 -1.017822 0.074951 -0.019156 0.036184 0.017028 33.000000 41.400002 52.200001
0.032227 -1.000732 0.068115 -0.006385 0.030863 0.025541 30.900000 42.299999 52.500000
0.029785 -1.006104 0.062500 -0.014899 0.019156 0.019156 31.200001 42.000000 52.200001
0.023193 -1.003418 0.071533 -0.014899 0.021284 0.018092 30.299999 40.500000 53.099998
0.023193 -1.014893 0.062500 -0.020220 0.023413 0.008514 31.799999 42.599998 51.599998
0.024902 -1.009766 0.060547 -0.015963 0.021284 0.015963 31.799999 40.799999 51.000000
0.010498 -1.009766 0.050537 -0.014899 0.011706 0.012771 31.500000 42.900002 52.500000
0.023682 -0.997314 0.068359 -0.018092 0.017028 0.013835 32.099998 41.700001 50.700001
0.027588 -1.005127 0.058838 -0.015963 0.003193 0.023413 32.099998 42.299999 51.900002
0.028564 -1.011719 0.061035 -0.012771 0.002128 0.020220 32.400002 39.000000 52.200001
0.032227 -1.020264 0.065918 -0.001064 0.005321 0.027670 32.700001 42.299999 51.900002
0.023926 -0.998291 0.059326 -0.017028 0.002128 0.017028 31.500000 42.299999 52.500000
0.024658 -1.008301 0.061768 -0.014899 0.014899 0.012771 32.099998 43.500000 51.900002
0.018799 -1.016846 0.057617 -0.017028 0.018092 0.021284 32.099998 42.299999 51.900002
0.037842 -1.007812 0.062988 -0.010642 0.028734 0.024477 32.099998 41.099998 50.700001
0.034668 -0.992432 0.077148 -0.019156 0.047890 0.014899 32.099998 42.299999 50.700001
0.028809 -1.011230 0.052979 -0.020220 0.027670 0.014899 31.799999 41.400002 53.400002
0.010742 -1.009277 0.049561 -0.012771 0.001064 0.018092 30.900000 42.900002 51.900002
0.025879 -1.009033 0.078125 -0.019156 0.023413 0.014899 31.799999 41.400002 52.200001
0.023682 -1.017090 0.056641 -0.019156 0.010642 0.023413 31.500000 41.700001 51.900002
0.019531 -0.989990 0.057129 -0.001064 0.014899 0.014899 31.200001 42.000000 51.000000
0.021484 -1.007080 0.063232 -0.015963 0.017028 0.022349 29.100000 43.500000 51.299999
0.029297 -1.001221 0.073486 -0.011706 0.019156 0.019156 30.900000 44.099998 51.900002
0.032959 -1.015137 0.041260 -0.021284 -0.036184 0.018092 31.799999 41.400002 51.599998
0.027344 -1.010498 0.078857 0.000000 0.006385 0.026606 31.500000 41.099998 50.700001
0.015869 -1.005371 0.066650 -0.023413 0.026606 0.012771 29.400000 40.799999 51.599998
0.032715 -1.007568 0.052002 -0.005321 0.006385 0.025541 31.799999 42.599998 51.000000
0.030273 -1.002197 0.068115 -0.020220 0.009578 0.021284 30.600000 42.599998 52.200001
0.019287 -1.005371 0.060547 -0.006385 0.019156 0.021284 31.200001 42.599998 52.200001
0.026855 -1.006836 0.071777 -0.017028 0.028734 0.013835 31.799999 41.400002 51.000000
0.023926 -0.993408 0.065430 -0.014899 0.026606 0.014899 31.799999 40.799999 52.799999
0.029297 -1.024658 0.060547 -0.006385 0.020220 0.020220 30.900000 40.500000 51.900002
0.031494 -1.001221 0.061523 -0.021284 0.018092 0.015963 31.799999 42.599998 51.000000
0.028809 -1.008057 0.051758 -0.012771 0.024477 0.018092 32.700001 42.900002 50.099998
0.026367 -1.005615 0.052490 -0.020220 0.017028 0.014899 31.500000 42.900002 51.900002
0.017578 -1.007812 0.054199 -0.026606 0.019156 0.009578 32.099998 41.099998 51.299999
0.020752 -1.010254 0.058594 -0.020220 0.021284 0.014899 30.299999 42.299999 51.299999
0.028320 -1.009277 0.065430 -0.021284 0.026606 0.019156 32.700001 42.299999 51.900002
0.024658 -1.007080 0.059570 -0.030863 0.022349 0.014899 30.000000 40.200001 51.599998
0.026367 -1.004395 0.061523 -0.034055 0.021284 0.011706 31.200001 41.400002 52.799999
0.032959 -1.015381 0.061279 -0.045762 0.017028 0.007450 31.200001 41.400002 51.000000
-0.001709 -0.991211 0.078369 -0.003193 0.023413 0.026606 31.799999 42.000000 52.799999
0.043701 -1.008057 0.057373 -0.023413 0.015963 0.018092 31.200001 42.000000 51.599998
0.022705 -0.999512 0.061523 -0.020220 0.026606 0.017028 31.799999 43.200001 51.000000
0.019531 -0.997559 0.057129 -0.012771 0.018092 0.017028 30.299999 41.099998 51.299999
0.029541 -1.019531 0.057617 -0.008514 0.020220 0.017028 31.799999 43.799999 52.200001
0.028076 -1.009277 0.063232 -0.018092 0.024477 0.017028 32.099998 41.099998 51.299999
0.025635 -1.007324 0.054932 -0.019156 0.019156 0.018092 31.500000 42.299999 52.500000
0.025879 -1.004395 0.077393 -0.015963 0.024477 0.017028 32.700001 42.299999 53.099998
0.024658 -1.011963 0.066895 -0.014899 0.022349 0.018092 31.799999 42.000000 52.200001
0.025635 -1.017578 0.061035 -0.011706 0.022349 0.014899 32.099998 41.700001 51.299999
0.023926 -1.009521 0.064453 -0.014899 0.021284 0.017028 31.799999 41.400002 51.599998
0.028076 -1.003906 0.055176 -0.011706 0.020220 0.023413 30.900000 41.700001 51.900002
0.019043 -1.010986 0.062012 -0.015963 0.021284 0.018092 31.200001 41.400002 51.599998
0.028564 -1.008545 0.063477 -0.015963 0.021284 0.022349 31.799999 43.799999 51.599998
0.025146 -1.003906 0.062500 -0.012771 0.020220 0.020220 30.900000 41.700001 51.900002
0.026367 -1.003662 0.062012 -0.011706 0.022349 0.015963 32.400002 42.000000 51.599998
0.026611 -1.011230 0.053467 -0.015963 0.020220 0.019156 31.500000 41.700001 51.900002
0.028320 -1.004639 0.065430 -0.012771 0.024477 0.013835 32.400002 42.000000 51.599998
0.026855 -1.008545 0.062500 -0.015963 0.020220 0.014899 30.900000 42.299999 50.700001
0.029053 -1.002686 0.062988 -0.010642 0.021284 0.017028 31.799999 41.400002 53.400002
0.032715 -1.007812 0.058594 -0.015963 0.022349 0.019156 32.099998 41.099998 51.900002
0.025146 -1.006836 0.066895 -0.017028 0.022349 0.018092 32.400002 43.200001 52.799999
0.025635 -1.007080 0.049316 -0.012771 0.022349 0.018092 30.000000 43.799999 51.599998
0.027588 -1.009033 0.057129 -0.007450 0.022349 0.015963 31.500000 42.299999 51.900002
0.023926 -1.007324 0.069824 -0.013835 0.022349 0.017028 31.200001 42.000000 51.599998
0.022461 -1.012207 0.065186 -0.014899 0.022349 0.017028 30.900000 43.500000 49.500000
0.025391 -1.011230 0.055908 -0.011706 0.021284 0.019156 32.400002 42.000000 51.599998
0.024658 -1.008545 0.056885 -0.012771 0.019156 0.017028 30.900000 43.500000 53.099998
0.028564 -1.015625 0.065186 -0.012771 0.022349 0.017028 31.799999 40.799999 51.599998
0.027588 -1.005615 0.061279 -0.012771 0.021284 0.015963 30.900000 42.299999 52.500000
0.029297 -1.009766 0.046143 -0.014899 0.020220 0.015963 32.099998 41.700001 51.299999
0.024902 -1.006592 0.055908 -0.013835 0.022349 0.015963 31.200001 42.599998 52.200001
0.024170 -1.010010 0.066650 -0.013835 0.023413 0.019156 31.799999 42.000000 51.599998
0.025635 -1.006592 0.063477 -0.015963 0.023413 0.019156 31.799999 43.200001 53.400002
0.026367 -1.009766 0.062988 -0.014899 0.022349 0.017028 32.400002 41.400002 51.599998
0.026367 -1.012451 0.052979 -0.011706 0.020220 0.017028 31.799999 42.000000 51.599998
0.021729 -1.007080 0.062256 -0.012771 0.021284 0.017028 31.799999 42.000000 52.799999
0.022461 -1.008789 0.053467 -0.013835 0.021284 0.020220 31.200001 41.400002 52.200001
0.027832 -1.013184 0.058594 -0.017028 0.018092 0.017028 31.799999 42.000000 50.400002
0.029785 -1.004883 0.065430 -0.013835 0.019156 0.019156 32.099998 41.700001 53.700001
0.019775 -1.005859 0.059570 -0.015963 0.020220 0.017028 30.600000 40.200001 52.200001
0.027832 -1.010498 0.054932 -0.012771 0.022349 0.013835 31.799999 41.400002 52.200001
0.033203 -1.007080 0.064697 -0.012771 0.023413 0.015963 31.500000 43.500000 52.500000
0.025879 -1.009766 0.057373 -0.012771 0.022349 0.020220 31.500000 42.299999 52.500000
0.027100 -1.009521 0.058105 -0.013835 0.022349 0.019156 31.200001 41.400002 52.200001
0.025146 -1.007812 0.065918 -0.010642 0.022349 0.017028 31.200001 42.000000 51.599998
0.017090 -1.010986 0.054688 -0.011706 0.022349 0.015963 32.400002 43.200001 51.000000
0.027588 -1.008789 0.058105 -0.013835 0.020220 0.017028 31.500000 39.900002 50.700001
0.029541 -1.014648 0.063965 -0.012771 0.020220 0.018092 32.400002 42.000000 52.200001
0.028076 -1.006104 0.064209 -0.013835 0.023413 0.015963 31.799999 42.599998 52.799999
0.024414 -1.016113 0.056885 -0.013835 0.023413 0.018092 31.200001 43.200001 52.799999
0.029297 -1.003906 0.048584 -0.015963 0.023413 0.020220 31.500000 42.299999 53.099998
0.026123 -1.009277 0.063721 -0.014899 0.023413 0.019156 31.799999 40.799999 52.799999
0.028320 -1.006104 0.067871 -0.011706 0.020220 0.017028 32.099998 41.700001 51.900002
0.023682 -1.016357 0.059326 -0.015963 0.021284 0.019156 31.799999 42.000000 51.000000
0.017578 -1.005127 0.057129 -0.013835 0.023413 0.017028 32.700001 41.099998 52.500000
0.028809 -1.004395 0.058350 -0.013835 0.021284 0.018092 32.099998 44.099998 50.700001
0.028809 -1.001465 0.055420 -0.011706 0.022349 0.017028 32.099998 42.900002 53.700001
0.028809 -1.002930 0.055664 -0.017028 0.021284 0.018092 32.099998 42.299999 52.500000
0.022461 -1.007080 0.059814 -0.013835 0.021284 0.017028 30.600000 42.000000 50.400002
0.028564 -1.002441 0.057129 -0.015963 0.023413 0.019156 31.799999 43.200001 50.400002
0.023926 -1.008789 0.057129 -0.014899 0.022349 0.020220 30.600000 41.400002 52.200001
0.026367 -1.015869 0.065674 -0.012771 0.020220 0.019156 32.700001 42.299999 51.900002
0.021484 -1.005127 0.066406 -0.013835 0.022349 0.014899 30.900000 42.299999 51.900002
0.026855 -1.012939 0.057129 -0.011706 0.021284 0.019156 32.099998 41.700001 48.900002
0.020020 -1.008057 0.062256 -0.018092 0.020220 0.020220 32.099998 41.700001 52.500000
0.018066 -1.002197 0.058594 -0.015963 0.021284 0.017028 29.700001 42.299999 51.299999
0.022461 -1.008545 0.065918 -0.015963 0.021284 0.018092 31.500000 41.700001 52.500000
0.025391 -1.009521 0.059814 -0.013835 0.022349 0.020220 31.799999 40.799999 51.599998
0.026123 -1.007568 0.054443 -0.013835 0.023413 0.017028 33.000000 42.599998 51.599998
0.023926 -1.006104 0.055908 -0.015963 0.020220 0.017028 31.200001 41.400002 51.000000
0.026123 -1.006592 0.056396 -0.012771 0.023413 0.017028 31.500000 41.099998 52.500000
0.026855 -1.001709 0.049805 -0.009578 0.021284 0.019156 31.799999 41.400002 52.200001
0.031738 -1.005859 0.061768 -0.013835 0.020220 0.019156 30.000000 41.400002 51.599998
0.029053 -1.006592 0.060547 -0.012771 0.020220 0.019156 31.799999 41.400002 52.200001
0.025391 -1.007324 0.061523 -0.013835 0.019156 0.017028 31.200001 42.000000 52.200001
0.022949 -1.007080 0.062500 -0.015963 0.019156 0.020220 32.700001 41.700001 51.900002
0.024414 -1.010254 0.065186 -0.010642 0.021284 0.015963 31.200001 40.200001 51.000000
0.028320 -1.004883 0.063232 -0.011706 0.020220 0.019156 30.900000 42.299999 51.900002
0.026367 -1.010742 0.057129 -0.014899 0.020220 0.018092 31.799999 41.400002 51.000000
0.021484 -1.010010 0.065430 -0.014899 0.023413 0.021284 30.000000 42.000000 52.799999
0.017822 -1.009033 0.061523 -0.011706 0.019156 0.018092 32.400002 41.400002 52.799999
0.030029 -1.010742 0.062500 -0.011706 0.020220 0.014899 32.400002 40.799999 52.200001
0.025146 -1.005615 0.060303 -0.015963 0.021284 0.020220 30.299999 41.700001 52.500000
0.020508 -1.016113 0.061279 -0.015963 0.019156 0.018092 31.200001 41.400002 51.000000
0.026611 -1.009766 0.058594 -0.013835 0.024477 0.017028 32.700001 40.500000 52.500000
0.024658 -1.008789 0.068848 -0.014899 0.021284 0.020220 30.000000 43.799999 52.799999
0.028564 -1.004395 0.051025 -0.014899 0.021284 0.017028 31.200001 42.000000 53.400002
0.028320 -1.008789 0.063477 -0.013835 0.021284 0.015963 31.200001 42.599998 52.200001
0.029785 -1.017578 0.055420 -0.014899 0.023413 0.017028 32.099998 41.700001 51.299999
0.025635 -1.009766 0.060547 -0.012771 0.020220 0.018092 32.400002 42.000000 51.599998
0.030029 -1.004883 0.062256 -0.015963 0.023413 0.020220 31.200001 43.200001 52.200001
0.026855 -1.010742 0.063965 -0.013835 0.022349 0.019156 30.600000 42.000000 52.200001
0.027100 -1.013916 0.055664 -0.013835 0.020220 0.017028 31.799999 43.200001 51.000000
0.027344 -1.011475 0.059082 -0.014899 0.019156 0.017028 30.299999 42.299999 52.500000
0.025391 -1.012207 0.057617 -0.011706 0.022349 0.015963 32.099998 43.500000 52.500000
0.024414 -1.010742 0.057373 -0.013835 0.020220 0.018092 32.700001 41.099998 51.299999
0.021484 -1.014404 0.048096 -0.013835 0.020220 0.014899 31.200001 42.599998 51.599998
0.025146 -1.010742 0.053955 -0.010642 0.022349 0.019156 30.900000 42.299999 52.500000
0.028320 -1.001221 0.057617 -0.014899 0.021284 0.014899 31.200001 43.200001 51.000000
