-0.015137 -0.019043 -0.982178 -0.011706 0.022349 0.019156 -8.400000 -23.400000 72.599998
-0.017090 -0.016357 -0.972168 -0.011706 0.023413 0.019156 -9.900000 -26.100000 72.900002
-0.010254 -0.022949 -0.972168 -0.017028 0.024477 0.021284 -8.400000 -25.799999 73.199997
-0.010986 -0.023682 -0.980469 -0.012771 0.024477 0.018092 -9.300000 -25.500000 71.699997
-0.006348 -0.016846 -0.967285 -0.013835 0.022349 0.018092 -8.400000 -24.000000 73.800003
-0.009521 -0.018311 -0.982178 -0.012771 0.027670 0.017028 -7.500000 -25.500000 71.699997
-0.006836 -0.017334 -0.979004 -0.010642 0.023413 0.015963 -7.500000 -25.500000 74.699997
-0.012939 -0.024170 -0.977783 -0.009578 0.022349 0.019156 -8.700000 -24.900000 72.900002
-0.009033 -0.019775 -0.992432 -0.013835 0.024477 0.021284 -8.400000 -25.200001 73.199997
-0.008301 -0.021240 -0.973633 -0.015963 0.024477 0.019156 -9.000000 -25.200001 73.800003
-0.014404 -0.012451 -0.975586 -0.013835 0.025541 0.018092 -9.000000 -25.799999 72.599998
-0.014404 -0.012451 -0.974854 -0.012771 0.022349 0.018092 -7.200000 -25.799999 72.599998
-0.009521 -0.022461 -0.980957 -0.012771 0.025541 0.020220 -7.800000 -25.200001 73.199997
-0.012695 -0.022949 -0.987549 -0.014899 0.023413 0.018092 -7.500000 -24.900000 72.900002
-0.009766 -0.020264 -0.979248 -0.009578 0.024477 0.021284 -8.700000 -26.700001 72.900002
-0.006104 -0.015625 -0.983887 -0.013835 0.025541 0.015963 -9.000000 -25.799999 73.199997
-0.005127 -0.016602 -0.974609 -0.011706 0.025541 0.020220 -9.600000 -25.200001 72.000000
-0.008301 -0.025146 -0.970947 -0.012771 0.022349 0.020220 -7.800000 -24.600000 72.599998
-0.010010 -0.026123 -0.976807 -0.013835 0.021284 0.017028 -7.500000 -25.500000 71.699997
-0.004639 -0.023926 -0.983643 -0.014899 0.024477 0.020220 -8.700000 -24.900000 74.699997
-0.002686 -0.018799 -0.981689 -0.014899 0.022349 0.017028 -8.700000 -26.100000 71.699997
-0.009766 -0.022217 -0.980713 -0.014899 0.026606 0.019156 -8.400000 -24.000000 73.199997
-0.010498 -0.017090 -0.975098 -0.013835 0.024477 0.019156 -8.700000 -25.500000 73.500000
-0.013184 -0.024658 -0.981201 -0.012771 0.024477 0.023413 -9.300000 -24.299999 72.300003
-0.011475 -0.019775 -0.975098 -0.014899 0.025541 0.021284 -9.600000 -26.400000 72.000000
-0.010742 -0.017822 -0.978760 -0.014899 0.024477 0.018092 -8.400000 -25.200001 72.599998
-0.015625 -0.021973 -0.978516 -0.012771 0.023413 0.018092 -7.500000 -26.100000 72.900002
-0.007812 -0.020020 -0.984375 -0.012771 0.023413 0.017028 -7.500000 -24.900000 72.900002
-0.008301 -0.014893 -0.979004 -0.013835 0.024477 0.020220 -9.900000 -25.500000 72.300003
-0.020508 -0.022949 -0.981689 -0.010642 0.025541 0.019156 -10.200000 -24.000000 72.000000
-0.015137 -0.018799 -0.977539 -0.009578 0.022349 0.023413 -8.400000 -25.799999 72.599998
-0.009033 -0.020752 -0.984619 -0.013835 0.024477 0.020220 -8.700000 -24.900000 72.900002
-0.004395 -0.024902 -0.973633 -0.015963 0.022349 0.018092 -7.800000 -25.200001 73.199997
-0.015381 -0.021240 -0.968750 -0.012771 0.019156 0.019156 -7.200000 -25.799999 72.599998
-0.009766 -0.022217 -0.976074 -0.011706 0.024477 0.017028 -10.500000 -26.100000 73.500000
-0.010498 -0.013916 -0.983643 -0.017028 0.022349 0.019156 -7.200000 -26.400000 72.000000
-0.010742 -0.021729 -0.968994 -0.012771 0.024477 0.015963 -9.000000 -25.200001 71.400002
-0.007568 -0.018066 -0.975830 -0.013835 0.020220 0.018092 -8.700000 -24.299999 72.300003
-0.013672 -0.022217 -0.974854 -0.013835 0.024477 0.019156 -7.800000 -25.200001 71.400002
-0.010986 -0.025146 -0.976318 -0.013835 0.025541 0.018092 -8.700000 -26.100000 73.500000
-0.009766 -0.021729 -0.977539 -0.013835 0.024477 0.021284 -8.100000 -23.700001 71.099998
-0.007324 -0.028564 -0.969727 -0.011706 0.022349 0.019156 -9.300000 -25.500000 72.900002
-0.012695 -0.016113 -0.978271 -0.014899 0.028734 0.020220 -8.700000 -24.900000 72.900002
-0.011719 -0.026611 -0.981934 -0.017028 0.023413 0.015963 -9.300000 -25.500000 72.900002
-0.007568 -0.014404 -0.979736 -0.017028 0.022349 0.021284 -9.300000 -26.700001 73.500000
-0.011719 -0.015625 -0.983643 -0.014899 0.024477 0.020220 -9.600000 -27.000000 73.199997
-0.010498 -0.019531 -0.978516 -0.009578 0.025541 0.020220 -8.400000 -26.400000 72.599998
-0.013184 -0.018311 -0.978027 -0.012771 0.021284 0.018092 -8.100000 -24.900000 72.900002
-0.011475 -0.021484 -0.978516 -0.012771 0.024477 0.019156 -8.400000 -24.600000 72.599998
-0.008301 -0.016602 -0.980225 -0.013835 0.024477 0.018092 -9.600000 -26.400000 72.599998
-0.010986 -0.023438 -0.987305 -0.010642 0.022349 0.022349 -7.500000 -24.299999 73.500000
-0.004150 -0.018555 -0.976807 -0.014899 0.024477 0.019156 -9.300000 -26.100000 71.699997
-0.011230 0.037598 -0.990479 -0.019156 0.018092 -0.067046 -8.400000 -24.600000 72.599998
0.001465 -0.050293 -0.985107 -0.017028 0.015963 -0.002128 -9.300000 -26.100000 71.099998
-0.015381 -0.011719 -0.981934 -0.014899 0.025541 -0.006385 -9.000000 -25.799999 72.599998
-0.019043 -0.021484 -0.983154 -0.004257 0.025541 0.005321 -8.700000 -25.500000 73.500000
-0.007080 0.014648 -0.975586 -0.020220 0.018092 -0.044697 -7.800000 -25.200001 71.400002
-0.018311 -0.004883 -0.985352 -0.017028 0.020220 -0.031927 -6.900000 -23.700001 72.900002
-0.011475 -0.002197 -0.978760 -0.012771 0.024477 -0.014899 -9.000000 -26.400000 72.599998
-0.035645 0.011719 -0.975098 -0.011706 0.024477 0.011706 -7.800000 -27.000000 72.599998
-0.022217 -0.005371 -0.981689 -0.009578 0.023413 0.014899 -8.400000 -26.400000 72.000000
-0.016846 0.018066 -0.978516 -0.017028 0.019156 0.024477 -10.500000 -25.500000 72.900002
-0.023193 0.019043 -0.987305 -0.017028 0.021284 0.019156 -7.800000 -25.200001 72.000000
-0.024170 -0.011230 -0.973389 -0.012771 0.022349 0.056404 -7.800000 -25.799999 70.800003
-0.016602 0.027588 -0.982666 -0.015963 0.023413 0.051083 -6.300000 -24.900000 72.900002
-0.028076 0.003906 -0.972900 -0.013835 0.025541 0.053211 -9.600000 -24.000000 72.599998
-0.011719 0.006836 -0.957520 -0.010642 0.020220 0.064918 -9.000000 -24.000000 71.400002
-0.017090 -0.009521 -0.978760 -0.014899 0.021284 0.070239 -7.800000 -24.600000 73.800003
-0.016357 0.023926 -0.974121 -0.009578 0.019156 0.031927 -6.900000 -26.100000 72.900002
-0.013672 -0.001221 -0.989746 -0.017028 0.018092 0.024477 -9.000000 -25.200001 71.400002
-0.022461 0.010742 -0.982422 -0.015963 0.017028 0.030863 -7.800000 -25.799999 72.000000
-0.012695 -0.005859 -0.973877 -0.017028 0.017028 0.035119 -8.100000 -24.900000 71.699997
-0.013184 0.010498 -0.984863 -0.020220 0.013835 0.000000 -7.200000 -25.200001 71.400002
0.000000 -0.004639 -0.972168 -0.014899 0.008514 0.018092 -8.100000 -26.100000 72.300003
-0.020020 0.014404 -1.000488 -0.032991 0.011706 0.018092 -7.800000 -24.000000 72.599998
-0.014404 0.016602 -0.975342 -0.015963 0.014899 0.004257 -8.700000 -24.900000 72.300003
-0.021729 -0.003906 -0.975098 -0.024477 0.009578 0.018092 -8.100000 -24.299999 72.300003
-0.027344 -0.007080 -0.988281 -0.026606 0.008514 0.053211 -9.000000 -25.200001 72.599998
-0.018799 0.028320 -0.968506 -0.026606 0.013835 0.017028 -8.700000 -23.700001 72.900002
-0.020996 0.024902 -0.988037 -0.012771 0.017028 -0.015963 -8.700000 -24.299999 71.099998
-0.019775 -0.021240 -0.974609 -0.017028 0.013835 -0.010642 -8.400000 -25.200001 72.000000
-0.015869 0.041260 -0.959229 0.000000 0.023413 -0.045762 -8.400000 -22.799999 72.000000
-0.007324 -0.026855 -0.991943 -0.024477 0.011706 0.018092 -7.800000 -22.799999 72.000000
-0.017822 -0.007568 -0.975830 0.001064 0.023413 0.038312 -8.400000 -24.000000 72.599998
-0.021729 -0.008545 -0.982910 -0.010642 0.029798 0.071303 -7.500000 -23.700001 69.900002
-0.014160 -0.027832 -0.991699 -0.005321 0.013835 0.122386 -8.400000 -22.799999 72.599998
0.004883 -0.006104 -0.921143 -0.004257 0.015963 0.101101 -8.100000 -24.299999 71.699997
-0.005859 -0.020264 -0.970947 -0.004257 0.018092 0.061725 -9.000000 -23.400000 73.199997
-0.019531 -0.044678 -0.979736 -0.015963 0.019156 0.069175 -7.800000 -22.200001 72.000000
-0.021484 -0.024414 -0.977051 -0.003193 0.024477 0.039376 -7.800000 -22.799999 71.400002
-0.013184 -0.020264 -0.992920 -0.008514 0.020220 0.026606 -8.100000 -22.500000 72.300003
-0.006592 -0.013916 -0.966064 -0.012771 0.018092 0.007450 -8.100000 -21.900000 70.500000
-0.006592 -0.061035 -0.981201 -0.012771 0.015963 -0.005321 -6.900000 -21.900000 71.099998
-0.003906 -0.059082 -0.978760 -0.015963 0.012771 0.015963 -6.900000 -21.299999 72.900002
-0.004639 -0.031738 -0.982178 -0.015963 0.012771 -0.004257 -7.200000 -19.799999 72.599998
-0.021973 -0.047852 -0.987061 -0.021284 0.011706 0.038312 -6.900000 -20.700001 71.699997
-0.018799 -0.027344 -0.970215 -0.015963 0.023413 0.060661 -7.500000 -20.100000 71.099998
-0.006348 -0.029297 -0.987305 0.003193 0.008514 0.022349 -7.200000 -21.000000 70.800003
-0.021729 -0.035645 -0.986328 -0.017028 0.018092 0.018092 -8.100000 -19.500000 72.900002
-0.016846 -0.049072 -0.970215 -0.015963 0.020220 -0.010642 -5.700000 -20.100000 72.900002
-0.004150 -0.061523 -0.972412 -0.013835 0.021284 -0.028734 -6.900000 -20.100000 70.500000
-0.010498 -0.043457 -0.977783 -0.004257 0.022349 -0.044697 -6.600000 -19.799999 71.400002
-0.008301 -0.070801 -0.989746 -0.010642 0.025541 -0.030863 -6.300000 -19.500000 71.099998
0.001953 -0.091064 -0.978271 -0.021284 0.024477 -0.010642 -7.500000 -18.900000 72.300003
0.000488 -0.081055 -0.991455 -0.010642 0.026606 0.023413 -5.100000 -20.100000 72.300003
0.011719 -0.094238 -0.986084 -0.006385 0.026606 0.061725 -7.200000 -21.000000 71.400002
0.010498 -0.093018 -0.984131 -0.023413 0.022349 0.056404 -7.500000 -18.900000 71.699997
-0.019775 -0.000732 -0.980957 -0.011706 0.020220 0.014899 -5.400000 -19.200001 71.400002
-0.010742 -0.035156 -0.985352 -0.021284 0.017028 0.019156 -6.900000 -18.900000 72.300003
-0.018555 -0.009033 -0.953125 -0.008514 0.027670 0.121322 -6.300000 -18.900000 71.699997
-0.000977 0.027344 -0.981201 -0.008514 0.015963 -0.019156 -6.900000 -19.500000 72.900002
-0.013184 -0.034668 -0.976318 -0.014899 0.027670 0.017028 -5.400000 -20.400000 73.199997
-0.012451 -0.009766 -0.976074 -0.015963 0.022349 0.035119 -6.000000 -17.400000 71.400002
-0.017334 0.035400 -0.987061 -0.015963 0.025541 0.030863 -6.000000 -19.200001 72.599998
-0.017578 -0.009277 -0.980713 -0.010642 0.020220 0.008514 -6.300000 -18.900000 74.099998
-0.024902 -0.045410 -0.976074 -0.013835 0.025541 0.008514 -5.700000 -19.500000 72.300003
-0.018066 -0.041748 -0.979736 -0.013835 0.023413 0.015963 -7.500000 -18.299999 72.900002
-0.018311 -0.024658 -0.979004 -0.015963 0.024477 0.022349 -6.300000 -18.299999 72.900002
-0.013184 0.000244 -0.976562 -0.012771 0.024477 0.027670 -6.600000 -17.400000 71.400002
-0.012939 -0.003174 -0.977051 -0.011706 0.026606 0.018092 -6.000000 -19.200001 71.400002
-0.020264 -0.028076 -0.968750 -0.014899 0.024477 0.013835 -7.200000 -19.200001 72.599998
-0.020752 -0.028809 -0.977295 -0.013835 0.023413 0.023413 -6.600000 -19.799999 73.199997
-0.016846 -0.007812 -0.969727 -0.012771 0.021284 0.025541 -7.200000 -20.400000 72.599998
-0.021973 -0.006592 -0.977539 -0.012771 0.024477 0.017028 -6.300000 -20.100000 71.699997
-0.027344 -0.022461 -0.979736 -0.013835 0.023413 0.015963 -6.300000 -18.900000 71.699997
-0.018066 -0.027100 -0.972656 -0.012771 0.022349 0.017028 -5.100000 -18.299999 72.300003
-0.015869 -0.025879 -0.991699 -0.012771 0.024477 0.018092 -7.200000 -19.200001 72.000000
-0.018066 -0.019775 -0.980469 -0.014899 0.020220 0.019156 -6.000000 -19.200001 73.800003
-0.017822 -0.014404 -0.979980 -0.010642 0.023413 0.018092 -6.000000 -18.600000 72.000000
-0.022705 -0.013916 -0.982910 -0.013835 0.024477 0.018092 -6.300000 -18.299999 71.699997
-0.017334 -0.013672 -0.979248 -0.009578 0.022349 0.015963 -6.600000 -20.400000 71.400002
-0.020508 -0.023926 -0.977051 -0.010642 0.024477 0.019156 -5.700000 -18.900000 73.500000
-0.021973 -0.018555 -0.974121 -0.012771 0.024477 0.019156 -7.500000 -18.299999 72.300003
-0.016846 -0.018311 -0.975830 -0.012771 0.021284 0.014899 -7.200000 -19.799999 74.400002
-0.017578 -0.012207 -0.971436 -0.013835 0.023413 0.021284 -6.600000 -19.799999 72.599998
-0.021973 -0.021240 -0.978027 -0.013835 0.021284 0.018092 -6.000000 -19.799999 72.000000
-0.014404 -0.017090 -0.964600 -0.009578 0.024477 0.019156 -6.300000 -19.500000 71.699997
-0.009766 -0.015869 -0.974121 -0.015963 0.021284 0.015963 -6.900000 -18.299999 72.300003
-0.014893 -0.012939 -0.980469 -0.008514 0.024477 0.017028 -4.800000 -20.400000 72.000000
-0.022461 -0.013428 -0.978027 -0.012771 0.023413 0.020220 -4.800000 -19.200001 73.199997
-0.026123 -0.017578 -0.981445 -0.015963 0.021284 0.018092 -6.000000 -19.200001 72.000000
-0.016846 -0.015869 -0.977051 -0.013835 0.023413 0.020220 -7.200000 -19.200001 73.199997
-0.017090 -0.022705 -0.976074 -0.012771 0.023413 0.015963 -7.800000 -20.400000 71.400002
-0.017334 -0.019043 -0.979248 -0.014899 0.025541 0.018092 -5.700000 -17.700001 71.699997
-0.015137 -0.017090 -0.980713 -0.013835 0.023413 0.018092 -5.400000 -19.200001 71.400002
-0.017822 -0.010254 -0.983887 -0.013835 0.024477 0.018092 -6.600000 -19.200001 73.199997
-0.020508 -0.011963 -0.976074 -0.015963 0.025541 0.022349 -6.900000 -18.900000 73.500000
-0.014160 -0.017578 -0.972412 -0.014899 0.024477 0.020220 -6.600000 -18.600000 72.599998
-0.020020 -0.016846 -0.976318 -0.015963 0.024477 0.018092 -5.400000 -18.000000 72.599998
-0.016846 -0.015137 -0.973389 -0.014899 0.024477 0.015963 -5.700000 -20.100000 73.500000
-0.017578 -0.020996 -0.973633 -0.012771 0.023413 0.017028 -5.100000 -20.100000 72.300003
-0.013916 -0.013428 -0.974365 -0.013835 0.023413 0.019156 -6.600000 -20.400000 73.199997
-0.017578 -0.018799 -0.972900 -0.012771 0.024477 0.020220 -6.900000 -20.700001 73.500000
-0.017334 -0.023193 -0.983154 -0.014899 0.021284 0.021284 -6.600000 -18.600000 72.000000
-0.018555 -0.015137 -0.963623 -0.012771 0.024477 0.018092 -6.000000 -19.200001 71.400002
-0.018799 -0.026855 -0.982178 -0.014899 0.022349 0.019156 -7.200000 -19.799999 71.400002
-0.009766 -0.021973 -0.984619 -0.014899 0.025541 0.019156 -6.900000 -19.500000 72.300003
-0.016602 -0.019043 -0.983154 -0.014899 0.028734 0.019156 -5.700000 -20.100000 72.900002
-0.020996 -0.019531 -0.973633 -0.017028 0.023413 0.019156 -5.700000 -20.100000 70.500000
-0.015381 -0.021484 -0.981445 -0.017028 0.024477 0.019156 -5.400000 -20.400000 72.000000
-0.016113 -0.015625 -0.984375 -0.011706 0.025541 0.020220 -6.000000 -19.200001 70.800003
-0.010986 -0.007080 -0.968506 -0.015963 0.023413 0.019156 -5.700000 -19.500000 71.699997
-0.016113 -0.019775 -0.980225 -0.012771 0.024477 0.019156 -6.300000 -19.500000 72.300003
-0.020752 -0.015625 -0.966309 -0.013835 0.025541 0.019156 -5.400000 -19.200001 72.599998
-0.015869 -0.017334 -0.982910 -0.014899 0.022349 0.019156 -7.200000 -20.400000 72.000000
-0.015869 -0.014893 -0.979004 -0.012771 0.024477 0.019156 -6.300000 -18.900000 72.300003
-0.019775 -0.018066 -0.980713 -0.011706 0.022349 0.019156 -7.500000 -19.500000 72.300003
-0.023438 -0.016113 -0.980713 -0.015963 0.024477 0.015963 -4.800000 -18.600000 71.400002
-0.012695 -0.017090 -0.971436 -0.013835 0.025541 0.020220 -6.300000 -20.700001 71.699997
-0.015869 -0.018799 -0.980713 -0.015963 0.022349 0.018092 -7.500000 -19.500000 73.500000
-0.021484 -0.018555 -0.976807 -0.008514 0.023413 0.017028 -7.500000 -19.500000 72.300003
-0.016602 -0.014893 -0.963379 -0.013835 0.023413 0.021284 -6.900000 -18.900000 72.300003
-0.021240 -0.012939 -0.975098 -0.012771 0.023413 0.018092 -6.600000 -18.600000 73.199997
-0.014893 -0.017822 -0.971680 -0.011706 0.023413 0.017028 -7.800000 -18.000000 73.800003
-0.017578 -0.015625 -0.977295 -0.014899 0.022349 0.020220 -7.200000 -19.799999 73.199997
-0.016113 -0.017578 -0.986084 -0.013835 0.024477 0.018092 -5.400000 -19.200001 74.400002
-0.022461 -0.016357 -0.980957 -0.012771 0.021284 0.017028 -6.600000 -17.400000 74.400002
-0.020264 -0.014648 -0.980713 -0.014899 0.023413 0.020220 -5.700000 -18.299999 72.900002
-0.015137 -0.016846 -0.976562 -0.012771 0.024477 0.020220 -6.300000 -18.299999 71.699997
-0.019287 -0.013184 -0.971924 -0.012771 0.024477 0.018092 -7.200000 -19.200001 70.199997
-0.017578 -0.018799 -0.973145 -0.013835 0.023413 0.020220 -5.700000 -19.500000 72.900002
-0.022217 -0.016602 -0.981445 -0.012771 0.023413 0.018092 -6.000000 -21.000000 72.000000
-0.017334 -0.017822 -0.979248 -0.014899 0.025541 0.015963 -5.400000 -19.200001 70.800003
-0.019531 -0.013916 -0.972900 -0.013835 0.023413 0.015963 -6.300000 -20.700001 72.300003
-0.020020 -0.021240 -0.982178 -0.018092 0.025541 0.022349 -6.000000 -19.799999 72.599998
-0.015137 -0.011963 -0.974854 -0.013835 0.020220 0.020220 -6.300000 -18.900000 71.699997
-0.017334 -0.020752 -0.982178 -0.012771 0.024477 0.017028 -6.900000 -19.500000 72.900002
-0.016602 -0.020752 -0.979004 -0.012771 0.023413 0.014899 -4.500000 -20.100000 71.699997
-0.017578 -0.020020 -0.982666 -0.014899 0.023413 0.021284 -7.800000 -20.400000 71.400002
-0.017334 -0.017090 -0.977783 -0.014899 0.024477 0.020220 -7.200000 -19.200001 71.400002
-0.019287 -0.014893 -0.974121 -0.015963 0.023413 0.018092 -4.800000 -19.799999 71.400002
-0.018311 -0.018311 -0.974365 -0.011706 0.025541 0.017028 -7.500000 -18.900000 74.099998
-0.017822 -0.024658 -0.974854 -0.014899 0.021284 0.018092 -7.200000 -19.799999 72.599998
-0.018066 -0.014648 -0.977539 -0.011706 0.025541 0.021284 -6.000000 -18.000000 73.199997
-0.018799 -0.018555 -0.969482 -0.015963 0.023413 0.018092 -6.000000 -20.400000 73.199997
-0.013916 -0.021973 -0.974121 -0.014899 0.024477 0.019156 -4.500000 -20.100000 71.699997
-0.015869 -0.014404 -0.978760 -0.013835 0.025541 0.018092 -8.100000 -18.900000 72.300003
-0.017334 -0.015381 -0.976074 -0.013835 0.024477 0.021284 -6.300000 -19.500000 71.699997
-0.015137 -0.012695 -0.979492 -0.011706 0.025541 0.019156 -6.900000 -19.500000 70.500000
-0.016357 -0.011719 -0.977539 -0.013835 0.022349 0.019156 -6.600000 -18.600000 73.199997
-0.017334 -0.072021 -0.978516 -0.007450 0.031927 0.117065 -7.200000 -18.000000 72.000000
-0.012451 -0.032227 -0.980713 -0.013835 0.026606 0.184111 -7.800000 -18.000000 72.599998
-0.016602 -0.014160 -0.989014 -0.012771 0.024477 0.144735 -6.600000 -19.200001 74.400002
-0.021240 0.029053 -0.971680 -0.011706 0.025541 0.034055 -5.400000 -19.200001 72.000000
-0.019775 -0.020020 -0.975586 -0.007450 0.026606 0.032991 -6.300000 -19.500000 72.900002
-0.008057 -0.033936 -0.981934 -0.008514 0.026606 0.059597 -6.900000 -20.100000 71.699997
-0.010498 -0.019531 -0.984131 -0.008514 0.021284 0.010642 -7.800000 -19.799999 72.000000
-0.004883 -0.021729 -0.975098 -0.007450 0.027670 -0.036184 -5.700000 -18.900000 72.300003
-0.015625 -0.034180 -0.997070 -0.012771 0.023413 -0.071303 -6.000000 -18.000000 72.000000
-0.003662 -0.038086 -0.980225 -0.008514 0.022349 -0.116000 -7.500000 -17.700001 72.300003
0.003418 -0.030029 -0.971436 -0.017028 0.025541 -0.203267 -6.000000 -18.600000 72.000000
-0.000977 -0.043213 -0.974609 -0.019156 0.023413 -0.211781 -6.900000 -17.700001 74.099998
0.005859 -0.072510 -0.963379 -0.019156 0.019156 -0.157505 -6.900000 -19.500000 72.900002
0.001465 -0.061768 -0.979736 -0.010642 0.025541 -0.148991 -7.200000 -21.600000 72.000000
-0.003418 -0.059326 -0.968018 -0.008514 0.028734 -0.122386 -6.000000 -19.799999 72.000000
-0.006836 -0.063965 -0.970459 -0.009578 0.025541 -0.120257 -5.400000 -20.400000 73.199997
-0.009277 -0.037842 -0.981201 -0.019156 0.026606 -0.105358 -7.200000 -21.000000 71.400002
-0.004883 -0.045166 -0.977295 -0.013835 0.037248 -0.062789 -8.400000 -20.400000 73.199997
0.000488 -0.024902 -0.965088 -0.014899 0.035119 -0.084074 -5.700000 -20.700001 71.699997
-0.013184 -0.035889 -0.994141 -0.010642 0.034055 -0.089395 -6.600000 -20.400000 72.000000
-0.006592 -0.053467 -0.979980 -0.007450 0.027670 -0.060661 -6.900000 -22.500000 71.699997
-0.009033 -0.049316 -0.980957 -0.013835 0.025541 -0.046826 -7.500000 -21.900000 72.900002
0.000977 -0.049805 -0.983398 -0.022349 0.021284 -0.045762 -7.800000 -21.000000 72.000000
-0.010010 -0.039551 -0.975586 -0.014899 0.029798 -0.043633 -6.900000 -21.900000 71.099998
-0.005615 -0.022705 -0.971680 -0.009578 0.030863 -0.042569 -6.600000 -22.200001 71.400002
-0.012207 -0.031738 -0.950195 -0.009578 0.036184 -0.031927 -5.400000 -22.799999 71.400002
-0.013916 -0.027344 -0.975586 -0.009578 0.026606 -0.012771 -7.200000 -22.200001 72.000000
-0.010254 -0.018799 -0.972900 -0.004257 0.035119 -0.001064 -8.400000 -22.200001 72.000000
-0.010010 -0.047119 -0.982910 -0.011706 0.032991 0.022349 -7.200000 -21.600000 72.599998
-0.006836 -0.051758 -0.974609 -0.013835 0.032991 0.036184 -6.600000 -24.000000 71.400002
-0.015381 -0.021973 -1.021973 -0.021284 0.012771 0.041505 -7.500000 -23.100000 71.099998
-0.019287 -0.025635 -0.985107 -0.019156 0.031927 0.050019 -7.800000 -24.600000 72.000000
-0.011963 -0.015625 -0.982422 -0.006385 0.035119 0.030863 -8.400000 -22.799999 70.199997
-0.013916 -0.034668 -0.972168 -0.019156 0.043633 0.030863 -7.200000 -23.400000 71.400002
-0.013672 -0.032715 -0.970703 -0.010642 0.037248 0.051083 -8.700000 -23.100000 72.300003
-0.013916 -0.020020 -0.975830 -0.013835 0.032991 0.050019 -7.200000 -24.000000 72.000000
-0.013428 -0.028320 -0.991211 -0.012771 0.039376 0.080881 -7.200000 -24.000000 72.599998
-0.014160 -0.016602 -0.970947 -0.011706 0.044697 0.072367 -8.400000 -23.400000 72.000000
-0.022705 -0.006348 -0.988037 0.003193 0.048954 0.105358 -7.800000 -24.600000 72.000000
-0.035889 0.001709 -0.972168 -0.004257 0.052147 0.110679 -7.500000 -24.299999 71.099998
-0.041016 0.013672 -0.956055 0.032991 0.034055 0.106422 -8.100000 -24.299999 71.699997
-0.027832 -0.013184 -0.975342 0.003193 0.045762 0.125578 -7.200000 -24.600000 71.400002
-0.009033 0.021729 -0.955566 -0.012771 0.037248 0.102166 -7.200000 -26.400000 72.599998
0.001465 0.010010 -0.960938 -0.010642 0.030863 0.123450 -8.400000 -26.400000 73.800003
-0.030762 0.035645 -1.030273 -0.023413 0.017028 0.161762 -7.500000 -25.500000 72.900002
-0.035400 0.039307 -0.958984 -0.007450 0.014899 0.152184 -7.200000 -27.000000 72.000000
-0.022217 0.034668 -0.966797 -0.028734 0.027670 0.137285 -9.000000 -24.600000 72.599998
-0.014648 0.031494 -0.971680 -0.008514 0.017028 0.158569 -9.600000 -25.200001 73.199997
-0.020264 0.053223 -0.965088 -0.013835 0.025541 0.134092 -7.200000 -24.600000 72.000000
-0.036621 0.066650 -0.991943 -0.005321 0.028734 0.109615 -9.300000 -25.500000 71.099998
-0.031982 0.050293 -0.966064 -0.012771 0.021284 0.112808 -8.400000 -24.600000 73.800003
-0.039795 0.053955 -0.983887 -0.006385 0.029798 0.114936 -9.000000 -24.000000 71.400002
-0.024658 0.033203 -0.970703 0.002128 0.040441 0.014899 -8.100000 -26.700001 72.300003
-0.010498 -0.022461 -0.973145 -0.014899 0.023413 0.022349 -9.600000 -25.200001 72.000000
-0.005859 -0.009033 -0.972168 -0.017028 0.021284 0.020220 -10.200000 -27.000000 73.800003
-0.011963 -0.012451 -0.974121 -0.012771 0.027670 0.020220 -8.400000 -25.799999 71.400002
-0.007812 -0.024170 -0.979736 -0.011706 0.021284 0.015963 -8.400000 -25.799999 71.400002
-0.005371 -0.024658 -0.972168 -0.010642 0.021284 0.019156 -8.400000 -26.400000 73.800003
-0.011719 -0.016113 -0.982910 -0.013835 0.027670 0.022349 -7.800000 -26.400000 72.599998
-0.005615 -0.011963 -0.976074 -0.014899 0.025541 0.018092 -9.000000 -24.600000 73.199997
-0.011230 -0.022461 -0.980713 -0.017028 0.025541 0.017028 -7.200000 -24.600000 72.000000
-0.004150 -0.025146 -0.979492 -0.013835 0.023413 0.018092 -9.900000 -26.700001 73.500000
-0.014893 -0.025146 -0.981934 -0.013835 0.023413 0.019156 -8.700000 -26.100000 71.699997
-0.011230 -0.017578 -0.976562 -0.013835 0.025541 0.020220 -9.300000 -26.700001 71.099998
-0.011475 -0.019775 -0.981689 -0.014899 0.022349 0.019156 -9.600000 -24.000000 72.000000
-0.005127 -0.024170 -0.982422 -0.013835 0.022349 0.015963 -9.600000 -24.000000 70.800003
-0.006836 -0.018066 -0.978516 -0.014899 0.022349 0.018092 -8.100000 -26.100000 71.699997
-0.012207 -0.022217 -0.970703 -0.010642 0.023413 0.023413 -9.600000 -25.200001 72.599998
-0.007568 -0.021240 -0.973633 -0.011706 0.024477 0.021284 -6.900000 -25.500000 73.500000
-0.011719 -0.020996 -0.972168 -0.015963 0.025541 0.019156 -10.200000 -27.000000 72.000000
-0.007812 -0.018311 -0.977051 -0.015963 0.025541 0.021284 -7.800000 -25.799999 70.800003
-0.010742 -0.015869 -0.974365 -0.015963 0.024477 0.021284 -7.800000 -24.600000 72.000000
-0.008789 -0.019287 -0.980957 -0.012771 0.027670 0.020220 -9.000000 -24.000000 72.000000
-0.007812 -0.019775 -0.983887 -0.012771 0.022349 0.018092 -9.000000 -27.600000 73.199997
-0.006104 -0.019775 -0.979004 -0.013835 0.022349 0.018092 -9.300000 -26.700001 73.500000
-0.009277 -0.016113 -0.971191 -0.013835 0.022349 0.021284 -8.400000 -24.000000 73.800003
-0.007568 -0.019287 -0.965088 -0.018092 0.024477 0.019156 -9.000000 -24.000000 72.000000
-0.011475 -0.019531 -0.978516 -0.013835 0.023413 0.015963 -9.600000 -25.799999 72.000000
-0.014893 -0.017334 -0.979980 -0.015963 0.024477 0.019156 -9.000000 -25.799999 70.800003
-0.008301 -0.021484 -0.979980 -0.011706 0.022349 0.021284 -7.200000 -25.200001 72.599998
-0.004395 -0.023682 -0.980957 -0.012771 0.022349 0.019156 -9.600000 -27.000000 71.400002
-0.002930 -0.030518 -0.970215 -0.010642 0.024477 0.019156 -9.300000 -26.100000 71.099998
-0.008301 -0.018311 -0.982422 -0.012771 0.024477 0.019156 -9.000000 -24.600000 72.599998
-0.011963 -0.025146 -0.979004 -0.012771 0.024477 0.015963 -8.100000 -24.299999 71.699997
-0.004883 -0.024902 -0.982178 -0.017028 0.023413 0.018092 -8.100000 -24.900000 72.300003
-0.004395 -0.022949 -0.971680 -0.014899 0.021284 0.019156 -9.300000 -25.500000 72.300003
-0.008057 -0.020020 -0.977783 -0.012771 0.020220 0.019156 -9.900000 -25.500000 72.900002
-0.016602 -0.022705 -0.976074 -0.013835 0.022349 0.019156 -6.600000 -25.200001 73.199997
-0.003662 -0.024658 -0.979248 -0.013835 0.022349 0.021284 -8.400000 -24.600000 73.199997
-0.013184 -0.021484 -0.986084 -0.014899 0.021284 0.018092 -8.700000 -25.500000 71.699997
-0.007324 -0.016602 -0.984131 -0.012771 0.021284 0.019156 -10.500000 -24.900000 72.900002
-0.008301 -0.016113 -0.988525 -0.009578 0.023413 0.017028 -7.800000 -25.200001 72.000000
-0.008057 -0.020752 -0.983887 -0.015963 0.024477 0.018092 -7.800000 -25.200001 72.599998
-0.007080 -0.013428 -0.981201 -0.017028 0.024477 0.018092 -8.400000 -25.200001 72.599998
-0.008301 -0.021240 -0.979004 -0.011706 0.022349 0.018092 -8.400000 -23.400000 72.000000
-0.009033 -0.024902 -0.967041 -0.012771 0.025541 0.020220 -8.700000 -25.500000 73.500000
-0.004639 -0.021973 -0.976562 -0.015963 0.024477 0.020220 -9.900000 -26.100000 71.699997
-0.009521 -0.020020 -0.975342 -0.011706 0.024477 0.019156 -9.000000 -25.200001 71.400002
-0.011475 -0.022217 -0.983398 -0.014899 0.023413 0.017028 -8.400000 -24.600000 73.800003
-0.009033 -0.025391 -0.975342 -0.012771 0.025541 0.020220 -9.000000 -24.600000 72.599998
