-0.026855 0.007080 -0.967285 -0.013835 0.025541 0.019156 -6.300000 -27.900000 72.300003
-0.025146 0.010010 -0.973389 -0.014899 0.023413 0.019156 -8.100000 -27.299999 73.500000
-0.025635 0.005859 -0.981445 -0.013835 0.023413 0.019156 -8.100000 -29.100000 74.099998
-0.021240 0.006836 -0.968262 -0.013835 0.026606 0.017028 -7.200000 -30.000000 72.599998
-0.020996 0.009766 -0.976562 -0.014899 0.024477 0.015963 -6.600000 -27.600000 73.199997
-0.027832 0.006592 -0.970459 -0.013835 0.026606 0.017028 -8.100000 -28.500000 74.099998
-0.024414 0.009033 -0.982666 -0.014899 0.028734 0.018092 -8.100000 -28.500000 74.099998
-0.023926 0.015137 -0.967285 -0.012771 0.024477 0.015963 -6.300000 -28.500000 72.300003
-0.026123 0.012207 -0.965332 -0.013835 0.025541 0.017028 -6.600000 -27.600000 72.000000
-0.025391 0.003174 -0.974609 -0.014899 0.024477 0.018092 -8.100000 -27.299999 72.900002
-0.023193 0.010010 -0.968262 -0.010642 0.026606 0.015963 -6.600000 -28.799999 72.599998
-0.025635 0.007324 -0.974854 -0.011706 0.026606 0.018092 -9.300000 -30.299999 74.699997
-0.024170 0.012451 -0.979736 -0.013835 0.025541 0.015963 -7.500000 -29.700001 74.699997
-0.025635 0.000977 -0.973145 -0.012771 0.023413 0.018092 -8.100000 -27.900000 72.300003
-0.019287 0.001465 -0.981689 -0.013835 0.024477 0.019156 -6.900000 -30.299999 74.099998
-0.024902 0.006836 -0.971680 -0.010642 0.024477 0.020220 -7.500000 -27.299999 73.500000
-0.028076 0.006104 -0.970703 -0.015963 0.024477 0.017028 -8.100000 -27.900000 72.900002
-0.027100 0.004150 -0.973389 -0.014899 0.026606 0.018092 -8.100000 -27.900000 72.900002
-0.030029 0.004395 -0.972412 -0.015963 0.024477 0.019156 -6.300000 -27.900000 72.900002
-0.024170 0.010498 -0.971924 -0.011706 0.026606 0.020220 -8.100000 -27.299999 74.699997
-0.020996 0.006592 -0.978760 -0.011706 0.027670 0.018092 -6.900000 -26.100000 72.900002
-0.021484 0.002197 -0.974854 -0.011706 0.024477 0.015963 -6.600000 -27.000000 73.800003
-0.024414 0.009521 -0.971680 -0.013835 0.026606 0.017028 -6.300000 -29.100000 73.500000
-0.026367 0.010498 -0.977051 -0.014899 0.025541 0.015963 -7.800000 -29.400000 73.800003
-0.025635 0.008545 -0.973877 -0.017028 0.026606 0.015963 -5.400000 -28.200001 73.800003
-0.027100 0.010498 -0.968750 -0.013835 0.025541 0.019156 -7.200000 -28.200001 73.199997
-0.020752 0.009521 -0.968750 -0.012771 0.025541 0.018092 -7.200000 -27.600000 72.599998
-0.021973 0.012207 -0.973389 -0.017028 0.026606 0.018092 -7.500000 -27.900000 72.300003
-0.017822 0.017822 -0.973389 -0.011706 0.025541 0.017028 -7.200000 -28.200001 73.800003
-0.023193 0.004395 -0.974609 -0.011706 0.024477 0.018092 -6.300000 -27.900000 72.300003
-0.025146 0.008789 -0.968262 -0.014899 0.028734 0.019156 -5.700000 -27.900000 74.099998
-0.022217 0.015381 -0.974609 -0.013835 0.026606 0.021284 -9.000000 -27.600000 72.000000
-0.024414 0.005127 -0.974609 -0.014899 0.025541 0.019156 -7.200000 -28.799999 73.800003
-0.020752 0.007080 -0.971924 -0.013835 0.026606 0.017028 -6.900000 -27.900000 72.300003
-0.029053 0.010986 -0.966553 -0.013835 0.026606 0.018092 -7.200000 -28.200001 72.000000
-0.024414 0.011475 -0.958008 -0.011706 0.024477 0.019156 -6.900000 -29.100000 74.699997
-0.025879 0.009521 -0.975342 -0.019156 0.025541 0.019156 -7.200000 -28.200001 74.400002
-0.030518 0.007080 -0.973633 -0.012771 0.026606 0.015963 -7.200000 -27.600000 73.199997
-0.023438 0.005127 -0.964600 -0.013835 0.027670 0.019156 -8.400000 -28.799999 72.000000
-0.023682 0.010010 -0.976318 -0.014899 0.025541 0.015963 -6.300000 -27.900000 72.300003
-0.021973 0.009033 -0.955078 -0.010642 0.026606 0.019156 -8.400000 -27.000000 73.800003
-0.028320 0.009277 -0.976318 -0.015963 0.025541 0.017028 -7.200000 -28.200001 72.000000
-0.026611 0.010010 -0.965820 -0.014899 0.024477 0.017028 -7.200000 -28.200001 74.400002
-0.018799 0.006592 -0.974365 -0.015963 0.024477 0.018092 -6.900000 -27.299999 72.300003
-0.022705 0.007812 -0.972412 -0.014899 0.024477 0.018092 -7.800000 -28.200001 73.199997
-0.022949 0.013184 -0.979736 -0.017028 0.021284 0.019156 -7.800000 -29.400000 73.800003
-0.023438 0.008301 -0.969238 -0.015963 0.026606 0.019156 -7.800000 -28.200001 73.199997
-0.026123 0.009521 -0.960449 -0.012771 0.025541 0.015963 -6.600000 -27.600000 72.599998
-0.029297 0.006348 -0.967529 -0.014899 0.024477 0.017028 -7.500000 -29.100000 74.099998
-0.030029 0.008301 -0.976562 -0.014899 0.024477 0.021284 -6.900000 -27.299999 72.900002
-0.024170 0.012207 -0.967041 -0.013835 0.025541 0.018092 -9.600000 -27.000000 72.599998
-0.030762 0.010254 -0.974854 -0.012771 0.026606 0.015963 -6.000000 -28.200001 73.800003
-0.027588 0.008057 -0.966064 -0.011706 0.024477 0.017028 -7.200000 -28.799999 73.199997
-0.032471 0.002441 -0.976318 -0.012771 0.024477 0.019156 -6.900000 -27.299999 73.500000
-0.025146 0.011230 -0.967041 -0.014899 0.025541 0.022349 -6.300000 -27.900000 72.900002
-0.023926 -0.002930 -0.961670 -0.014899 0.026606 0.018092 -6.300000 -28.500000 73.500000
-0.027100 0.002197 -0.971680 -0.013835 0.026606 0.017028 -6.900000 -27.900000 72.900002
-0.023682 0.005127 -0.974121 -0.013835 0.025541 0.018092 -7.800000 -28.200001 72.000000
-0.025635 0.010010 -0.967773 -0.013835 0.025541 0.017028 -7.800000 -27.600000 73.199997
-0.025391 0.007324 -0.968018 -0.013835 0.027670 0.015963 -6.300000 -26.700001 73.500000
-0.069336 -0.022949 -0.904541 -0.004257 0.045762 0.009578 -8.400000 -27.600000 73.199997
-0.020020 -0.009277 -1.003174 -0.002128 0.007450 0.023413 -6.900000 -27.900000 72.900002
-0.026855 -0.010498 -0.937012 -0.015963 0.042569 0.020220 -6.600000 -28.200001 73.199997
-0.019775 0.000488 -0.987549 -0.011706 0.006385 0.022349 -7.200000 -28.799999 72.000000
-0.031250 -0.002930 -0.978516 -0.027670 0.037248 0.013835 -6.900000 -28.500000 73.500000
-0.026367 -0.006104 -0.979248 -0.013835 0.010642 0.019156 -6.300000 -28.500000 73.500000
-0.015869 -0.010986 -0.974609 -0.022349 0.037248 0.014899 -8.400000 -28.200001 72.599998
-0.028564 0.004395 -0.969482 -0.013835 0.013835 0.015963 -6.900000 -28.500000 72.900002
-0.024902 0.001465 -0.983643 -0.019156 0.030863 0.014899 -7.500000 -29.100000 73.500000
-0.030518 0.000488 -0.955811 -0.014899 0.020220 0.020220 -6.300000 -28.500000 72.900002
-0.020996 0.010986 -0.986572 -0.017028 0.021284 0.018092 -7.500000 -27.900000 74.099998
-0.024414 -0.002686 -0.964844 -0.014899 0.028734 0.018092 -8.400000 -28.799999 72.599998
-0.023193 0.002686 -0.977783 -0.014899 0.022349 0.015963 -6.900000 -27.900000 73.500000
-0.025635 0.006836 -0.967773 -0.020220 0.025541 0.017028 -7.500000 -26.700001 73.500000
-0.024658 0.001953 -0.981445 -0.014899 0.024477 0.018092 -8.100000 -29.100000 73.500000
-0.023682 0.003662 -0.968018 -0.013835 0.025541 0.017028 -6.900000 -29.100000 74.099998
-0.026123 0.006592 -0.974609 -0.012771 0.023413 0.019156 -7.200000 -28.200001 74.400002
-0.024658 0.008789 -0.978516 -0.014899 0.027670 0.018092 -7.500000 -27.900000 73.500000
-0.028809 0.004639 -0.965576 -0.011706 0.023413 0.015963 -6.300000 -28.500000 75.300003
-0.028564 0.006836 -0.975098 -0.014899 0.027670 0.018092 -7.500000 -28.500000 73.500000
-0.029053 0.003418 -0.975098 -0.010642 0.025541 0.018092 -7.500000 -28.500000 73.500000
-0.028564 0.002686 -0.972168 -0.013835 0.024477 0.015963 -7.200000 -28.799999 74.400002
-0.028809 0.008301 -0.966553 -0.012771 0.026606 0.019156 -7.800000 -30.000000 73.199997
-0.033447 0.008301 -0.972412 -0.015963 0.025541 0.018092 -6.600000 -27.600000 71.400002
-0.029785 0.001465 -0.968262 -0.014899 0.023413 0.017028 -6.900000 -28.500000 72.900002
-0.020020 0.005371 -0.964844 -0.011706 0.026606 0.020220 -7.800000 -26.400000 72.000000
-0.023438 0.009766 -0.967285 -0.013835 0.024477 0.015963 -8.100000 -27.299999 74.099998
-0.026123 0.011230 -0.968506 -0.102166 0.063853 -0.014899 -9.300000 -27.900000 73.500000
-0.059814 0.041016 -1.079102 -0.019156 -0.013835 0.048954 -6.600000 -27.600000 72.599998
-0.044189 0.017578 -1.040527 -0.026606 0.039376 0.010642 -6.600000 -29.400000 73.199997
-0.057861 -0.004150 -0.924316 -0.006385 0.052147 0.006385 -7.500000 -27.900000 73.500000
-0.005371 0.003662 -0.989502 0.002128 0.003193 0.022349 -8.700000 -26.700001 71.699997
-0.020264 0.033936 -0.980469 -0.007450 0.052147 0.027670 -7.200000 -27.600000 72.000000
-0.042236 0.027588 -0.952148 0.000000 0.008514 0.025541 -6.600000 -27.600000 72.000000
-0.011719 0.017822 -1.003174 -0.013835 0.036184 0.015963 -8.400000 -27.600000 72.599998
-0.032959 -0.012451 -0.946289 -0.014899 0.032991 0.015963 -6.900000 -27.299999 73.500000
-0.016602 -0.010498 -0.986084 -0.011706 0.015963 0.020220 -6.000000 -28.799999 74.400002
-0.032227 -0.005859 -0.965576 -0.015963 0.031927 0.014899 -8.700000 -28.500000 72.300003
-0.015381 0.005127 -0.979004 -0.015963 0.018092 0.019156 -6.000000 -27.600000 73.199997
-0.028809 0.010986 -0.957764 -0.017028 0.030863 0.023413 -6.900000 -26.700001 72.300003
-0.026123 0.017334 -0.978760 -0.010642 0.021284 0.021284 -6.600000 -27.600000 74.400002
-0.025391 0.014160 -0.971191 -0.015963 0.029798 0.014899 -8.100000 -28.500000 73.500000
-0.023926 0.000977 -0.967773 -0.010642 0.022349 0.015963 -6.900000 -29.100000 72.900002
-0.018555 0.008789 -0.972168 -0.012771 0.025541 0.017028 -7.800000 -28.200001 72.599998
-0.027100 0.000977 -0.966553 -0.014899 0.025541 0.019156 -6.900000 -28.500000 74.099998
-0.020996 0.008789 -0.974365 -0.014899 0.026606 0.019156 -6.600000 -27.600000 73.800003
-0.030273 0.012451 -0.967285 -0.013835 0.026606 0.014899 -8.400000 -27.600000 73.199997
-0.026367 0.010742 -0.985596 -0.011706 0.025541 0.017028 -8.100000 -27.900000 73.500000
-0.031250 0.006348 -0.971191 -0.013835 0.026606 0.015963 -6.600000 -28.799999 73.199997
-0.023193 0.003174 -0.975342 -0.011706 0.024477 0.017028 -7.800000 -28.200001 72.599998
-0.022461 0.007812 -0.975342 -0.014899 0.026606 0.015963 -6.000000 -27.000000 72.599998
-0.025146 0.012451 -0.962891 -0.011706 0.026606 0.015963 -7.500000 -28.500000 73.500000
-0.028320 0.012695 -0.970215 -0.014899 0.022349 0.018092 -8.100000 -27.900000 72.900002
-0.033691 0.018066 -0.967285 -0.011706 0.024477 0.020220 -7.500000 -27.900000 73.500000
-0.025635 0.000488 -0.975586 -0.013835 0.027670 0.017028 -7.800000 -28.799999 73.800003
-0.032959 0.008545 -0.972412 -0.013835 0.023413 0.020220 -6.900000 -27.299999 72.300003
-0.024902 0.013916 -0.970947 -0.012771 0.023413 0.019156 -9.300000 -28.500000 73.500000
-0.026855 0.004639 -0.973633 -0.011706 0.027670 0.018092 -8.100000 -26.100000 72.300003
-0.028076 0.010498 -0.970215 -0.017028 0.025541 0.020220 -6.000000 -26.400000 73.800003
-0.033691 0.006592 -0.962402 -0.013835 0.025541 0.018092 -6.900000 -28.500000 73.500000
-0.022217 0.005859 -0.962891 -0.011706 0.026606 0.018092 -6.900000 -28.500000 72.300003
-0.029297 0.011963 -0.977783 -0.014899 0.025541 0.019156 -6.900000 -29.100000 72.300003
-0.026855 0.011475 -0.973633 -0.012771 0.023413 0.018092 -9.900000 -26.100000 74.099998
-0.029053 0.012207 -0.976074 -0.013835 0.024477 0.020220 -7.800000 -26.400000 74.400002
-0.031494 0.008057 -0.974609 -0.012771 0.025541 0.020220 -6.000000 -27.600000 72.599998
-0.022705 0.005371 -0.970703 -0.013835 0.024477 0.017028 -7.200000 -28.799999 73.199997
-0.027588 0.012939 -0.970947 -0.010642 0.025541 0.019156 -7.200000 -27.600000 71.400002
-0.022217 0.010010 -0.972656 -0.013835 0.026606 0.021284 -7.800000 -27.600000 72.599998
-0.022949 0.010986 -0.965332 -0.011706 0.024477 0.018092 -7.800000 -27.600000 72.599998
-0.027832 0.005615 -0.973145 -0.014899 0.027670 0.019156 -8.100000 -27.900000 74.099998
-0.023682 0.005127 -0.972412 -0.015963 0.024477 0.017028 -7.200000 -28.799999 71.400002
-0.023926 0.010498 -0.967285 -0.015963 0.026606 0.017028 -8.100000 -27.299999 71.699997
-0.026855 0.010986 -0.973389 -0.013835 0.023413 0.021284 -7.800000 -28.200001 72.000000
-0.023682 0.006104 -0.966797 -0.012771 0.026606 0.018092 -7.500000 -28.500000 71.699997
-0.024902 0.014160 -0.965332 -0.013835 0.024477 0.020220 -7.200000 -27.600000 73.800003
-0.029541 0.010254 -0.975342 -0.017028 0.025541 0.015963 -7.500000 -28.500000 72.300003
-0.025635 0.000977 -0.964600 -0.014899 0.025541 0.018092 -6.000000 -29.400000 72.000000
-0.025391 0.006836 -0.960205 -0.014899 0.025541 0.014899 -6.900000 -28.500000 71.699997
-0.019531 0.008301 -0.972656 -0.013835 0.025541 0.017028 -7.800000 -28.200001 73.199997
-0.031006 0.005859 -0.963135 -0.015963 0.026606 0.020220 -6.000000 -28.799999 73.199997
-0.029785 0.004883 -0.970947 -0.011706 0.024477 0.019156 -6.900000 -28.500000 73.500000
-0.029053 0.009033 -0.966797 -0.014899 0.024477 0.019156 -9.000000 -27.000000 72.599998
-0.032227 0.013916 -0.977295 -0.013835 0.025541 0.021284 -7.500000 -27.900000 74.099998
-0.023926 0.013916 -0.968750 -0.014899 0.024477 0.018092 -6.300000 -29.100000 72.900002
-0.030273 0.008545 -0.977051 -0.012771 0.025541 0.018092 -8.700000 -30.900000 72.900002
-0.028809 0.007324 -0.966064 -0.010642 0.025541 0.018092 -6.600000 -27.600000 72.599998
-0.024170 0.012207 -0.966797 -0.011706 0.025541 0.018092 -8.400000 -28.200001 73.199997
-0.023438 0.005615 -0.972168 -0.013835 0.028734 0.018092 -6.600000 -29.400000 73.199997
-0.026123 0.006836 -0.969238 -0.014899 0.026606 0.020220 -7.500000 -29.100000 75.300003
-0.027100 0.011719 -0.974121 -0.010642 0.026606 0.018092 -9.300000 -29.700001 74.099998
-0.027588 0.008057 -0.973633 -0.013835 0.024477 0.018092 -6.900000 -27.900000 72.900002
-0.021240 0.005127 -0.968018 -0.018092 0.028734 0.018092 -5.700000 -28.500000 74.099998
-0.027100 0.008057 -0.972656 -0.013835 0.024477 0.019156 -6.600000 -28.200001 73.199997
-0.027344 0.010742 -0.976318 -0.065982 0.074496 0.011706 -8.100000 -27.900000 72.300003
-0.071289 -0.013428 -0.868164 -0.006385 0.005321 0.025541 -7.200000 -28.799999 72.000000
-0.011719 0.010498 -1.038330 -0.017028 0.015963 0.013835 -8.700000 -27.299999 73.500000
-0.031250 0.003174 -0.959717 -0.009578 0.037248 0.013835 -6.600000 -28.200001 73.199997
-0.028809 0.018066 -0.997559 -0.010642 0.019156 0.017028 -7.500000 -27.900000 72.900002
-0.024902 0.016846 -0.943359 -0.008514 0.031927 0.019156 -7.200000 -28.200001 74.400002
-0.027588 0.025391 -0.964844 -0.008514 0.022349 0.023413 -8.700000 -27.900000 73.500000
-0.024902 0.022217 -0.965820 -0.012771 0.030863 0.019156 -6.600000 -29.400000 73.199997
-0.029541 0.005859 -0.967041 -0.012771 0.025541 0.019156 -6.900000 -28.500000 71.099998
-0.018555 0.005859 -0.982422 -0.009578 0.023413 0.017028 -7.500000 -26.700001 72.900002
-0.026855 0.000732 -0.974121 -0.012771 0.026606 0.014899 -7.200000 -27.600000 74.400002
-0.030762 0.006836 -0.968750 -0.014899 0.024477 0.020220 -7.200000 -27.600000 72.599998
-0.029541 0.004639 -0.975830 -0.011706 0.026606 0.020220 -7.800000 -27.600000 72.599998
-0.028564 0.007568 -0.966797 -0.011706 0.027670 0.021284 -8.400000 -28.799999 73.199997
-0.028564 0.007324 -0.964600 -0.013835 0.026606 0.017028 -8.100000 -28.500000 72.300003
-0.025635 0.008301 -0.973389 -0.013835 0.022349 0.018092 -6.000000 -28.799999 73.199997
-0.021729 0.002441 -0.974121 -0.011706 0.026606 0.018092 -6.900000 -30.299999 73.500000
-0.028320 0.003906 -0.975098 -0.015963 0.024477 0.018092 -7.500000 -27.299999 72.300003
-0.025635 0.012939 -0.970703 -0.012771 0.023413 0.018092 -8.400000 -28.200001 74.400002
-0.027832 0.011963 -0.966309 -0.009578 0.026606 0.020220 -8.100000 -27.900000 73.500000
-0.026123 0.005127 -0.985840 -0.012771 0.022349 0.018092 -6.000000 -27.600000 74.400002
-0.034424 0.009521 -0.972656 -0.012771 0.024477 0.017028 -6.900000 -28.500000 74.099998
-0.026611 0.009277 -0.970947 -0.013835 0.023413 0.018092 -6.000000 -28.200001 72.599998
-0.025391 0.003662 -0.970703 -0.014899 0.024477 0.022349 -6.900000 -28.500000 71.699997
-0.022949 0.006836 -0.969238 -0.013835 0.023413 0.019156 -8.400000 -27.600000 73.199997
-0.029541 0.010742 -0.965332 -0.014899 0.025541 0.019156 -7.800000 -28.799999 73.199997
-0.036377 0.006348 -0.971191 -0.014899 0.024477 0.018092 -6.600000 -28.799999 73.800003
-0.026855 0.014160 -0.968018 -0.013835 0.024477 0.017028 -6.600000 -28.200001 71.400002
-0.028564 0.013428 -0.970703 -0.011706 0.027670 0.018092 -6.300000 -28.500000 72.300003
-0.023193 0.014160 -0.965576 -0.014899 0.027670 0.017028 -8.100000 -30.299999 72.300003
-0.024902 0.008057 -0.974854 -0.015963 0.024477 0.019156 -7.800000 -28.799999 75.599998
-0.025146 0.010498 -0.970703 -0.014899 0.024477 0.020220 -8.100000 -27.900000 72.300003
-0.023438 0.013428 -0.968018 -0.011706 0.024477 0.017028 -8.100000 -27.900000 73.500000
-0.023682 0.010498 -0.974365 -0.013835 0.023413 0.017028 -7.800000 -28.799999 72.599998
-0.025146 0.004639 -0.972168 -0.013835 0.025541 0.015963 -8.100000 -27.900000 71.699997
-0.022949 0.002686 -0.972412 -0.014899 0.024477 0.017028 -6.900000 -29.700001 73.500000
-0.027588 0.005615 -0.973877 -0.014899 0.025541 0.014899 -7.200000 -28.799999 73.199997
-0.028809 0.003662 -0.964355 -0.012771 0.024477 0.020220 -7.800000 -27.600000 72.000000
-0.028076 0.007812 -0.968994 -0.012771 0.024477 0.018092 -8.400000 -28.799999 73.199997
-0.021484 0.007812 -0.965088 -0.011706 0.024477 0.021284 -7.800000 -28.200001 74.400002
-0.022217 0.014404 -0.975098 -0.015963 0.025541 0.020220 -7.500000 -28.500000 74.699997
-0.018555 0.005371 -0.973145 -0.012771 0.026606 0.018092 -9.000000 -28.200001 73.800003
-0.028320 0.000977 -0.982666 -0.013835 0.025541 0.015963 -7.800000 -27.000000 71.400002
-0.026855 0.015137 -0.968262 -0.012771 0.026606 0.017028 -5.700000 -27.299999 74.099998
-0.032715 0.003662 -0.967285 -0.012771 0.025541 0.018092 -8.400000 -28.799999 73.800003
-0.029785 0.004639 -0.976562 -0.013835 0.026606 0.019156 -7.800000 -27.600000 71.400002
-0.028564 0.016113 -0.967773 -0.012771 0.025541 0.017028 -7.800000 -27.600000 72.000000
-0.027344 0.007324 -0.977051 -0.012771 0.024477 0.017028 -6.600000 -28.200001 71.400002
-0.031006 0.010742 -0.964355 -0.012771 0.027670 0.018092 -7.200000 -28.200001 72.599998
-0.020508 0.007568 -0.970215 -0.014899 0.023413 0.017028 -6.900000 -28.500000 72.300003
-0.028076 0.010742 -0.961914 -0.013835 0.025541 0.017028 -7.500000 -28.500000 73.500000
-0.024170 0.009277 -0.967773 -0.013835 0.025541 0.019156 -6.900000 -28.500000 74.099998
-0.026367 0.009277 -0.968018 -0.012771 0.025541 0.018092 -7.200000 -28.799999 72.599998
-0.023926 0.000244 -0.968018 -0.013835 0.026606 0.020220 -8.100000 -28.500000 74.099998
-0.029297 0.007812 -0.971680 -0.014899 0.023413 0.018092 -6.900000 -29.100000 74.099998
-0.026367 0.000000 -0.972168 -0.014899 0.024477 0.018092 -7.800000 -28.200001 72.599998
-0.027832 0.006836 -0.979004 -0.013835 0.026606 0.019156 -7.500000 -29.700001 73.500000
-0.026367 0.006104 -0.974609 -0.015963 0.026606 0.015963 -8.400000 -27.600000 73.199997
-0.027100 0.011230 -0.967773 -0.018092 0.025541 0.020220 -8.100000 -27.900000 71.699997
-0.025635 0.010986 -0.976074 -0.015963 0.024477 0.020220 -6.900000 -29.100000 74.699997
-0.022217 0.010986 -0.958252 -0.011706 0.023413 0.017028 -7.200000 -28.799999 72.000000
-0.024658 0.007324 -0.969727 -0.013835 0.025541 0.018092 -6.900000 -27.299999 73.500000
-0.021240 0.007080 -0.972168 -0.014899 0.028734 0.018092 -8.400000 -27.600000 74.400002
-0.027832 0.003174 -0.976562 -0.015963 0.024477 0.020220 -9.300000 -27.900000 74.099998
-0.028809 0.007812 -0.982178 -0.011706 0.025541 0.015963 -8.700000 -26.700001 73.500000
-0.029053 0.007324 -0.974365 -0.013835 0.025541 0.018092 -6.000000 -27.000000 72.599998
-0.029541 0.015625 -0.973389 -0.013835 0.023413 0.019156 -7.500000 -27.299999 72.900002
-0.022705 0.007324 -0.968506 -0.012771 0.025541 0.018092 -7.500000 -28.500000 72.900002
-0.026855 0.007812 -0.979980 -0.017028 0.028734 0.015963 -7.800000 -28.200001 73.199997
-0.024658 0.005371 -0.976074 -0.014899 0.027670 0.015963 -7.800000 -28.200001 72.000000
-0.035156 0.004639 -0.975342 -0.014899 0.026606 0.018092 -6.900000 -27.299999 73.500000
-0.026367 0.008545 -0.977783 -0.015963 0.026606 0.015963 -7.500000 -27.900000 73.500000
-0.027832 0.003662 -0.966553 -0.013835 0.025541 0.018092 -8.100000 -29.700001 72.900002
-0.023926 0.008545 -0.969482 -0.012771 0.023413 0.018092 -8.100000 -28.500000 72.300003
-0.024658 0.010010 -0.970215 -0.012771 0.024477 0.020220 -6.600000 -29.400000 72.000000
-0.024658 0.009033 -0.967285 -0.012771 0.024477 0.017028 -7.800000 -27.600000 74.400002
-0.023438 0.003662 -0.972900 -0.013835 0.026606 0.019156 -7.200000 -27.600000 73.199997
-0.028320 0.006104 -0.973145 -0.014899 0.025541 0.018092 -7.800000 -27.600000 73.199997
-0.025879 0.001709 -0.972168 -0.014899 0.027670 0.018092 -6.300000 -29.100000 72.300003
-0.028320 -0.000977 -0.965088 -0.012771 0.026606 0.023413 -7.200000 -28.799999 73.199997
-0.023926 0.004395 -0.970703 -0.015963 0.025541 0.020220 -8.100000 -26.700001 72.900002
-0.029297 0.001221 -0.969727 -0.011706 0.026606 0.015963 -6.900000 -28.500000 74.099998
-0.026611 0.005615 -0.966553 -0.014899 0.024477 0.018092 -6.900000 -29.100000 72.900002
-0.023926 0.006592 -0.972656 -0.012771 0.023413 0.019156 -6.900000 -27.900000 72.300003
-0.026611 0.009033 -0.968750 -0.012771 0.025541 0.019156 -6.000000 -30.000000 72.599998
-0.023682 0.009766 -0.979980 -0.012771 0.024477 0.014899 -6.300000 -28.500000 71.099998
-0.026367 0.012695 -0.965088 -0.013835 0.024477 0.017028 -6.600000 -28.200001 72.599998
-0.028809 0.010498 -0.968262 -0.017028 0.026606 0.018092 -7.500000 -28.500000 73.500000
-0.027344 0.001709 -0.973877 -0.014899 0.026606 0.018092 -6.900000 -28.500000 72.300003
-0.029541 0.011230 -0.976318 -0.014899 0.025541 0.019156 -8.100000 -28.500000 71.699997
-0.022949 0.004639 -0.966797 -0.014899 0.027670 0.019156 -6.900000 -28.500000 72.900002
-0.022217 0.004639 -0.981689 -0.010642 0.026606 0.020220 -6.600000 -27.600000 73.199997
-0.022949 0.005859 -0.975586 -0.013835 0.026606 0.020220 -8.400000 -28.799999 72.599998
-0.025635 0.006104 -0.973633 -0.012771 0.026606 0.015963 -7.800000 -28.200001 71.400002
-0.026123 0.007568 -0.970459 -0.012771 0.026606 0.020220 -8.700000 -26.700001 74.099998
-0.091309 -0.026855 -0.817383 0.013835 0.060661 0.015963 -8.100000 -28.500000 74.699997
-0.090332 0.028320 -0.995117 -0.023413 0.012771 0.019156 -6.900000 -27.900000 72.300003
-0.040039 0.015869 -0.999512 -0.007450 0.036184 0.018092 -7.800000 -28.200001 72.599998
-0.032959 0.024658 -0.933838 -0.007450 0.017028 0.019156 -8.400000 -27.600000 73.199997
-0.030029 0.025146 -0.982178 -0.008514 0.031927 0.017028 -5.100000 -28.500000 72.900002
-0.033203 0.017822 -0.956787 -0.008514 0.032991 0.018092 -8.400000 -27.000000 71.400002
-0.020264 0.011963 -0.972412 -0.007450 0.021284 0.019156 -6.000000 -28.200001 73.199997
-0.021973 0.006592 -0.970703 -0.015963 0.028734 0.017028 -9.300000 -27.900000 73.500000
-0.031250 0.004150 -0.963623 -0.013835 0.028734 0.020220 -7.200000 -28.200001 72.000000
-0.032227 0.005859 -0.979492 -0.017028 0.021284 0.017028 -6.600000 -28.200001 72.599998
-0.029541 0.001953 -0.960205 -0.018092 0.025541 0.017028 -6.900000 -27.900000 72.900002
-0.022705 0.002686 -0.966553 -0.013835 0.022349 0.019156 -7.500000 -28.500000 74.099998
-0.025391 0.012695 -0.973145 -0.014899 0.027670 0.017028 -8.100000 -27.900000 73.500000
-0.034180 0.012451 -0.967773 -0.012771 0.024477 0.018092 -6.300000 -27.299999 74.099998
-0.029785 0.002686 -0.973877 -0.014899 0.028734 0.018092 -6.600000 -28.200001 72.599998
-0.026611 0.006592 -0.969238 -0.012771 0.024477 0.018092 -7.200000 -27.600000 72.599998
-0.026367 -0.000732 -0.974365 -0.014899 0.026606 0.019156 -8.100000 -28.500000 71.699997
-0.021973 0.007080 -0.970947 -0.014899 0.024477 0.019156 -8.100000 -29.700001 72.900002
-0.023926 0.005127 -0.973877 -0.014899 0.026606 0.019156 -6.600000 -26.400000 72.000000
-0.029053 0.011230 -0.966797 -0.014899 0.023413 0.019156 -8.700000 -27.900000 73.500000
-0.026611 0.007812 -0.967285 -0.015963 0.025541 0.018092 -6.900000 -26.700001 73.500000
-0.029297 0.008545 -0.960693 -0.017028 0.024477 0.017028 -7.500000 -29.100000 73.500000
-0.020020 0.005127 -0.977783 -0.010642 0.025541 0.014899 -8.400000 -28.200001 73.800003
-0.029785 0.010254 -0.969238 -0.011706 0.023413 0.018092 -6.600000 -27.000000 72.599998
-0.027832 0.010254 -0.969971 -0.013835 0.026606 0.015963 -7.500000 -27.299999 72.900002
-0.023926 0.001221 -0.977783 -0.014899 0.026606 0.011706 -8.100000 -28.500000 73.500000
-0.026367 0.001465 -0.970459 -0.013835 0.027670 0.015963 -7.200000 -27.600000 72.000000
-0.031006 0.006592 -0.977783 -0.015963 0.026606 0.020220 -7.500000 -27.900000 73.500000
-0.025635 0.014404 -0.964355 -0.013835 0.027670 0.021284 -6.000000 -26.400000 74.400002
-0.023438 0.009033 -0.968750 -0.012771 0.022349 0.018092 -7.500000 -26.700001 74.099998
-0.025879 0.009277 -0.969971 -0.013835 0.024477 0.017028 -8.100000 -28.500000 72.300003
-0.026855 0.003174 -0.970215 -0.012771 0.024477 0.020220 -7.500000 -29.100000 74.699997
-0.025391 0.014160 -0.971191 -0.010642 0.025541 0.018092 -8.700000 -29.100000 72.900002
-0.021973 0.009033 -0.964111 -0.012771 0.025541 0.014899 -7.800000 -26.400000 71.400002
-0.020020 0.005127 -0.978027 -0.010642 0.024477 0.018092 -6.300000 -27.900000 72.900002
-0.026611 0.011475 -0.974609 -0.011706 0.026606 0.021284 -6.900000 -28.500000 73.500000
-0.030273 0.010254 -0.977295 -0.009578 0.026606 0.018092 -6.600000 -27.600000 72.599998
-0.028809 0.006348 -0.978027 -0.012771 0.027670 0.014899 -7.200000 -27.600000 72.000000
-0.024414 0.003906 -0.979004 -0.014899 0.023413 0.020220 -6.300000 -26.100000 73.500000
-0.019531 0.004150 -0.977539 -0.013835 0.022349 0.017028 -6.600000 -27.000000 73.800003
-0.028809 0.007080 -0.968506 -0.013835 0.026606 0.020220 -7.200000 -27.600000 75.000000
-0.020508 0.006104 -0.966309 -0.012771 0.025541 0.018092 -7.200000 -28.799999 72.599998
-0.023438 0.009277 -0.970703 -0.014899 0.029798 0.018092 -7.200000 -29.400000 73.800003
-0.026123 0.012939 -0.971191 -0.012771 0.024477 0.018092 -7.800000 -28.799999 74.400002
-0.023926 0.006836 -0.978027 -0.013835 0.023413 0.018092 -8.400000 -27.000000 72.000000
-0.027100 0.009521 -0.965088 -0.012771 0.023413 0.019156 -7.200000 -28.200001 72.599998
-0.030518 0.011719 -0.968750 -0.013835 0.027670 0.018092 -6.300000 -26.100000 73.500000
-0.024658 0.007812 -0.974609 -0.012771 0.026606 0.014899 -6.000000 -28.799999 72.599998
-0.031738 0.006348 -0.973389 -0.013835 0.024477 0.018092 -7.800000 -28.799999 73.199997
-0.027832 0.009033 -0.973145 -0.014899 0.025541 0.018092 -7.800000 -28.799999 73.800003
-0.024170 0.005127 -0.979492 -0.012771 0.027670 0.014899 -7.200000 -28.799999 73.199997
-0.026367 0.006348 -0.970703 -0.015963 0.025541 0.017028 -8.700000 -28.500000 72.900002
