0.000000 0.000000 39035111899820359417856.000000 -0.013835 0.025541 0.018092 15.000000 24.000000 -4.200000
0.007568 0.018555 1.020264 -0.013835 0.024477 0.019156 14.100000 26.100000 -4.500000
0.014648 0.021484 1.030762 -0.013835 0.021284 0.018092 16.200001 25.799999 -6.600000
0.010254 0.025391 1.025391 -0.020220 0.019156 0.018092 14.700000 23.100000 -6.300000
0.015869 0.022705 1.019287 -0.009578 0.026606 0.017028 12.900000 24.299999 -2.700000
0.016846 0.020752 1.032959 -0.017028 0.022349 0.020220 13.500000 25.500000 -4.500000
0.015869 0.023682 1.025879 -0.013835 0.021284 0.020220 13.800000 24.600000 -3.600000
0.014648 0.020996 1.022949 -0.011706 0.023413 0.019156 12.900000 25.500000 -4.500000
0.015869 0.021973 1.014404 -0.014899 0.023413 0.021284 14.100000 24.900000 -2.700000
0.008789 0.021973 1.034180 -0.017028 0.021284 0.018092 14.400000 25.799999 -4.800000
0.018311 0.018555 1.028564 -0.014899 0.022349 0.015963 12.600000 24.600000 -6.000000
0.012695 0.024902 1.028809 -0.015963 0.023413 0.018092 13.200000 25.200001 -3.000000
0.016113 0.017090 1.016602 -0.013835 0.022349 0.018092 13.200000 24.600000 -4.800000
0.013428 0.020264 1.018555 -0.017028 0.020220 0.019156 15.000000 25.200001 -6.000000
0.017822 0.023926 1.026123 -0.014899 0.026606 0.017028 12.900000 25.500000 -3.900000
0.012695 0.020752 1.029541 -0.012771 0.024477 0.017028 13.800000 25.799999 -3.600000
0.008301 0.019043 1.015625 -0.015963 0.022349 0.013835 14.100000 23.700001 -3.300000
0.012207 0.024414 1.022949 -0.015963 0.025541 0.020220 12.300000 24.900000 -3.900000
0.014648 0.017090 1.021729 -0.017028 0.021284 0.018092 14.400000 26.400000 -4.800000
0.010498 0.019043 1.019775 -0.015963 0.023413 0.018092 14.400000 26.400000 -3.000000
0.008301 0.020996 1.023193 -0.014899 0.021284 0.019156 13.500000 24.900000 -4.500000
0.012939 0.024414 1.022461 -0.014899 0.023413 0.020220 13.200000 27.000000 -3.600000
0.015137 0.022461 1.026123 -0.014899 0.023413 0.015963 13.200000 24.000000 -4.800000
0.016113 0.017334 1.019043 -0.015963 0.022349 0.020220 14.100000 24.299999 -5.100000
0.017578 0.026855 1.027344 -0.013835 0.021284 0.019156 12.900000 24.299999 -4.500000
0.016113 0.023438 1.024414 -0.017028 0.024477 0.018092 14.700000 26.700001 -5.100000
0.011475 0.021973 1.021240 -0.015963 0.021284 0.015963 14.100000 25.500000 -3.300000
0.014893 0.024414 1.021484 -0.010642 0.023413 0.018092 13.200000 25.799999 -4.200000
0.019531 0.015625 1.022217 -0.014899 0.019156 0.020220 12.000000 25.200001 -4.200000
0.016357 0.023438 1.026611 -0.013835 0.023413 0.020220 13.800000 25.200001 -3.000000
0.014648 0.018555 1.018311 -0.013835 0.021284 0.017028 13.500000 24.900000 -4.500000
0.011719 0.020996 1.025635 -0.013835 0.022349 0.018092 14.100000 24.299999 -4.500000
0.017090 0.030518 1.023926 -0.015963 0.024477 0.019156 14.400000 25.200001 -4.800000
0.008057 0.021973 1.026855 -0.012771 0.024477 0.015963 14.400000 25.799999 -4.800000
0.007568 0.023438 1.017334 -0.015963 0.021284 0.020220 15.600000 25.799999 -4.800000
0.014160 0.017090 1.029541 -0.014899 0.021284 0.018092 13.800000 23.400000 -4.800000
0.011475 0.025391 1.022949 -0.009578 0.023413 0.018092 14.700000 26.100000 -4.500000
0.014648 0.018066 1.020996 -0.014899 0.025541 0.018092 11.100000 24.299999 -3.300000
0.014404 0.024170 1.029541 -0.014899 0.022349 0.021284 14.700000 24.900000 -4.500000
0.014160 0.015869 1.027588 -0.011706 0.023413 0.019156 14.100000 26.700001 -4.500000
0.010010 0.021729 1.027344 -0.008514 0.023413 0.020220 14.400000 25.200001 -4.800000
0.007080 0.020264 1.034180 -0.017028 0.025541 0.020220 13.500000 26.100000 -3.900000
0.010986 0.027100 1.018066 -0.022349 0.021284 0.019156 13.500000 25.500000 -3.900000
0.015869 0.012939 1.024658 -0.001064 0.024477 0.018092 14.400000 25.200001 -4.200000
0.016357 0.022461 1.018066 -0.022349 0.019156 0.021284 11.700000 24.900000 -5.100000
0.015625 0.020264 1.014648 -0.018092 0.021284 0.020220 13.800000 25.200001 -4.200000
0.008789 0.013916 1.026123 -0.012771 0.026606 0.019156 13.500000 23.100000 -5.100000
0.017090 0.021729 1.021484 -0.023413 0.020220 0.017028 15.000000 25.200001 -2.400000
0.013184 0.022461 1.016846 -0.014899 0.020220 0.017028 13.500000 26.700001 -4.500000
0.016357 0.029297 1.023438 -0.034055 0.021284 0.020220 13.500000 25.500000 -4.500000
0.019043 0.013916 1.030029 -0.015963 0.024477 0.019156 14.400000 25.200001 -5.400000
0.018799 0.007080 1.028809 -0.007450 0.020220 0.020220 14.100000 26.700001 -4.500000
0.016602 0.021484 1.018799 -0.015963 0.020220 0.019156 14.700000 24.299999 -4.500000
0.014404 0.024414 1.024658 -0.008514 0.023413 0.018092 13.800000 24.600000 -6.000000
0.014160 0.020996 1.023926 -0.009578 0.022349 0.015963 13.500000 24.299999 -3.300000
0.014648 0.030273 1.024170 -0.025541 0.021284 0.020220 13.500000 26.100000 -4.500000
0.009766 0.024170 1.014404 -0.014899 0.024477 0.020220 13.500000 25.500000 -4.500000
0.012695 0.018555 1.028320 -0.006385 0.023413 0.019156 13.800000 25.200001 -4.200000
0.012695 0.020996 1.025146 -0.013835 0.021284 0.020220 13.200000 25.200001 -3.600000
0.011475 0.024414 1.027588 -0.008514 0.023413 0.017028 13.500000 23.100000 -4.500000
0.014160 0.019043 1.026367 -0.001064 0.023413 0.019156 14.700000 24.900000 -5.100000
0.010498 0.021240 1.030518 -0.001064 0.023413 0.018092 12.000000 24.600000 -3.000000
0.014404 0.026123 1.016357 -0.024477 0.023413 0.021284 13.500000 25.500000 -3.900000
0.014648 0.018066 1.017822 0.000000 0.024477 0.018092 14.100000 25.500000 -4.500000
0.015869 0.019775 1.016602 0.001064 0.023413 0.015963 12.900000 25.500000 -4.500000
0.019287 0.061523 1.004150 -0.102166 0.011706 -0.067046 13.500000 26.700001 -3.300000
0.016357 0.023193 1.018066 -0.065982 0.018092 -0.063853 12.600000 25.799999 -3.000000
0.021729 -0.057617 1.056152 0.188368 0.040441 -0.041505 14.400000 24.600000 -4.800000
0.016846 0.018066 1.035156 -0.061725 0.013835 -0.041505 14.400000 25.799999 -5.400000
0.013916 0.018066 1.023438 -0.046826 0.022349 -0.003193 13.800000 25.799999 -4.800000
0.016357 0.005615 1.034668 -0.024477 0.021284 0.051083 14.100000 26.700001 -5.700000
0.014160 0.017822 1.015625 0.027670 0.023413 0.065982 12.300000 26.700001 -4.500000
0.021973 0.038086 1.045166 0.006385 0.025541 0.036184 12.300000 24.900000 -4.500000
0.007324 0.025879 1.044189 0.002128 0.025541 0.035119 12.600000 24.600000 -4.200000
0.006104 0.030029 1.004150 -0.038312 0.022349 0.036184 14.100000 25.500000 -3.900000
0.011963 0.019287 1.030762 0.034055 0.023413 0.031927 12.000000 25.200001 -3.600000
0.005615 0.007324 1.008057 0.005321 0.028734 0.029798 14.400000 24.000000 -4.200000
0.013916 0.043945 1.034424 0.005321 0.025541 0.029798 14.100000 24.299999 -5.100000
0.018066 0.024902 1.040039 -0.027670 0.022349 0.027670 12.900000 26.100000 -5.100000
0.010498 0.024170 1.022461 0.000000 0.025541 0.045762 12.300000 24.900000 -5.100000
0.015625 0.036621 1.024170 -0.006385 0.022349 0.034055 14.100000 24.900000 -4.500000
0.013184 0.022217 1.020752 -0.006385 0.024477 0.030863 13.500000 24.900000 -4.500000
0.026855 0.050537 1.038086 -0.034055 0.021284 0.013835 13.800000 25.200001 -4.800000
0.017090 0.025391 1.056152 -0.020220 0.021284 -0.008514 14.400000 24.600000 -5.400000
0.015381 0.014404 1.054443 -0.003193 0.023413 0.025541 14.400000 25.799999 -5.400000
0.013184 0.039062 1.025635 -0.019156 0.025541 0.014899 15.000000 24.600000 -6.600000
0.005859 0.019775 1.018799 -0.053211 0.019156 0.011706 14.700000 24.299999 -5.100000
0.017822 0.030518 1.020996 0.000000 0.023413 0.015963 13.800000 25.200001 -4.800000
0.011230 0.009521 1.039307 -0.025541 0.021284 0.012771 13.500000 26.100000 -6.900000
0.005615 0.024902 1.010742 -0.031927 0.012771 0.030863 15.300000 26.100000 -4.500000
0.015137 0.019287 1.007080 0.008514 0.026606 0.005321 11.400000 24.000000 -6.000000
0.020264 0.039062 1.046143 -0.034055 0.021284 -0.010642 14.700000 26.100000 -4.500000
0.011963 0.025146 1.046631 -0.023413 0.024477 0.007450 12.600000 25.200001 -5.400000
0.015625 0.020020 1.038574 -0.031927 0.024477 0.031927 13.800000 26.400000 -4.200000
0.017334 0.036865 1.035889 -0.025541 0.022349 0.030863 12.600000 25.200001 -3.600000
0.022949 0.045410 1.049072 -0.005321 0.024477 0.017028 13.500000 26.700001 -3.300000
0.027344 0.036133 1.019043 -0.041505 0.018092 0.001064 13.200000 25.200001 -4.800000
0.010498 0.014648 1.023926 -0.019156 0.019156 0.011706 13.500000 24.900000 -4.500000
0.014893 0.014160 1.002197 -0.023413 0.020220 0.037248 13.800000 25.799999 -5.400000
0.009277 0.018799 1.015869 -0.017028 0.022349 0.035119 13.500000 24.900000 -3.900000
0.017822 0.038330 1.049805 -0.043633 0.019156 0.009578 14.400000 26.400000 -4.200000
0.011719 0.024658 1.001953 -0.029798 0.020220 0.008514 12.600000 25.799999 -4.200000
0.021484 0.014648 1.029053 -0.036184 0.020220 0.006385 13.200000 23.400000 -3.600000
0.015625 0.022217 1.019043 -0.029798 0.019156 0.022349 11.400000 25.799999 -3.000000
0.020996 0.031982 1.033936 -0.019156 0.017028 -0.026606 12.900000 26.100000 -4.500000
0.014648 0.018555 1.029297 -0.009578 0.024477 -0.008514 12.900000 25.500000 -4.500000
0.011230 0.021729 1.013184 -0.019156 0.022349 0.032991 13.200000 25.799999 -4.800000
0.011963 0.027100 1.013672 -0.038312 0.019156 0.021284 13.200000 25.200001 -3.600000
0.010986 0.013672 1.025635 -0.034055 0.021284 0.021284 15.000000 25.799999 -5.400000
0.006592 0.020508 1.031738 0.007450 0.028734 -0.002128 15.000000 25.799999 -4.800000
0.015381 0.025879 1.016357 0.012771 0.024477 -0.008514 14.700000 25.500000 -4.500000
0.015625 0.035889 1.038330 -0.030863 0.019156 -0.029798 13.500000 26.100000 -4.500000
0.013672 0.025879 1.013916 -0.018092 0.022349 -0.020220 13.200000 26.400000 -3.000000
0.018555 0.030518 1.016602 -0.026606 0.018092 -0.018092 11.700000 24.900000 -2.700000
0.012207 0.017334 1.022217 -0.004257 0.025541 -0.011706 12.600000 25.200001 -3.600000
0.022705 0.027588 1.031006 -0.014899 0.021284 -0.024477 12.600000 24.600000 -5.400000
0.011963 0.020264 1.026123 -0.002128 0.023413 -0.018092 12.900000 26.100000 -4.500000
0.014404 0.005615 1.017822 -0.013835 0.023413 0.022349 11.700000 26.700001 -5.700000
-0.001709 -0.001221 1.009766 0.002128 0.020220 0.024477 13.500000 24.900000 -4.500000
0.017334 0.017334 1.019775 0.041505 0.026606 0.014899 12.600000 24.600000 -4.800000
0.007812 0.020020 1.015625 -0.038312 0.020220 0.028734 11.100000 25.500000 -5.100000
0.008789 0.001709 0.997559 -0.027670 0.025541 0.090459 12.900000 26.100000 -5.100000
0.016357 0.029297 1.032715 0.010642 0.023413 0.080881 12.900000 26.100000 -3.900000
0.007080 0.033691 1.023926 -0.021284 0.021284 0.054275 13.500000 25.500000 -3.300000
0.011230 0.015137 1.012207 0.003193 0.024477 0.011706 14.700000 24.299999 -6.300000
0.015625 0.038330 1.009277 -0.013835 0.025541 0.004257 13.800000 25.200001 -3.000000
0.014160 0.017578 1.023193 -0.012771 0.020220 0.003193 13.800000 24.000000 -3.600000
0.014893 0.029785 1.026611 -0.031927 0.021284 -0.009578 13.200000 26.400000 -4.200000
0.013672 0.012207 1.016602 -0.014899 0.024477 0.001064 13.500000 25.500000 -2.700000
0.017334 0.032227 1.018311 -0.009578 0.022349 0.005321 12.900000 24.900000 -3.900000
0.011719 0.039795 1.021729 -0.035119 0.020220 0.005321 12.000000 25.799999 -3.600000
0.007812 0.019043 1.016602 0.001064 0.023413 0.022349 12.300000 24.299999 -5.700000
0.019287 0.017822 1.018555 -0.005321 0.028734 0.048954 13.200000 25.200001 -4.800000
0.022217 0.039307 1.018555 -0.013835 0.025541 0.045762 13.500000 24.900000 -5.100000
0.016113 0.037842 1.021240 -0.024477 0.023413 0.013835 12.900000 24.900000 -4.500000
0.012451 0.012939 1.022461 -0.013835 0.023413 0.025541 11.400000 27.000000 -3.000000
0.015137 0.000488 1.009033 -0.014899 0.022349 0.045762 12.900000 26.700001 -3.900000
0.016846 0.030762 1.027588 -0.054275 0.024477 0.043633 13.500000 24.900000 -3.300000
0.016357 0.019531 1.023926 -0.015963 0.022349 0.038312 12.600000 23.400000 -3.600000
0.017822 0.007324 1.024414 -0.021284 0.021284 0.003193 12.600000 27.000000 -4.200000
0.007568 0.042969 1.002197 -0.032991 0.020220 0.019156 13.500000 25.500000 -3.300000
0.005859 0.024414 1.013184 -0.013835 0.021284 0.024477 12.900000 25.500000 -5.100000
0.021240 0.018066 1.029297 -0.014899 0.020220 0.012771 13.800000 24.000000 -4.200000
0.019775 0.037354 1.013916 -0.026606 0.021284 -0.012771 12.300000 26.100000 -2.700000
0.010254 0.017822 1.023682 -0.031927 0.021284 0.002128 13.200000 25.200001 -4.800000
0.013428 0.021729 1.031982 -0.004257 0.022349 -0.019156 13.800000 26.400000 -4.200000
0.005127 0.013672 1.028320 0.002128 0.022349 0.003193 13.500000 24.900000 -4.500000
0.014160 0.025879 1.026367 -0.020220 0.022349 -0.006385 12.900000 26.700001 -3.900000
0.004150 0.032471 1.002441 -0.013835 0.022349 -0.014899 12.900000 26.100000 -3.900000
0.013916 0.024414 1.013672 -0.039376 0.020220 0.035119 11.100000 24.900000 -4.500000
0.017578 0.028076 1.026367 -0.023413 0.021284 0.008514 13.200000 24.000000 -3.000000
0.002441 0.020752 1.003174 -0.035119 0.019156 0.028734 12.000000 25.799999 -4.800000
0.008301 0.009521 1.001709 -0.034055 0.019156 0.026606 13.200000 26.400000 -3.000000
0.013916 0.022705 1.009521 -0.003193 0.022349 -0.002128 12.600000 25.799999 -4.800000
0.015869 0.027100 1.039795 0.000000 0.024477 -0.022349 12.300000 26.100000 -3.900000
0.020996 0.038574 1.034912 -0.004257 0.023413 -0.062789 12.600000 26.400000 -4.200000
0.008057 0.002930 1.023926 -0.023413 0.023413 -0.014899 14.100000 24.900000 -4.500000
0.014893 0.002930 1.011963 -0.004257 0.022349 0.028734 12.900000 25.500000 -3.900000
0.008789 0.026611 1.027344 -0.030863 0.018092 0.043633 12.900000 26.100000 -3.900000
0.022461 0.029541 1.032227 -0.012771 0.020220 0.023413 11.700000 25.500000 -6.300000
0.013184 0.021973 1.008545 0.000000 0.025541 -0.001064 13.200000 24.000000 -3.600000
0.004395 0.047119 1.022705 0.051083 0.024477 0.014899 12.600000 24.000000 -5.400000
0.001465 0.029297 0.977783 0.034055 0.026606 0.022349 12.300000 26.700001 -3.300000
0.014893 0.030762 1.015869 -0.010642 0.022349 0.015963 12.900000 24.299999 -4.500000
0.017334 0.039307 1.022949 -0.026606 0.021284 -0.007450 11.400000 27.000000 -3.600000
0.010742 0.020752 1.044189 -0.032991 0.021284 -0.011706 12.600000 25.200001 -4.800000
0.016357 0.010010 1.022461 0.013835 0.024477 0.011706 11.400000 25.200001 -4.200000
0.017822 0.014160 1.026367 -0.020220 0.021284 0.005321 12.900000 26.100000 -3.900000
0.008057 0.020264 1.037598 -0.037248 0.026606 0.005321 12.300000 27.299999 -4.500000
0.024658 0.027344 1.025879 -0.018092 0.020220 0.012771 13.500000 27.299999 -5.100000
0.012451 0.020264 1.004639 -0.042569 0.018092 0.017028 12.900000 25.500000 -3.900000
0.014160 0.005859 1.002441 -0.043633 0.015963 0.025541 13.200000 24.600000 -4.800000
0.016113 0.026367 1.053223 -0.021284 0.020220 0.010642 12.600000 24.600000 -4.200000
0.020752 0.021729 1.037354 -0.001064 0.020220 -0.005321 12.000000 25.200001 -3.600000
0.003662 0.012695 1.005127 -0.037248 0.020220 -0.012771 12.300000 26.700001 -3.900000
0.014648 0.021484 1.001221 0.009578 0.027670 -0.024477 13.500000 26.700001 -3.300000
0.018799 0.014893 1.022949 -0.021284 0.020220 -0.010642 11.700000 26.100000 -4.500000
0.011963 0.018066 1.030762 0.000000 0.023413 0.023413 11.400000 25.200001 -3.600000
0.011719 0.030029 1.012939 -0.023413 0.023413 0.034055 12.600000 26.400000 -4.200000
0.012451 0.015381 1.006104 -0.002128 0.024477 0.005321 12.000000 25.799999 -4.200000
0.018066 0.012695 1.041504 -0.008514 0.020220 -0.029798 12.600000 26.400000 -4.200000
0.007812 0.031006 1.006592 -0.074496 0.017028 -0.012771 11.700000 27.900000 -5.100000
0.014404 0.005127 1.039551 0.000000 0.023413 -0.019156 13.500000 26.700001 -4.500000
0.014160 0.016357 1.023682 -0.001064 0.026606 -0.004257 11.400000 25.200001 -4.200000
0.010498 -0.016357 0.974854 0.005321 0.026606 0.030863 13.200000 25.799999 -6.000000
0.014404 0.031250 1.051025 -0.017028 0.022349 0.036184 12.900000 24.900000 -3.900000
0.010010 0.019287 1.002686 -0.018092 0.024477 0.032991 11.400000 27.000000 -3.600000
0.016602 0.013428 1.034424 0.004257 0.023413 0.038312 12.000000 26.400000 -4.800000
0.012695 0.027344 1.027832 0.021284 0.026606 0.013835 11.400000 25.799999 -4.800000
0.013916 0.012939 1.004150 -0.020220 0.021284 0.032991 12.000000 25.200001 -4.200000
0.019043 0.014648 1.021973 0.008514 0.026606 0.028734 13.800000 26.400000 -3.600000
0.005859 0.008301 0.994141 -0.021284 0.022349 0.035119 12.300000 24.900000 -4.500000
0.006104 0.013672 1.018066 -0.020220 0.020220 0.027670 11.700000 26.700001 -4.500000
0.007080 0.003662 0.997559 0.004257 0.022349 0.047890 12.600000 25.200001 -4.800000
0.021729 0.033447 1.028564 -0.042569 0.017028 0.034055 12.600000 26.400000 -3.000000
0.010254 0.027588 1.007812 -0.001064 0.023413 0.012771 12.600000 24.600000 -4.800000
0.011475 0.028809 1.001709 -0.041505 0.020220 -0.015963 11.700000 26.100000 -3.900000
0.017334 0.007324 1.012207 0.019156 0.025541 0.007450 12.600000 25.200001 -2.400000
0.003662 0.030273 1.026855 -0.041505 0.022349 0.034055 12.000000 25.799999 -3.600000
0.012451 0.023926 1.012939 -0.020220 0.023413 0.051083 11.700000 24.900000 -5.100000
0.020020 0.034424 1.017822 -0.021284 0.022349 0.047890 11.400000 27.000000 -3.600000
0.012451 0.020508 1.018799 -0.024477 0.022349 0.026606 12.000000 25.200001 -4.800000
0.017822 0.027588 1.024902 -0.057468 0.017028 0.018092 12.300000 25.500000 -5.100000
0.013672 0.003906 1.021729 -0.068110 0.020220 0.058532 11.100000 25.500000 -4.500000
0.016113 -0.006592 1.020508 0.060661 0.025541 0.034055 13.200000 24.000000 -3.600000
0.001465 0.036865 1.010498 -0.014899 0.019156 0.015963 12.900000 24.299999 -5.100000
0.007324 0.018555 1.013428 -0.012771 0.022349 0.019156 12.900000 24.299999 -5.700000
0.008789 0.021240 1.018555 -0.017028 0.023413 0.018092 12.300000 25.500000 -3.300000
0.011230 0.018799 1.016357 -0.012771 0.022349 0.018092 12.900000 25.500000 -3.300000
0.012207 0.027588 1.017578 -0.013835 0.019156 0.013835 12.900000 24.299999 -5.100000
0.017334 0.016602 1.021973 -0.015963 0.020220 0.020220 12.600000 26.400000 -4.800000
0.016357 0.019043 1.018555 -0.015963 0.023413 0.014899 14.100000 25.500000 -3.900000
0.017090 0.021240 1.020508 -0.017028 0.023413 0.018092 11.100000 25.500000 -3.900000
0.010254 0.017090 1.028320 -0.017028 0.021284 0.018092 12.900000 25.500000 -3.300000
0.012207 0.019043 1.021729 -0.013835 0.021284 0.015963 12.600000 26.400000 -4.800000
0.016357 0.020020 1.030029 -0.015963 0.021284 0.018092 12.600000 25.799999 -4.200000
0.008057 0.016846 1.022461 -0.013835 0.022349 0.020220 11.700000 24.299999 -4.500000
0.007812 0.021240 1.026123 -0.015963 0.021284 0.018092 12.900000 24.900000 -3.900000
0.012695 0.020508 1.027344 -0.015963 0.021284 0.018092 12.000000 24.600000 -4.200000
0.010254 0.017090 1.026855 -0.014899 0.020220 0.018092 12.900000 27.299999 -3.300000
0.006104 0.015869 1.019043 -0.015963 0.024477 0.020220 12.600000 25.200001 -5.400000
0.013672 0.019775 1.018555 -0.015963 0.020220 0.017028 12.900000 26.100000 -3.900000
0.013184 0.017578 1.019531 -0.011706 0.022349 0.020220 12.000000 26.400000 -5.400000
0.006348 0.020996 1.031250 -0.018092 0.022349 0.021284 13.800000 24.600000 -4.800000
0.012695 0.019043 1.020508 -0.012771 0.023413 0.020220 13.500000 23.700001 -4.500000
0.017334 0.016846 1.033936 -0.018092 0.022349 0.017028 12.600000 25.200001 -3.600000
0.012695 0.019775 1.020264 -0.011706 0.022349 0.018092 14.400000 24.000000 -4.200000
0.008301 0.019531 1.021729 -0.017028 0.023413 0.020220 13.200000 25.200001 -4.800000
0.011963 0.025391 1.030762 -0.014899 0.022349 0.020220 11.700000 26.700001 -3.300000
0.008545 0.016846 1.021240 -0.014899 0.023413 0.019156 12.000000 26.400000 -4.800000
0.013184 0.013916 1.021973 -0.013835 0.022349 0.020220 14.100000 26.700001 -3.300000
0.016357 0.021484 1.022949 -0.017028 0.019156 0.018092 13.500000 27.299999 -3.900000
0.017334 0.022461 1.029785 -0.014899 0.022349 0.018092 12.000000 25.799999 -2.400000
0.011963 0.021484 1.032715 -0.014899 0.023413 0.022349 13.800000 25.200001 -3.600000
0.008057 0.014648 1.030762 -0.015963 0.022349 0.015963 12.300000 24.900000 -3.900000
0.016602 0.019043 1.022949 -0.014899 0.022349 0.015963 12.600000 25.799999 -4.200000
0.021973 0.017334 1.015869 -0.014899 0.021284 0.018092 11.700000 26.700001 -3.300000
0.014160 0.019043 1.021729 -0.019156 0.022349 0.017028 12.900000 26.100000 -3.900000
0.021973 0.021729 1.017822 -0.015963 0.023413 0.020220 12.900000 24.299999 -3.300000
0.011230 0.023193 1.027832 -0.011706 0.023413 0.017028 12.000000 25.799999 -3.600000
0.012695 0.023682 1.023438 -0.020220 0.020220 0.019156 12.600000 26.400000 -3.000000
0.007812 0.021729 1.024902 -0.012771 0.023413 0.019156 12.300000 25.500000 -3.900000
0.010742 0.023682 1.021973 -0.012771 0.024477 0.020220 12.900000 24.900000 -3.300000
0.010254 0.020752 1.020508 -0.015963 0.022349 0.019156 12.600000 26.400000 -3.600000
0.014893 0.023438 1.022217 -0.017028 0.023413 0.014899 12.000000 27.000000 -5.400000
0.008545 0.019043 1.032715 -0.014899 0.020220 0.018092 13.500000 25.500000 -4.500000
0.015625 0.019775 1.020996 -0.014899 0.020220 0.015963 13.800000 24.600000 -4.200000
0.016113 0.017578 1.024414 -0.015963 0.022349 0.015963 12.600000 26.400000 -4.200000
0.012451 0.022949 1.017090 -0.012771 0.022349 0.020220 13.500000 24.900000 -4.500000
0.016846 0.023926 1.022217 -0.013835 0.023413 0.017028 13.200000 26.400000 -4.800000
0.011230 0.022461 1.025635 -0.015963 0.023413 0.020220 13.800000 25.799999 -6.000000
0.013184 0.021484 1.021240 -0.014899 0.021284 0.021284 13.500000 24.900000 -6.300000
0.011963 0.019531 1.016602 -0.015963 0.019156 0.015963 12.600000 25.799999 -3.000000
0.015625 0.018066 1.027344 -0.017028 0.023413 0.021284 12.000000 26.400000 -3.600000
0.010986 0.024170 1.029297 -0.015963 0.021284 0.018092 10.800000 26.400000 -4.200000
0.014160 0.019043 1.025146 -0.014899 0.023413 0.018092 13.800000 26.400000 -4.200000
0.018799 0.021973 1.021484 -0.014899 0.022349 0.018092 13.200000 25.799999 -4.200000
0.015625 0.016113 1.022705 -0.018092 0.022349 0.019156 12.000000 25.799999 -4.200000
0.007080 0.020020 1.023682 -0.011706 0.022349 0.020220 12.300000 24.900000 -3.900000
0.015869 0.021729 1.029297 -0.015963 0.021284 0.020220 12.300000 24.900000 -4.500000
0.014648 0.016602 1.019775 -0.013835 0.023413 0.019156 14.700000 25.500000 -5.100000
0.012451 0.014893 1.017578 -0.014899 0.022349 0.017028 11.100000 26.700001 -4.500000
0.023438 0.015869 1.020508 -0.015963 0.023413 0.015963 12.000000 25.799999 -3.600000
0.017090 0.018066 1.017578 -0.014899 0.022349 0.017028 12.600000 26.400000 -4.800000
0.015625 0.022705 1.031738 -0.011706 0.021284 0.017028 14.100000 26.100000 -3.900000
0.014648 0.028320 1.018555 -0.018092 0.021284 0.018092 13.800000 25.799999 -3.600000
0.014893 0.016846 1.032959 -0.013835 0.022349 0.015963 13.200000 25.799999 -4.200000
0.010498 0.016113 1.012939 -0.013835 0.021284 0.019156 12.300000 25.500000 -5.100000
0.013428 0.022949 1.020508 -0.012771 0.020220 0.019156 12.600000 24.600000 -5.400000
0.011475 0.018555 1.021484 -0.015963 0.024477 0.019156 14.100000 24.299999 -3.900000
0.020264 0.015381 1.021484 -0.015963 0.023413 0.018092 11.700000 25.500000 -3.300000
0.018799 0.027100 1.025146 -0.020220 0.022349 0.017028 13.800000 25.799999 -4.200000
0.009033 0.018311 1.020996 -0.017028 0.020220 0.018092 10.800000 25.200001 -5.400000
0.022461 0.025391 1.028564 -0.015963 0.024477 0.019156 12.300000 26.100000 -3.300000
0.017822 0.018311 1.024414 -0.012771 0.022349 0.021284 12.300000 27.299999 -4.500000
0.016113 0.015869 1.015869 -0.013835 0.021284 0.018092 11.700000 24.900000 -3.900000
0.014648 0.019043 1.022949 -0.013835 0.022349 0.017028 12.600000 26.400000 -4.200000
0.014404 0.014160 1.016357 -0.017028 0.024477 0.020220 12.300000 26.700001 -4.500000
0.016357 0.020020 1.013916 -0.010642 0.021284 0.018092 11.700000 26.100000 -4.500000
0.012451 0.021729 1.034180 -0.021284 0.022349 0.018092 12.900000 26.700001 -5.100000
0.014160 0.013916 1.011475 -0.012771 0.024477 0.015963 11.400000 24.000000 -4.200000
0.001221 0.020508 1.028809 -0.014899 0.023413 0.020220 12.300000 25.500000 -2.700000
0.011963 0.020020 1.019043 -0.010642 0.022349 0.018092 12.600000 25.200001 -3.600000
0.014404 0.018555 1.022949 -0.017028 0.021284 0.014899 12.600000 27.000000 -5.400000
0.014404 0.019287 1.020996 -0.011706 0.025541 0.019156 13.500000 27.299999 -4.500000
0.013184 0.022949 1.024170 -0.018092 0.025541 0.017028 13.500000 26.700001 -3.300000
0.015625 0.020996 1.011475 -0.013835 0.024477 0.022349 14.100000 24.900000 -5.100000
0.009521 0.024658 1.016113 -0.012771 0.021284 0.017028 12.300000 28.500000 -5.700000
0.011963 0.015137 1.020996 -0.017028 0.024477 0.018092 12.600000 25.799999 -4.200000
0.005371 0.019043 1.023438 -0.013835 0.022349 0.019156 12.000000 24.600000 -2.400000
0.012207 0.029541 1.019775 -0.014899 0.022349 0.018092 13.200000 26.400000 -4.200000
0.017822 0.013916 1.020508 -0.014899 0.023413 0.017028 12.000000 26.400000 -4.800000
0.015625 0.015869 1.022461 -0.013835 0.022349 0.018092 11.700000 26.100000 -3.900000
0.013672 0.022217 1.021729 -0.013835 0.024477 0.017028 12.300000 24.900000 -3.900000
0.014160 0.021729 1.021729 -0.012771 0.023413 0.021284 11.700000 26.700001 -5.100000
0.011719 0.011963 1.025391 -0.019156 0.021284 0.018092 12.000000 27.000000 -4.200000
0.017090 0.018799 1.023193 -0.015963 0.022349 0.017028 13.200000 25.799999 -4.200000
0.009766 0.024170 1.031250 -0.017028 0.024477 0.019156 11.400000 27.600000 -3.600000
0.006348 0.013184 1.020020 -0.014899 0.021284 0.019156 12.300000 24.900000 -3.900000
0.015381 0.022949 1.020752 -0.014899 0.024477 0.020220 13.200000 25.799999 -4.800000
