0.000000 0.000000 3336467212297865028173824.000000 0.000000 0.000000 0.000000 -0.000000 0.007825 92832698204160.000000
-0.036133 -0.005127 -0.963379 -0.013835 0.027670 0.020220 0.000000 48.599998 66.000000
-0.036621 -0.003906 -0.972900 -0.014899 0.023413 0.021284 -0.600000 48.000000 63.000000
-0.040771 0.003174 -0.971924 -0.014899 0.022349 0.019156 1.500000 47.700001 64.500000
-0.035889 -0.001709 -0.973633 -0.012771 0.024477 0.020220 2.700000 45.299999 64.500000
-0.039795 0.002930 -0.978760 -0.013835 0.025541 0.019156 -0.300000 47.700001 64.500000
-0.029053 -0.007080 -0.971924 -0.015963 0.024477 0.018092 1.200000 46.200001 63.599998
-0.033691 -0.005371 -0.977051 -0.010642 0.026606 0.017028 1.800000 46.799999 64.199997
-0.030762 -0.003418 -0.972900 -0.012771 0.024477 0.020220 2.100000 44.700001 62.700001
-0.041504 -0.009521 -0.970947 -0.012771 0.027670 0.019156 1.800000 46.799999 61.200001
-0.042480 0.000000 -0.976074 -0.013835 0.023413 0.021284 1.200000 47.400002 61.799999
-0.038574 0.001709 -0.966064 -0.012771 0.023413 0.013835 1.800000 46.200001 61.799999
-0.029541 -0.002686 -0.977295 -0.010642 0.027670 0.019156 1.800000 45.599998 61.200001
-0.032471 -0.001953 -0.960693 -0.012771 0.026606 0.019156 0.300000 45.900002 60.299999
-0.033203 -0.005615 -0.973877 -0.013835 0.024477 0.020220 0.600000 48.000000 61.200001
-0.037842 -0.001221 -0.979004 -0.010642 0.027670 0.018092 0.600000 49.200001 60.000000
-0.034180 -0.004395 -0.974609 -0.010642 0.026606 0.018092 -1.800000 50.400002 60.599998
-0.029541 -0.003418 -0.975342 -0.010642 0.024477 0.020220 -2.700000 49.500000 61.500000
-0.032715 -0.000732 -0.972168 -0.015963 0.022349 0.020220 -1.500000 50.700001 61.500000
-0.028320 -0.007568 -0.974365 -0.015963 0.022349 0.018092 -4.200000 52.799999 61.799999
-0.028809 0.000488 -0.972412 -0.011706 0.026606 0.018092 -6.300000 54.299999 60.900002
-0.041260 -0.001953 -0.979492 -0.012771 0.024477 0.019156 -8.400000 52.200001 58.200001
-0.032715 0.001465 -0.978516 -0.012771 0.026606 0.022349 -11.400000 52.799999 60.599998
-0.037109 0.001953 -0.974121 -0.013835 0.021284 0.020220 -16.799999 49.799999 61.200001
-0.024902 -0.009521 -0.971436 -0.013835 0.027670 0.019156 -18.600000 46.799999 62.400002
-0.035889 -0.001221 -0.973389 -0.012771 0.027670 0.021284 -22.799999 43.200001 61.799999
-0.031738 -0.002686 -0.984619 -0.010642 0.026606 0.021284 -21.299999 39.299999 61.500000
-0.031494 -0.002686 -0.979248 -0.012771 0.025541 0.017028 -22.500000 36.900002 62.099998
-0.031982 0.004150 -0.969727 -0.015963 0.027670 0.018092 -24.299999 35.700001 59.700001
-0.033936 0.000000 -0.970215 -0.017028 0.024477 0.018092 -23.400000 37.799999 58.200001
-0.028809 0.001953 -0.968262 -0.019156 0.021284 0.017028 -24.000000 37.799999 57.000000
-0.040771 -0.005371 -0.974365 -0.010642 0.026606 0.019156 -28.500000 39.299999 56.700001
-0.035400 0.002441 -0.984131 -0.011706 0.025541 0.020220 -29.700001 39.299999 53.099998
-0.034424 0.000732 -0.975586 -0.014899 0.023413 0.021284 -34.799999 41.400002 50.400002
-0.034180 -0.000732 -0.977051 -0.011706 0.023413 0.015963 -33.000000 41.400002 48.599998
-0.033203 -0.000488 -0.973145 -0.015963 0.026606 0.018092 -36.299999 41.099998 49.500000
-0.036865 0.004395 -0.975830 -0.011706 0.026606 0.015963 -37.799999 40.799999 49.200001
-0.033203 -0.003662 -0.970947 -0.013835 0.025541 0.017028 -39.299999 42.299999 45.299999
-0.032471 -0.001709 -0.966064 -0.014899 0.025541 0.019156 -39.900002 42.299999 47.700001
-0.034424 -0.003174 -0.968506 -0.011706 0.023413 0.017028 -41.400002 42.000000 46.200001
-0.036133 -0.005859 -0.968994 -0.017028 0.023413 0.018092 -42.000000 43.200001 46.799999
-0.029541 -0.003662 -0.973145 -0.015963 0.025541 0.019156 -41.400002 41.400002 47.400002
-0.030762 0.001465 -0.975586 -0.012771 0.026606 0.021284 -41.099998 41.700001 47.700001
-0.038330 0.008545 -0.974121 -0.012771 0.026606 0.018092 -38.700001 35.700001 47.099998
-0.034180 -0.006836 -0.979248 -0.014899 0.025541 0.017028 -32.400002 31.200001 43.200001
-0.039062 -0.004395 -0.970215 -0.013835 0.027670 0.017028 -27.600000 22.799999 42.000000
-0.037598 -0.001709 -0.970703 0.237322 -0.024477 0.020220 -25.200001 19.799999 38.400002
0.114014 -0.090332 -0.681152 0.013835 0.013835 0.015963 -23.400000 19.799999 40.200001
0.009766 -0.098389 -0.779785 -0.008514 0.052147 -0.001064 -27.600000 23.400000 39.000000
-0.084229 0.027344 -1.016357 0.006385 0.041505 0.027670 -33.299999 31.500000 42.900002
-0.026611 -0.001953 -0.905762 -0.002128 0.001064 0.034055 -36.599998 40.200001 53.400002
-0.036133 0.012939 -1.031250 -0.026606 0.022349 0.012771 -35.099998 44.099998 59.700001
-0.023682 -0.030029 -0.983887 -0.011706 0.015963 0.010642 -32.700001 42.900002 63.900002
-0.033691 -0.014160 -0.971191 -0.008514 0.037248 0.011706 -31.500000 45.299999 68.099998
-0.045166 -0.001953 -0.957275 -0.007450 0.027670 0.022349 -30.299999 47.700001 69.300003
-0.041260 0.013916 -0.972900 -0.021284 0.026606 0.020220 -30.000000 46.200001 70.199997
-0.036865 0.001709 -0.969727 -0.018092 0.014899 0.018092 -28.200001 48.000000 69.000000
-0.031494 -0.012695 -0.983887 -0.019156 0.026606 0.015963 -25.500000 51.299999 68.699997
-0.033447 -0.006348 -0.978760 -0.013835 0.023413 0.018092 -24.600000 54.000000 68.400002
-0.048584 -0.007568 -0.965820 -0.008514 0.028734 0.019156 -23.700001 55.500000 66.900002
-0.037354 0.004639 -0.977539 -0.009578 0.025541 0.019156 -21.000000 57.000000 68.400002
-0.038330 -0.007568 -0.966797 -0.014899 0.025541 0.018092 -17.400000 57.599998 67.199997
-0.035156 -0.000732 -0.977539 -0.012771 0.024477 0.022349 -11.700000 56.700001 66.900002
-0.033936 -0.001953 -0.976562 -0.014899 0.024477 0.020220 -9.300000 56.099998 66.900002
-0.034424 0.000732 -0.968262 -0.011706 0.026606 0.015963 -5.100000 51.299999 66.900002
-0.031250 0.000000 -0.969238 -0.011706 0.024477 0.017028 -3.900000 49.500000 66.900002
-0.037354 -0.004150 -0.981445 -0.013835 0.024477 0.017028 -1.200000 49.799999 67.800003
-0.039551 0.001465 -0.971436 -0.013835 0.024477 0.018092 0.000000 48.599998 67.800003
-0.040039 -0.003662 -0.977051 -0.017028 0.022349 0.017028 0.300000 45.900002 67.500000
-0.029541 0.002441 -0.973633 -0.013835 0.024477 0.018092 0.600000 48.000000 69.000000
-0.031982 -0.002686 -0.975098 -0.012771 0.022349 0.018092 0.900000 44.099998 68.099998
-0.040039 0.000977 -0.980713 -0.013835 0.023413 0.021284 2.100000 44.099998 70.500000
-0.031738 -0.004883 -0.973877 -0.010642 0.024477 0.017028 0.600000 43.799999 69.000000
-0.039062 -0.004883 -0.978027 -0.013835 0.025541 0.015963 2.700000 45.299999 69.300003
-0.037842 -0.002930 -0.979980 -0.012771 0.026606 0.019156 2.100000 45.299999 71.699997
-0.033691 -0.001465 -0.976562 -0.012771 0.026606 0.018092 1.800000 45.599998 71.400002
-0.031250 -0.001221 -0.974121 -0.011706 0.024477 0.018092 0.000000 46.200001 72.599998
-0.035400 -0.002197 -0.977051 -0.012771 0.022349 0.017028 -0.300000 48.900002 74.699997
-0.038330 -0.008301 -0.986572 -0.013835 0.021284 0.017028 0.600000 48.599998 75.000000
-0.033691 0.000977 -0.969238 -0.017028 0.023413 0.017028 0.000000 51.000000 76.800003
-0.041748 -0.004883 -0.975342 -0.014899 0.025541 0.017028 -1.800000 50.400002 77.400002
-0.045654 0.003662 -0.973877 -0.011706 0.023413 0.018092 -3.300000 53.099998 84.300003
-0.040527 -0.001465 -0.976318 -0.015963 0.022349 0.019156 -5.100000 52.500000 84.300003
-0.036133 -0.007812 -0.977539 -0.014899 0.024477 0.018092 -6.900000 51.900002 86.699997
-0.035400 -0.004883 -0.967041 -0.014899 0.024477 0.017028 -11.700000 51.299999 88.500000
-0.035400 0.001465 -0.981689 -0.013835 0.028734 0.015963 -12.600000 47.400002 88.800003
-0.039307 -0.000488 -0.978516 -0.011706 0.023413 0.018092 -15.600000 45.599998 87.599998
-0.032227 -0.000732 -0.976074 -0.012771 0.022349 0.018092 -17.400000 40.200001 88.800003
-0.034668 -0.002197 -0.972900 -0.014899 0.025541 0.018092 -16.799999 37.200001 87.599998
-0.036133 -0.001709 -0.974609 -0.011706 0.024477 0.017028 -19.799999 36.000000 85.199997
-0.036621 0.000488 -0.974609 -0.015963 0.022349 0.020220 -19.500000 33.299999 83.699997
-0.036621 -0.000977 -0.974121 -0.013835 0.025541 0.020220 -21.900000 30.900000 83.099998
-0.031006 -0.005127 -0.974121 -0.012771 0.024477 0.019156 -20.700001 30.900000 82.500000
-0.027832 -0.002930 -0.969238 -0.014899 0.026606 0.017028 -22.200001 28.799999 81.599998
-0.031982 -0.001953 -0.973633 -0.013835 0.023413 0.020220 -22.500000 29.100000 81.900002
-0.035889 -0.000244 -0.970703 -0.012771 0.024477 0.015963 -24.000000 28.799999 82.800003
-0.042969 -0.002197 -0.975586 -0.012771 0.027670 0.017028 -23.400000 29.400000 82.199997
-0.036133 -0.000977 -0.975586 -0.012771 0.024477 0.017028 -23.100000 27.900000 80.099998
-0.038330 -0.000977 -0.977539 -0.011706 0.024477 0.018092 -22.500000 27.900000 78.900002
-0.033936 0.000000 -0.972900 -0.012771 0.024477 0.019156 -24.299999 28.500000 80.099998
-0.030029 -0.001709 -0.970215 -0.012771 0.024477 0.019156 -22.200001 27.600000 79.199997
-0.030762 -0.005127 -0.971680 -0.014899 0.023413 0.020220 -22.799999 27.000000 79.800003
-0.033691 -0.007568 -0.978027 -0.014899 0.024477 0.021284 -24.600000 29.400000 78.599998
-0.033447 -0.002197 -0.973633 -0.015963 0.025541 0.022349 -24.600000 28.200001 78.599998
-0.034668 -0.005859 -0.968750 -0.011706 0.025541 0.019156 -23.400000 28.799999 80.400002
-0.029297 -0.011719 -0.972412 -0.014899 0.025541 0.014899 -22.799999 28.200001 80.400002
-0.033203 -0.002441 -0.976807 -0.017028 0.024477 0.018092 -26.100000 27.299999 80.699997
-0.033447 -0.005371 -0.972412 -0.012771 0.023413 0.017028 -27.299999 28.500000 80.099998
-0.034912 0.000732 -0.978516 -0.012771 0.025541 0.017028 -29.700001 29.100000 77.699997
-0.040039 0.001465 -0.979980 -0.015963 0.025541 0.019156 -34.200001 27.000000 78.599998
-0.031982 -0.002930 -0.983398 -0.012771 0.026606 0.017028 -36.900002 27.900000 78.900002
0.083252 -0.116943 -1.365479 -0.145799 -0.006385 0.276698 -36.299999 27.299999 78.300003
-0.063232 0.147461 -0.761963 -0.067046 0.035119 0.089395 -36.900002 29.100000 77.099998
0.283447 0.078369 -0.936768 0.091523 -0.126643 0.040441 -32.700001 28.500000 78.900002
0.031494 0.128418 -0.977295 0.106422 -0.041505 0.008514 -29.700001 30.900000 79.500000
0.080811 0.072266 -0.901855 -0.026606 0.060661 0.035119 -25.200001 29.400000 78.599998
-0.019775 -0.102783 -0.829102 -0.005321 0.058532 0.006385 -25.500000 29.100000 78.300003
-0.067139 0.056396 -1.006348 0.034055 0.029798 0.029798 -23.700001 30.900000 78.900002
-0.057129 0.021729 -0.903320 -0.020220 0.045762 0.014899 -21.600000 30.000000 78.599998
-0.017090 0.027100 -0.995117 -0.035119 0.013835 0.015963 -20.700001 30.299999 78.900002
-0.019287 -0.035400 -0.987061 -0.011706 0.002128 0.018092 -20.400000 30.000000 79.800003
-0.036865 -0.014160 -0.962158 -0.009578 0.044697 0.013835 -19.500000 30.299999 78.900002
-0.046631 0.013184 -0.962891 -0.007450 0.030863 0.018092 -18.600000 30.000000 76.800003
-0.044434 -0.004639 -0.962646 -0.015963 0.019156 0.020220 -18.900000 30.299999 77.699997
-0.025146 -0.004883 -0.994629 -0.024477 0.022349 0.020220 -18.000000 32.400002 78.000000
-0.032227 -0.012939 -0.976807 -0.018092 0.019156 0.018092 -17.700001 32.099998 77.699997
-0.031738 -0.011475 -0.992920 -0.013835 0.030863 0.017028 -16.500000 32.099998 77.699997
-0.041016 0.004639 -0.969971 -0.007450 0.029798 0.019156 -16.500000 34.500000 78.300003
-0.039795 0.005615 -0.968018 -0.014899 0.026606 0.019156 -15.900000 33.299999 77.699997
-0.040527 -0.003418 -0.966797 -0.013835 0.020220 0.019156 -15.300000 36.299999 78.900002
-0.031738 -0.006348 -0.981934 -0.018092 0.020220 0.018092 -13.200000 34.799999 78.000000
-0.030762 -0.006592 -0.971191 -0.012771 0.022349 0.020220 -13.200000 36.599998 76.800003
-0.036377 -0.000977 -0.972168 -0.012771 0.028734 0.020220 -12.900000 38.099998 78.900002
-0.032227 0.000488 -0.975098 -0.015963 0.027670 0.020220 -13.500000 38.099998 76.500000
-0.035645 -0.005615 -0.970459 -0.017028 0.021284 0.020220 -10.800000 37.200001 77.400002
-0.038330 -0.004883 -0.970215 -0.013835 0.023413 0.018092 -9.900000 40.500000 76.500000
-0.034912 -0.003174 -0.983887 -0.012771 0.023413 0.017028 -11.400000 40.200001 76.199997
-0.034668 -0.007080 -0.966797 -0.008514 0.024477 0.020220 -9.000000 40.799999 76.199997
-0.037598 -0.002686 -0.974609 -0.013835 0.022349 0.019156 -7.800000 40.200001 74.400002
-0.037109 -0.004639 -0.974365 -0.014899 0.023413 0.017028 -9.000000 40.200001 75.000000
-0.037109 -0.004150 -0.982178 -0.012771 0.025541 0.019156 -8.400000 42.000000 76.800003
-0.035400 -0.002441 -0.978516 -0.013835 0.024477 0.017028 -7.500000 42.900002 75.300003
-0.031738 -0.004395 -0.966553 -0.017028 0.027670 0.017028 -7.500000 46.500000 74.699997
-0.035156 -0.003906 -0.968262 -0.014899 0.023413 0.020220 -7.800000 50.400002 77.400002
-0.041504 -0.002930 -0.971191 -0.011706 0.022349 0.017028 -7.500000 54.900002 76.500000
-0.037598 0.000732 -0.984131 -0.013835 0.024477 0.019156 -6.600000 58.200001 78.000000
-0.032227 -0.001709 -0.967285 -0.012771 0.023413 0.018092 -5.400000 66.000000 77.400002
-0.032227 -0.002686 -0.979248 -0.009578 0.025541 0.021284 -5.100000 70.500000 77.699997
-0.034668 -0.005371 -0.978516 -0.011706 0.025541 0.020220 -5.100000 75.300003 78.900002
-0.033447 -0.006348 -0.978271 -0.012771 0.024477 0.018092 -5.700000 80.099998 80.699997
-0.038086 -0.006348 -0.981201 -0.014899 0.024477 0.018092 -4.200000 84.599998 82.199997
-0.038086 0.000977 -0.966064 -0.015963 0.021284 0.017028 -3.300000 87.900002 84.900002
-0.031738 -0.002686 -0.976562 -0.013835 0.024477 0.017028 -4.200000 87.599998 87.599998
-0.033936 -0.009033 -0.982422 -0.012771 0.025541 0.020220 -2.400000 88.800003 89.400002
-0.035645 -0.006104 -0.972168 -0.014899 0.022349 0.018092 -0.600000 84.000000 88.800003
-0.035889 0.002930 -0.977539 -0.018092 0.023413 0.019156 -3.300000 78.900002 91.500000
-0.036133 -0.001953 -0.969238 -0.012771 0.022349 0.015963 -1.800000 76.800003 90.599998
-0.035889 -0.004150 -0.972168 -0.014899 0.025541 0.019156 -0.900000 75.300003 92.699997
-0.036377 -0.004395 -0.979004 -0.013835 0.025541 0.019156 -2.400000 76.199997 92.400002
-0.041260 0.003662 -0.968994 -0.012771 0.024477 0.019156 -1.500000 78.300003 92.099998
-0.038330 0.000732 -0.969971 -0.013835 0.025541 0.020220 0.000000 80.400002 94.199997
-0.040283 -0.008057 -0.971191 -0.012771 0.023413 0.015963 2.400000 82.800003 94.199997
-0.036865 -0.004639 -0.971191 -0.012771 0.023413 0.020220 3.300000 81.900002 94.500000
-0.031250 -0.005859 -0.969727 -0.014899 0.025541 0.017028 6.000000 81.599998 96.000000
-0.034180 -0.000244 -0.976074 -0.011706 0.023413 0.017028 6.000000 81.000000 96.000000
-0.032959 -0.000732 -0.969238 -0.014899 0.023413 0.021284 7.500000 78.900002 95.699997
-0.038330 -0.003174 -0.972900 -0.014899 0.023413 0.015963 8.700000 77.699997 96.900002
-0.035400 -0.000244 -0.974609 -0.011706 0.023413 0.017028 8.700000 77.099998 96.300003
-0.025391 0.001465 -0.976074 -0.013835 0.024477 0.018092 11.100000 75.900002 96.900002
-0.028076 -0.000488 -0.979004 -0.014899 0.025541 0.018092 12.600000 78.000000 96.599998
-0.036377 0.000488 -0.970703 -0.017028 0.026606 0.020220 14.100000 80.099998 98.099998
-0.037354 -0.002441 -0.963867 -0.012771 0.024477 0.015963 14.700000 80.099998 98.099998
-0.033691 -0.005371 -0.974365 -0.014899 0.025541 0.015963 18.000000 80.400002 97.800003
-0.035645 0.002197 -0.972900 -0.013835 0.026606 0.018092 15.300000 78.900002 96.900002
-0.033691 -0.006592 -0.972656 -0.012771 0.024477 0.017028 17.400000 80.400002 99.599998
-0.031006 0.006836 -0.973877 -0.010642 0.025541 0.018092 16.200001 81.000000 99.599998
-0.034424 0.000732 -0.982178 -0.013835 0.026606 0.019156 18.900000 84.900002 101.099998
-0.037354 -0.006592 -0.975098 -0.014899 0.025541 0.019156 23.100000 92.099998 101.099998
-0.029785 0.002441 -0.970947 -0.013835 0.025541 0.021284 30.000000 103.800003 107.400002
-0.033203 -0.003662 -0.975586 -0.015963 0.026606 0.018092 40.500000 120.900002 109.500000
-0.032715 -0.005859 -0.960693 -0.012771 0.024477 0.020220 54.299999 138.300003 113.699997
-0.009521 -0.303711 -1.050293 -0.034055 0.018092 0.079817 55.799999 142.199997 112.199997
-0.040039 -0.003418 -1.005859 -0.015963 0.023413 0.009578 50.700001 135.899994 108.300003
-0.034668 -0.058105 -1.003906 -0.004257 0.030863 0.006385 42.599998 127.800003 106.800003
-0.057617 -0.012207 -0.956787 -0.003193 0.035119 0.017028 35.400002 117.599998 104.400002
-0.041260 0.010498 -0.957275 -0.020220 0.019156 0.022349 28.799999 105.000000 100.800003
-0.027344 0.013916 -0.981934 -0.019156 0.017028 0.028734 20.100000 92.699997 96.300003
-0.027832 0.008545 -0.986084 -0.008514 0.025541 0.023413 15.600000 85.199997 97.199997
-0.034668 -0.010742 -0.979736 -0.011706 0.027670 0.010642 13.200000 79.199997 93.599998
-0.038330 -0.007568 -0.975586 -0.010642 0.031927 0.018092 12.000000 75.000000 93.599998
-0.039307 0.007080 -0.976318 -0.011706 0.025541 0.024477 10.500000 71.699997 91.500000
-0.044189 0.001953 -0.971191 -0.013835 0.022349 0.021284 10.500000 66.300003 91.500000
-0.035889 -0.000244 -0.984619 -0.015963 0.022349 0.015963 8.100000 66.900002 90.900002
-0.029297 -0.009766 -0.969727 -0.015963 0.023413 0.018092 7.500000 65.099998 90.300003
-0.032471 -0.001221 -0.976562 -0.012771 0.024477 0.021284 7.500000 63.900002 87.900002
-0.032471 0.007080 -0.970703 -0.013835 0.025541 0.020220 9.300000 62.700001 87.900002
-0.032471 0.003662 -0.975098 -0.014899 0.023413 0.019156 8.400000 61.799999 87.000000
-0.032471 0.002930 -0.984619 -0.010642 0.022349 0.019156 9.300000 58.500000 86.699997
-0.037842 -0.006592 -0.977783 -0.018092 0.022349 0.018092 7.200000 58.200001 84.599998
-0.029297 -0.005371 -0.966064 -0.017028 0.028734 0.019156 7.200000 56.400002 84.599998
-0.040039 -0.005371 -0.971436 -0.012771 0.025541 0.017028 4.500000 54.900002 82.500000
-0.033691 -0.003906 -0.972656 -0.015963 0.025541 0.020220 4.500000 52.500000 81.900002
-0.034180 -0.003418 -0.974121 -0.010642 0.023413 0.020220 6.000000 52.200001 80.400002
-0.034912 -0.006836 -0.968506 -0.008514 0.027670 0.019156 6.300000 53.700001 80.099998
-0.033691 -0.007080 -0.976074 -0.013835 0.024477 0.019156 4.500000 52.500000 79.500000
-0.036377 -0.001465 -0.975098 -0.013835 0.023413 0.017028 5.700000 51.900002 80.099998
-0.032471 0.000977 -0.977051 -0.011706 0.024477 0.020220 4.500000 51.900002 79.500000
-0.030518 -0.006348 -0.976318 -0.013835 0.024477 0.019156 5.400000 52.200001 78.599998
-0.038574 -0.005371 -0.976562 -0.011706 0.024477 0.022349 5.100000 50.099998 78.900002
-0.034912 0.002441 -0.960693 -0.009578 0.025541 0.018092 5.100000 51.299999 78.900002
-0.034668 -0.002197 -0.968994 -0.014899 0.026606 0.020220 5.700000 50.700001 77.699997
-0.041260 -0.003418 -0.981201 -0.012771 0.025541 0.019156 4.800000 49.799999 79.800003
-0.036133 -0.005371 -0.976562 -0.013835 0.024477 0.018092 5.700000 50.700001 79.500000
-0.032471 -0.005127 -0.979736 -0.011706 0.025541 0.019156 6.900000 51.299999 79.500000
-0.038818 -0.005371 -0.974609 -0.010642 0.024477 0.018092 7.800000 52.200001 79.199997
-0.039062 0.000244 -0.978516 -0.017028 0.022349 0.019156 8.400000 51.599998 78.599998
-0.034424 -0.005615 -0.981689 -0.013835 0.024477 0.018092 8.400000 54.000000 78.000000
-0.041504 -0.002197 -0.969971 -0.013835 0.026606 0.014899 9.000000 53.400002 79.199997
-0.037109 -0.000732 -0.986328 -0.012771 0.025541 0.018092 11.100000 54.900002 79.500000
-0.034668 -0.001709 -0.974365 -0.015963 0.021284 0.017028 9.600000 53.400002 81.000000
-0.033936 0.001221 -0.966064 -0.014899 0.025541 0.018092 10.800000 54.599998 79.800003
-0.031250 -0.005127 -0.972168 -0.013835 0.024477 0.018092 12.000000 55.799999 79.800003
-0.041504 -0.002686 -0.979736 -0.011706 0.023413 0.017028 12.300000 54.900002 79.500000
-0.039307 -0.006592 -0.971191 -0.014899 0.026606 0.018092 10.800000 55.200001 81.000000
-0.031006 -0.000732 -0.975830 -0.010642 0.023413 0.020220 12.600000 54.599998 80.400002
-0.041992 0.000977 -0.971436 -0.013835 0.022349 0.015963 12.300000 54.900002 80.699997
-0.034424 -0.003662 -0.969482 -0.012771 0.024477 0.020220 12.600000 55.799999 81.599998
-0.040527 -0.002686 -0.962402 -0.015963 0.025541 0.015963 12.600000 55.200001 78.000000
-0.032959 -0.008789 -0.968262 -0.014899 0.025541 0.018092 12.600000 56.400002 78.000000
-0.037109 -0.004639 -0.976074 -0.009578 0.023413 0.018092 13.800000 56.400002 77.400002
-0.034424 0.002197 -0.965332 -0.013835 0.024477 0.018092 13.800000 55.200001 78.000000
-0.032715 -0.003174 -0.977539 -0.011706 0.026606 0.021284 15.300000 55.500000 77.699997
-0.034912 0.002197 -0.977783 -0.013835 0.021284 0.019156 14.700000 56.700001 77.099998
-0.039307 -0.003418 -0.976318 -0.011706 0.023413 0.021284 14.400000 55.200001 76.800003
-0.035645 0.000000 -0.978027 -0.017028 0.025541 0.020220 13.200000 56.400002 78.000000
-0.036133 -0.002197 -0.977539 -0.014899 0.024477 0.021284 13.200000 56.400002 79.199997
-0.035400 0.001953 -0.969238 -0.015963 0.026606 0.022349 13.500000 57.299999 78.300003
-0.032959 -0.001953 -0.974609 -0.011706 0.024477 0.018092 12.000000 57.000000 78.599998
-0.033936 -0.004639 -0.970215 -0.013835 0.021284 0.019156 12.000000 58.799999 80.400002
-0.032227 -0.004883 -0.977539 -0.014899 0.022349 0.019156 11.100000 60.900002 81.300003
-0.035645 -0.000244 -0.978271 -0.012771 0.022349 0.018092 12.300000 59.099998 81.900002
-0.038818 0.000000 -0.970947 -0.015963 0.022349 0.017028 12.600000 57.599998 85.199997
-0.027588 0.000732 -0.980713 -0.012771 0.025541 0.018092 13.200000 63.000000 88.199997
-0.039307 -0.003662 -0.972168 -0.014899 0.024477 0.019156 12.300000 64.500000 92.099998
-0.036621 -0.007568 -0.983154 -0.013835 0.024477 0.020220 11.700000 66.300003 95.699997
-0.034912 0.002441 -0.972412 -0.014899 0.023413 0.018092 12.000000 64.800003 100.800003
-0.032959 0.000977 -0.980713 -0.014899 0.024477 0.018092 11.700000 56.099998 104.099998
-0.037354 -0.007568 -0.968506 -0.011706 0.025541 0.017028 11.700000 49.500000 104.699997
-0.042480 -0.000244 -0.965820 -0.013835 0.021284 0.020220 10.200000 43.200001 106.800003
-0.033447 -0.013184 -0.971436 -0.013835 0.025541 0.018092 8.700000 36.900002 105.300003
-0.039062 0.000488 -0.978027 -0.014899 0.023413 0.015963 9.000000 33.000000 103.800003
-0.037354 0.001465 -0.975586 -0.013835 0.025541 0.017028 6.600000 33.599998 107.400002
-0.043701 0.001221 -0.973877 -0.015963 0.024477 0.020220 5.400000 30.600000 107.400002
-0.042236 -0.001221 -0.979736 -0.014899 0.026606 0.018092 5.400000 30.000000 110.400002
-0.035645 -0.001221 -0.963623 -0.011706 0.026606 0.021284 6.900000 29.100000 111.900002
-0.038574 -0.009277 -0.974609 -0.011706 0.023413 0.019156 6.300000 26.700001 114.900002
-0.031982 -0.008057 -0.970459 -0.013835 0.023413 0.017028 8.400000 27.600000 120.599998
-0.038574 -0.007324 -0.977539 -0.014899 0.023413 0.020220 9.000000 31.200001 130.199997
-0.037842 -0.004395 -0.976074 -0.018092 0.026606 0.018092 9.900000 35.700001 146.699997
0.007080 -0.023438 -1.425049 0.027670 0.001064 -0.114936 9.300000 33.900002 155.100006
-0.154297 -0.039551 -1.170898 0.104294 -0.026606 -0.090459 9.900000 34.500000 155.699997
-0.051270 0.044678 -1.155518 -0.077688 0.070239 0.040441 9.600000 32.400002 143.399994
-0.104980 -0.082275 -0.920654 -0.015963 -0.006385 -0.001064 5.100000 30.299999 128.100006
-0.010254 -0.019531 -1.093994 -0.025541 0.018092 0.020220 2.700000 29.100000 114.900002
-0.047607 -0.032227 -0.952637 0.006385 0.029798 0.031927 0.000000 30.600000 107.400002
-0.035400 0.037109 -0.967285 -0.024477 0.041505 0.032991 -1.200000 29.400000 103.199997
-0.040771 0.028564 -0.981201 -0.002128 0.014899 0.018092 -1.500000 30.299999 101.699997
-0.032227 -0.018066 -0.973633 -0.027670 0.028734 0.007450 -3.000000 34.200001 98.400002
-0.025146 -0.023193 -0.984863 -0.009578 0.012771 0.023413 -2.100000 35.700001 99.900002
-0.031494 -0.013916 -0.970703 -0.014899 0.030863 0.024477 -3.600000 39.599998 97.199997
-0.034424 0.023926 -0.992920 -0.012771 0.028734 0.021284 -1.800000 47.400002 98.400002
-0.041748 -0.007324 -0.954102 -0.011706 0.025541 0.013835 -2.700000 52.500000 93.300003
-0.040527 -0.011719 -0.976807 -0.012771 0.024477 0.017028 0.000000 55.799999 85.199997
-0.029297 -0.013428 -0.980713 -0.014899 0.025541 0.015963 1.800000 54.599998 77.400002
-0.029541 0.004639 -0.980469 -0.014899 0.024477 0.022349 1.800000 55.799999 72.000000
-0.031494 0.007324 -0.967285 -0.011706 0.022349 0.022349 0.600000 53.400002 67.800003
-0.031738 -0.009277 -0.961914 -0.015963 0.025541 0.017028 3.600000 51.599998 62.400002
-0.037109 -0.002930 -0.977539 -0.013835 0.021284 0.021284 3.900000 47.099998 61.500000
-0.035889 -0.003906 -0.975098 -0.013835 0.024477 0.019156 3.000000 47.400002 61.200001
-0.036133 0.002930 -0.970703 -0.013835 0.024477 0.021284 3.000000 45.000000 62.400002
-0.031738 -0.005615 -0.970703 -0.011706 0.024477 0.019156 2.400000 41.400002 61.799999
-0.032471 -0.000732 -0.975342 -0.012771 0.024477 0.020220 1.800000 40.799999 63.599998
-0.036377 0.001221 -0.968750 -0.013835 0.022349 0.015963 0.900000 40.500000 65.099998
-0.040771 -0.005615 -0.987061 -0.013835 0.025541 0.015963 0.600000 39.000000 65.400002
-0.030273 -0.002930 -0.985840 -0.014899 0.023413 0.018092 0.600000 37.200001 66.000000
-0.036133 0.001465 -0.968262 -0.015963 0.025541 0.023413 -2.100000 38.099998 66.300003
-0.039795 0.000977 -0.963867 -0.014899 0.025541 0.018092 -1.500000 37.500000 65.699997
-0.038086 0.000488 -0.978027 -0.014899 0.024477 0.020220 -1.500000 35.700001 65.699997
-0.033203 -0.002930 -0.971436 -0.014899 0.027670 0.017028 -3.000000 33.599998 67.800003
-0.041016 -0.000488 -0.970703 -0.014899 0.024477 0.019156 -1.800000 33.000000 67.199997
-0.034668 -0.000244 -0.972168 -0.011706 0.024477 0.017028 -2.100000 33.900002 66.900002
-0.043213 -0.002686 -0.971680 -0.009578 0.024477 0.020220 -3.300000 34.500000 68.699997
-0.029053 -0.006836 -0.974609 -0.013835 0.027670 0.017028 -3.600000 33.000000 67.199997
-0.039062 0.004150 -0.969727 -0.018092 0.022349 0.018092 -2.100000 31.500000 66.900002
-0.038574 0.003174 -0.974609 -0.011706 0.022349 0.021284 -3.300000 33.900002 68.699997
-0.041260 -0.001709 -0.962158 -0.014899 0.022349 0.018092 -2.100000 35.099998 67.500000
-0.071045 -0.011475 -0.976562 -0.020220 0.024477 0.019156 -4.200000 34.200001 69.000000
-0.075439 -0.001709 -1.035156 -0.018092 0.027670 0.020220 -3.000000 34.799999 68.400002
-0.003906 -0.005127 -0.949463 -0.007450 0.023413 0.021284 -2.400000 34.799999 67.800003
-0.046143 -0.009521 -0.983154 -0.008514 0.023413 0.018092 -2.100000 32.099998 68.099998
