-0.007812 -0.028809 -0.976562 -0.013835 0.023413 0.021284 -17.400000 -20.400000 75.599998
-0.010986 -0.021729 -0.977295 -0.013835 0.024477 0.023413 -16.500000 -20.100000 75.300003
-0.011719 -0.021973 -0.977295 -0.012771 0.022349 0.018092 -16.799999 -19.200001 75.000000
-0.008301 -0.029541 -0.970215 -0.011706 0.023413 0.019156 -16.500000 -18.900000 74.099998
-0.009033 -0.029297 -0.974365 -0.012771 0.021284 0.019156 -14.700000 -20.700001 73.500000
-0.010986 -0.022705 -0.979004 -0.014899 0.020220 0.023413 -17.100000 -18.900000 74.699997
-0.009033 -0.016846 -0.976318 -0.013835 0.025541 0.021284 -17.700001 -18.900000 75.900002
-0.010010 -0.023682 -0.974609 -0.009578 0.024477 0.021284 -16.799999 -19.799999 73.800003
-0.008301 -0.025146 -0.979980 -0.012771 0.022349 0.018092 -15.600000 -19.200001 76.199997
-0.010010 -0.020020 -0.985352 -0.013835 0.024477 0.020220 -14.700000 -20.700001 74.699997
-0.012451 -0.028809 -0.974365 -0.015963 0.023413 0.015963 -16.799999 -20.400000 72.599998
-0.007324 -0.022461 -0.987061 -0.013835 0.022349 0.017028 -15.600000 -20.400000 74.400002
-0.008545 -0.027588 -0.973633 -0.011706 0.022349 0.017028 -16.500000 -20.100000 74.099998
-0.007324 -0.023926 -0.982666 -0.012771 0.025541 0.017028 -16.799999 -19.799999 75.000000
-0.011719 -0.025391 -0.976074 -0.014899 0.023413 0.019156 -18.299999 -19.500000 75.300003
-0.009766 -0.026123 -0.977051 -0.010642 0.026606 0.019156 -15.900000 -20.100000 74.699997
-0.004639 -0.018799 -0.982422 -0.012771 0.021284 0.019156 -15.600000 -20.400000 73.199997
-0.005615 -0.026855 -0.985107 -0.013835 0.022349 0.021284 -16.500000 -20.100000 74.099998
-0.005371 -0.023438 -0.979004 -0.015963 0.022349 0.022349 -16.200001 -21.000000 75.599998
-0.020264 -0.022461 -0.970215 -0.017028 0.024477 0.015963 -15.000000 -20.400000 73.199997
-0.008301 -0.021484 -0.985596 -0.013835 0.027670 0.019156 -16.500000 -20.100000 74.099998
-0.004883 -0.031494 -0.978516 -0.010642 0.020220 0.019156 -17.100000 -20.100000 75.300003
-0.013672 -0.021729 -0.973633 -0.013835 0.024477 0.018092 -16.500000 -20.100000 75.900002
-0.012451 -0.022217 -0.985352 -0.012771 0.025541 0.022349 -15.300000 -20.100000 75.300003
-0.012451 -0.025879 -0.964355 -0.011706 0.025541 0.020220 -15.900000 -19.500000 74.699997
-0.010010 -0.020508 -0.980713 -0.012771 0.023413 0.019156 -15.900000 -18.900000 75.300003
-0.012695 -0.024170 -0.980469 -0.010642 0.022349 0.019156 -18.000000 -19.799999 75.000000
-0.010742 -0.023926 -0.976074 -0.012771 0.027670 0.019156 -15.300000 -20.100000 75.300003
-0.005859 -0.024658 -0.980225 -0.009578 0.022349 0.018092 -15.900000 -20.100000 73.500000
-0.011719 -0.025146 -0.981445 -0.011706 0.024477 0.017028 -17.400000 -18.600000 74.400002
-0.011963 -0.021484 -0.971436 -0.013835 0.022349 0.019156 -17.100000 -20.100000 74.099998
-0.006836 -0.023438 -0.972900 -0.015963 0.024477 0.018092 -15.900000 -20.700001 74.699997
-0.007568 -0.026123 -0.975098 -0.013835 0.024477 0.017028 -15.000000 -20.400000 76.199997
-0.007812 -0.027832 -0.975586 -0.012771 0.021284 0.014899 -15.600000 -19.799999 75.000000
-0.009521 -0.025146 -0.971924 -0.014899 0.024477 0.020220 -17.100000 -19.500000 75.300003
-0.013428 -0.020264 -0.977051 -0.012771 0.024477 0.019156 -16.799999 -20.400000 75.000000
-0.003662 -0.024414 -0.986084 -0.013835 0.024477 0.018092 -15.900000 -19.500000 75.300003
-0.006836 -0.021729 -0.977051 -0.011706 0.024477 0.020220 -16.200001 -19.799999 73.800003
-0.005859 -0.026367 -0.978027 -0.010642 0.023413 0.024477 -16.799999 -18.600000 76.199997
-0.015869 -0.021729 -0.982178 -0.014899 0.024477 0.019156 -14.400000 -19.200001 75.000000
-0.010742 -0.021484 -0.983398 -0.013835 0.024477 0.021284 -17.400000 -20.400000 73.800003
-0.004395 -0.025391 -0.964355 -0.013835 0.026606 0.018092 -14.700000 -17.700001 75.900002
-0.006592 -0.026123 -0.975586 -0.012771 0.024477 0.015963 -15.900000 -19.500000 75.900002
-0.011475 -0.027344 -0.986084 -0.013835 0.024477 0.018092 -16.500000 -18.900000 74.699997
-0.000732 -0.027588 -0.975342 -0.012771 0.023413 0.019156 -15.000000 -19.200001 74.400002
-0.009521 -0.027100 -0.971924 -0.011706 0.026606 0.018092 -15.900000 -20.700001 73.500000
-0.013672 -0.027100 -0.975586 -0.015963 0.021284 0.015963 -15.300000 -20.700001 73.500000
-0.016602 -0.027588 -0.966797 -0.015963 0.023413 0.017028 -15.900000 -20.100000 76.500000
-0.010010 -0.024902 -0.983154 -0.011706 0.020220 0.018092 -16.500000 -20.700001 74.699997
-0.008301 -0.025635 -0.977051 -0.013835 0.024477 0.019156 -16.799999 -19.200001 72.599998
-0.009521 -0.025635 -0.973145 -0.012771 0.024477 0.020220 -17.400000 -18.600000 73.800003
-0.009766 -0.023682 -0.984131 -0.014899 0.024477 0.019156 -15.300000 -20.100000 74.099998
-0.003906 -0.031250 -0.983887 -0.012771 0.022349 0.014899 -17.100000 -20.100000 74.699997
-0.014893 -0.025879 -0.978760 -0.013835 0.023413 0.017028 -15.600000 -19.200001 73.800003
-0.015137 -0.029785 -0.981445 -0.014899 0.023413 0.019156 -15.900000 -21.299999 74.099998
-0.010742 -0.025391 -0.978760 -0.014899 0.021284 0.021284 -16.200001 -20.400000 73.800003
-0.010010 -0.029785 -0.981445 -0.011706 0.024477 0.019156 -15.600000 -21.000000 75.599998
-0.007812 -0.021240 -0.984131 -0.014899 0.024477 0.017028 -15.600000 -19.799999 75.000000
-0.007324 -0.021973 -0.985107 -0.013835 0.022349 0.020220 -17.400000 -19.200001 75.000000
-0.014160 -0.023926 -0.977783 -0.012771 0.023413 0.018092 -16.500000 -20.100000 73.500000
-0.014404 -0.020508 -0.975098 -0.014899 0.026606 0.019156 -15.300000 -18.299999 74.699997
-0.003174 -0.020752 -0.977539 -0.014899 0.025541 0.015963 -16.500000 -18.299999 74.699997
-0.013184 -0.021973 -0.986084 -0.012771 0.022349 0.021284 -18.000000 -19.799999 74.400002
-0.013672 -0.024658 -0.979980 -0.012771 0.025541 0.019156 -15.300000 -19.500000 74.099998
-0.008789 -0.029297 -0.980713 -0.011706 0.021284 0.021284 -15.600000 -20.400000 75.000000
-0.010254 -0.026611 -0.978271 -0.013835 0.024477 0.019156 -14.400000 -19.799999 75.599998
-0.009033 -0.019775 -0.984375 -0.015963 0.023413 0.019156 -16.200001 -19.200001 74.400002
-0.007080 -0.022461 -0.977539 -0.014899 0.022349 0.021284 -17.700001 -20.700001 73.500000
-0.008545 -0.023926 -0.974854 -0.014899 0.024477 0.017028 -16.200001 -18.600000 75.000000
-0.004883 -0.020264 -0.973633 -0.017028 0.022349 0.018092 -16.200001 -19.200001 76.199997
-0.009521 -0.024658 -0.976318 -0.014899 0.024477 0.018092 -14.400000 -21.600000 76.800003
-0.009521 -0.024170 -0.989258 -0.014899 0.022349 0.021284 -15.300000 -20.100000 74.099998
-0.009521 -0.026367 -0.975098 -0.014899 0.025541 0.019156 -14.700000 -20.700001 76.500000
-0.013428 -0.020752 -0.966309 -0.012771 0.024477 0.015963 -15.900000 -20.100000 75.300003
-0.004883 -0.020264 -0.982422 -0.011706 0.023413 0.015963 -14.700000 -18.900000 75.300003
-0.010498 -0.029785 -0.984375 -0.012771 0.021284 0.021284 -17.400000 -19.799999 74.400002
-0.010986 -0.026123 -0.974609 -0.011706 0.022349 0.017028 -16.500000 -20.700001 75.300003
-0.015381 -0.028809 -0.977295 -0.012771 0.025541 0.018092 -15.300000 -18.900000 74.699997
-0.010498 -0.031738 -0.979248 -0.012771 0.022349 0.021284 -17.700001 -18.900000 74.699997
-0.006348 -0.028076 -0.978760 -0.014899 0.024477 0.021284 -16.200001 -20.400000 74.400002
0.025391 0.060547 -0.988525 -0.002128 0.021284 0.011706 -16.500000 -19.500000 74.099998
0.018311 0.040283 -0.997803 0.000000 0.010642 0.009578 -16.500000 -20.700001 73.500000
-0.015869 0.009277 -0.983643 -0.021284 0.022349 -0.019156 -15.600000 -20.400000 73.199997
-0.000732 -0.011230 -0.968994 -0.017028 0.023413 -0.038312 -17.700001 -20.100000 74.699997
0.001953 -0.023682 -0.980713 -0.015963 0.018092 -0.010642 -15.900000 -18.299999 75.300003
0.000488 -0.035156 -0.973633 -0.013835 0.018092 0.006385 -18.000000 -20.400000 74.400002
-0.004395 -0.015137 -0.988770 -0.015963 0.023413 0.017028 -15.900000 -20.700001 74.699997
-0.006104 -0.028076 -0.975342 -0.019156 0.025541 0.022349 -15.300000 -19.500000 74.699997
-0.006836 -0.019043 -0.989014 -0.026606 0.024477 0.013835 -15.600000 -20.400000 74.400002
0.001953 -0.031006 -0.965332 -0.010642 0.023413 0.029798 -16.799999 -20.400000 73.199997
-0.000732 -0.016846 -0.980957 -0.017028 0.027670 0.028734 -17.400000 -19.799999 74.400002
0.012939 0.002686 -0.976807 -0.008514 0.024477 0.054275 -16.200001 -21.000000 73.199997
-0.009277 -0.018066 -0.978760 -0.023413 0.026606 0.014899 -15.900000 -20.100000 72.900002
0.000488 -0.001221 -0.972656 -0.014899 0.020220 0.015963 -17.700001 -19.500000 74.699997
-0.002197 -0.017822 -0.973633 -0.021284 0.035119 0.005321 -16.200001 -20.400000 73.800003
0.009521 0.018066 -0.983887 -0.021284 0.023413 0.012771 -16.799999 -20.400000 75.000000
-0.002441 -0.010986 -0.970947 -0.011706 0.022349 -0.005321 -15.600000 -19.799999 74.400002
0.008789 0.000488 -0.983643 -0.009578 0.019156 -0.008514 -16.500000 -18.900000 74.099998
-0.001465 -0.030273 -0.979248 -0.014899 0.024477 0.004257 -16.500000 -20.700001 73.500000
0.007324 0.006836 -0.982178 -0.009578 0.020220 0.007450 -16.500000 -20.100000 73.500000
-0.012207 -0.008057 -0.977783 -0.012771 0.021284 -0.009578 -16.500000 -20.700001 73.500000
-0.006836 -0.006104 -0.973145 -0.004257 0.020220 -0.014899 -15.900000 -19.500000 74.099998
-0.005615 -0.030273 -0.982178 -0.003193 0.022349 0.001064 -16.799999 -21.600000 73.800003
-0.000244 -0.021484 -0.970947 -0.020220 0.020220 -0.002128 -15.000000 -21.000000 73.800003
-0.004150 -0.023926 -0.976807 -0.017028 0.023413 0.004257 -15.900000 -18.900000 74.699997
-0.006592 0.000732 -0.988525 -0.013835 0.021284 0.006385 -16.799999 -20.400000 73.199997
-0.001465 0.002686 -0.979492 -0.012771 0.019156 -0.010642 -15.900000 -21.299999 73.500000
-0.003906 0.000244 -0.995850 -0.028734 0.024477 -0.002128 -15.600000 -21.600000 73.199997
-0.006104 -0.003906 -0.988037 -0.012771 0.018092 -0.001064 -16.200001 -19.799999 73.199997
-0.010254 -0.017090 -0.970459 -0.001064 0.020220 -0.006385 -16.500000 -20.100000 72.900002
0.019287 -0.027588 -0.975586 -0.017028 0.031927 0.007450 -16.200001 -19.200001 73.199997
0.007324 -0.010254 -0.976562 -0.015963 0.024477 0.015963 -17.100000 -20.700001 72.300003
-0.016113 -0.020752 -0.979004 -0.023413 0.027670 -0.002128 -14.700000 -18.900000 71.699997
0.009033 -0.011719 -0.969482 -0.017028 0.028734 -0.004257 -15.600000 -19.799999 73.199997
-0.016357 -0.034424 -0.973633 -0.015963 0.041505 0.013835 -18.299999 -18.900000 71.099998
-0.014648 -0.031250 -0.980225 -0.017028 0.034055 0.004257 -16.500000 -19.500000 72.300003
-0.012451 -0.000488 -0.976074 -0.008514 0.020220 -0.014899 -15.900000 -18.900000 71.699997
0.002441 -0.037354 -0.975830 -0.001064 0.025541 -0.013835 -16.500000 -19.500000 72.900002
-0.005127 -0.014404 -0.985107 -0.020220 0.034055 -0.010642 -15.600000 -18.600000 71.400002
0.001953 -0.023193 -0.977295 -0.018092 0.020220 -0.017028 -14.700000 -17.100000 70.500000
-0.011719 -0.019287 -0.976562 -0.004257 0.027670 -0.025541 -15.000000 -19.200001 71.400002
0.001709 -0.010986 -0.976562 -0.007450 0.028734 -0.007450 -15.300000 -20.700001 71.699997
-0.016357 -0.018555 -0.987305 -0.019156 0.011706 -0.018092 -16.500000 -18.299999 71.699997
-0.014404 -0.017578 -0.980225 -0.014899 0.015963 -0.031927 -16.200001 -19.200001 72.000000
-0.008789 -0.047363 -0.971924 -0.017028 0.026606 -0.036184 -18.900000 -17.700001 69.900002
-0.006348 -0.048096 -0.971924 -0.019156 0.025541 -0.025541 -16.200001 -18.000000 70.800003
0.004150 -0.039551 -0.970703 -0.005321 0.018092 0.012771 -16.200001 -19.200001 70.800003
-0.006836 -0.047119 -0.981201 -0.023413 0.018092 0.043633 -15.300000 -17.700001 71.099998
-0.016602 -0.004883 -0.980713 -0.017028 0.020220 0.027670 -16.799999 -18.600000 70.199997
-0.006104 0.027100 -0.977539 -0.009578 0.017028 0.031927 -16.500000 -16.500000 72.300003
-0.007568 -0.030273 -0.976562 -0.023413 0.024477 -0.047890 -15.000000 -18.000000 71.400002
-0.006348 -0.069092 -0.967285 -0.002128 0.021284 -0.044697 -17.100000 -17.100000 70.500000
-0.003418 -0.144531 -0.949463 -0.011706 0.043633 0.065982 -15.900000 -17.700001 71.099998
0.000000 -0.109131 -0.987549 -0.031927 0.024477 0.187303 -15.300000 -17.100000 72.300003
-0.051025 -0.004150 -0.968262 -0.039376 0.032991 0.113872 -15.000000 -16.799999 71.400002
-0.013916 0.061035 -0.993164 -0.003193 0.020220 0.050019 -15.600000 -16.200001 73.199997
-0.005371 0.008057 -0.971191 -0.005321 0.027670 -0.015963 -16.500000 -17.100000 71.099998
-0.005127 -0.035156 -0.979736 -0.012771 0.020220 -0.032991 -15.000000 -15.000000 71.400002
0.012695 -0.020264 -0.981445 -0.007450 0.024477 -0.013835 -14.400000 -15.000000 72.000000
0.011230 -0.005127 -0.965820 -0.023413 0.039376 0.009578 -16.500000 -14.700000 71.699997
0.003906 0.031738 -0.962891 -0.020220 0.037248 -0.003193 -15.000000 -15.600000 72.000000
-0.003418 -0.017090 -0.943604 -0.024477 0.054275 -0.024477 -16.200001 -14.400000 71.400002
0.000732 0.052979 -0.963379 -0.010642 0.018092 -0.051083 -14.100000 -15.300000 71.699997
-0.012695 -0.022949 -0.996338 -0.014899 0.032991 -0.061725 -15.000000 -15.000000 70.800003
-0.008545 -0.020752 -0.974365 -0.014899 0.031927 -0.044697 -16.799999 -15.000000 70.199997
-0.015625 -0.036621 -0.974121 -0.022349 0.020220 -0.058532 -16.500000 -14.700000 71.699997
0.003906 -0.067383 -0.994385 -0.001064 0.012771 -0.010642 -15.300000 -12.900000 72.900002
-0.036865 -0.134033 -0.970215 -0.017028 0.026606 0.035119 -15.300000 -13.500000 71.699997
-0.041260 -0.077148 -0.987793 -0.020220 0.022349 0.057468 -15.900000 -13.500000 71.699997
-0.053467 -0.104004 -0.965576 -0.012771 0.015963 0.052147 -15.300000 -13.500000 73.500000
-0.057617 -0.120605 -0.965820 -0.011706 0.023413 0.051083 -15.900000 -12.900000 72.300003
-0.062500 -0.121094 -0.977539 -0.018092 0.020220 0.039376 -15.600000 -11.400000 73.199997
-0.055664 -0.120850 -0.977539 -0.007450 0.021284 0.032991 -15.000000 -12.000000 72.599998
-0.055908 -0.110596 -0.981934 -0.014899 0.022349 0.022349 -15.000000 -11.400000 74.400002
-0.001953 0.013184 -0.989014 -0.005321 0.026606 0.021284 -16.799999 -11.400000 74.400002
-0.008789 -0.021484 -0.971924 -0.017028 0.027670 0.015963 -15.600000 -12.600000 73.800003
-0.001221 -0.017090 -0.978516 -0.014899 0.022349 0.017028 -15.600000 -12.000000 75.000000
-0.007812 -0.020752 -0.982910 -0.014899 0.021284 0.022349 -14.700000 -12.300000 72.300003
-0.012939 -0.027100 -0.977295 -0.017028 0.024477 0.019156 -15.900000 -11.100000 74.699997
-0.007812 -0.018311 -0.981201 -0.012771 0.023413 0.015963 -15.300000 -13.500000 72.300003
-0.014160 -0.018311 -0.977783 -0.012771 0.025541 0.018092 -15.600000 -12.600000 72.599998
-0.005127 -0.017578 -0.983643 -0.011706 0.021284 0.023413 -16.500000 -13.500000 73.500000
-0.006592 -0.024658 -0.979980 -0.013835 0.025541 0.022349 -15.000000 -12.000000 71.400002
-0.007080 -0.025879 -0.974854 -0.012771 0.024477 0.020220 -15.600000 -12.600000 73.800003
-0.003174 -0.014893 -0.978516 -0.014899 0.024477 0.018092 -16.200001 -12.000000 73.800003
-0.004395 -0.023193 -0.981445 -0.011706 0.026606 0.027670 -15.900000 -10.500000 74.099998
-0.000977 -0.015381 -0.984131 -0.015963 0.022349 0.024477 -15.000000 -12.000000 72.599998
-0.014404 -0.016357 -0.975586 -0.012771 0.021284 0.019156 -13.500000 -12.900000 72.300003
-0.005371 -0.019287 -0.982422 -0.017028 0.024477 0.017028 -16.799999 -11.400000 72.599998
-0.002686 -0.027588 -0.975586 -0.011706 0.025541 0.020220 -14.400000 -12.600000 73.199997
-0.008301 -0.028076 -0.977539 -0.020220 0.023413 0.029798 -15.900000 -12.900000 72.900002
-0.007568 -0.001953 -0.979248 -0.014899 0.024477 0.029798 -15.900000 -11.700000 73.500000
-0.010498 -0.016113 -0.991211 -0.013835 0.023413 0.019156 -16.500000 -12.900000 72.300003
-0.010498 -0.027344 -0.984619 -0.014899 0.022349 0.023413 -15.900000 -11.100000 72.300003
-0.011230 -0.017334 -0.982178 -0.013835 0.019156 0.042569 -15.600000 -13.200000 72.599998
0.005859 -0.015137 -0.980957 -0.009578 0.019156 0.036184 -17.700001 -11.100000 74.099998
-0.011475 0.043945 -0.988525 -0.004257 0.024477 0.030863 -15.900000 -12.300000 74.099998
-0.012207 0.002930 -0.982422 -0.013835 0.022349 0.017028 -16.200001 -13.200000 73.199997
-0.010986 -0.020020 -0.980225 -0.013835 0.022349 0.015963 -14.700000 -11.700000 71.699997
-0.012207 -0.028809 -0.984375 -0.019156 0.024477 0.015963 -15.000000 -12.000000 73.199997
-0.003906 -0.017578 -0.982178 -0.013835 0.023413 0.021284 -14.100000 -11.700000 72.900002
-0.011475 -0.020996 -0.972412 -0.013835 0.023413 0.019156 -17.100000 -12.900000 71.699997
-0.005371 -0.022217 -0.984131 -0.012771 0.020220 0.018092 -15.300000 -11.700000 73.500000
-0.008301 -0.021973 -0.966797 -0.014899 0.022349 0.014899 -15.000000 -12.600000 73.199997
-0.009521 -0.027588 -0.984863 -0.012771 0.023413 0.020220 -17.400000 -12.000000 72.000000
-0.007324 -0.018066 -0.984131 -0.010642 0.022349 0.021284 -17.400000 -12.600000 73.199997
-0.007568 -0.014160 -0.976807 -0.013835 0.022349 0.020220 -15.600000 -11.400000 72.000000
-0.003418 -0.026855 -0.980957 -0.014899 0.023413 0.015963 -14.400000 -12.000000 73.199997
-0.011963 -0.021973 -0.975342 -0.013835 0.026606 0.018092 -15.600000 -10.200000 72.599998
-0.003662 -0.016602 -0.974609 -0.015963 0.021284 0.018092 -15.600000 -12.600000 71.400002
-0.007812 -0.013916 -0.981689 -0.010642 0.026606 0.020220 -14.400000 -10.800000 73.800003
-0.009277 -0.018311 -0.981934 -0.014899 0.021284 0.018092 -16.500000 -12.300000 72.900002
-0.002441 -0.020020 -0.976807 -0.012771 0.025541 0.019156 -16.500000 -11.700000 72.300003
-0.008301 -0.023193 -0.980469 -0.014899 0.025541 0.018092 -16.500000 -11.100000 71.699997
-0.009766 -0.019531 -0.988525 -0.011706 0.023413 0.017028 -15.900000 -11.700000 72.900002
-0.017334 -0.023926 -0.980225 -0.013835 0.025541 0.020220 -16.500000 -11.700000 72.300003
-0.004150 -0.022705 -0.969482 -0.012771 0.023413 0.019156 -15.300000 -12.900000 73.500000
-0.013916 -0.020264 -0.969971 -0.013835 0.025541 0.021284 -16.799999 -13.200000 72.000000
-0.006348 -0.012939 -0.978027 -0.017028 0.025541 0.020220 -15.300000 -12.900000 73.500000
-0.006836 -0.020020 -0.978271 -0.017028 0.025541 0.019156 -14.700000 -11.100000 74.099998
-0.007324 -0.019531 -0.985596 -0.012771 0.023413 0.015963 -15.000000 -13.200000 71.400002
-0.005371 -0.018311 -0.991943 -0.013835 0.026606 0.020220 -15.000000 -12.000000 73.199997
-0.006104 -0.018555 -0.969971 -0.012771 0.022349 0.017028 -16.500000 -10.500000 73.500000
-0.001953 -0.016602 -0.986572 -0.010642 0.023413 0.018092 -15.600000 -12.600000 73.199997
-0.010498 -0.016602 -0.978516 -0.013835 0.024477 0.020220 -16.500000 -11.700000 72.900002
-0.006104 -0.016357 -0.982666 -0.012771 0.021284 0.020220 -16.200001 -12.000000 72.000000
-0.010010 -0.022217 -0.967529 -0.014899 0.025541 0.018092 -15.000000 -12.000000 73.199997
-0.005127 -0.025879 -0.970459 -0.011706 0.023413 0.019156 -15.900000 -11.700000 72.300003
-0.007568 -0.022461 -0.980469 -0.014899 0.023413 0.020220 -15.900000 -12.900000 72.900002
-0.010498 -0.016602 -0.978027 -0.013835 0.023413 0.020220 -16.500000 -11.700000 72.300003
-0.010742 -0.018799 -0.982422 -0.017028 0.020220 0.019156 -16.200001 -14.400000 72.599998
-0.007812 -0.015381 -0.976318 -0.015963 0.024477 0.017028 -15.000000 -13.800000 73.199997
-0.005371 -0.019287 -0.980469 -0.010642 0.023413 0.019156 -15.600000 -10.800000 73.199997
-0.002197 -0.020752 -0.985596 -0.012771 0.022349 0.017028 -14.700000 -11.700000 72.300003
-0.006104 -0.019531 -0.983887 -0.014899 0.025541 0.020220 -15.900000 -12.900000 72.300003
-0.007568 -0.019531 -0.972900 -0.011706 0.021284 0.020220 -14.400000 -12.000000 73.800003
-0.008057 -0.018311 -0.985352 -0.010642 0.021284 0.019156 -15.900000 -12.900000 74.099998
-0.010010 -0.021240 -0.983154 -0.013835 0.023413 0.019156 -15.600000 -12.600000 72.000000
-0.001465 -0.021973 -0.968018 -0.014899 0.024477 0.017028 -17.400000 -10.800000 74.400002
-0.009033 -0.020264 -0.979980 -0.014899 0.024477 0.020220 -14.100000 -11.700000 73.500000
-0.013428 -0.018311 -0.985107 -0.013835 0.024477 0.018092 -15.600000 -12.600000 74.400002
-0.004639 -0.030518 -0.983154 -0.014899 0.024477 0.018092 -15.900000 -11.700000 73.500000
-0.003174 -0.025391 -0.984863 -0.013835 0.022349 0.018092 -16.200001 -12.600000 72.599998
-0.006348 -0.012695 -0.980957 -0.011706 0.025541 0.019156 -15.900000 -11.100000 72.300003
-0.005127 -0.022705 -0.982178 -0.015963 0.022349 0.022349 -17.100000 -12.300000 71.699997
-0.004883 -0.020508 -0.980225 -0.012771 0.024477 0.020220 -15.600000 -12.000000 71.400002
-0.004639 -0.017578 -0.978760 -0.011706 0.025541 0.020220 -16.200001 -12.600000 74.400002
-0.006592 -0.027344 -0.972900 -0.013835 0.021284 0.015963 -16.200001 -11.400000 72.599998
-0.011475 -0.023438 -0.975586 -0.009578 0.023413 0.021284 -15.300000 -11.700000 72.900002
-0.008545 -0.022949 -0.984375 -0.014899 0.025541 0.019156 -15.000000 -12.600000 72.599998
-0.007812 -0.016357 -0.971436 -0.010642 0.024477 0.017028 -15.600000 -12.600000 72.599998
-0.008789 -0.017334 -0.973145 -0.013835 0.023413 0.020220 -14.400000 -12.000000 72.000000
-0.009521 -0.020264 -0.976562 -0.013835 0.024477 0.020220 -15.300000 -13.500000 73.500000
-0.005859 -0.018555 -0.975586 -0.011706 0.024477 0.018092 -15.300000 -11.700000 73.500000
-0.003418 -0.016846 -0.976562 -0.017028 0.022349 0.019156 -15.000000 -12.600000 75.000000
-0.008057 -0.019043 -0.979492 -0.011706 0.025541 0.015963 -16.200001 -12.000000 71.400002
-0.006348 -0.023438 -0.979492 -0.011706 0.025541 0.021284 -15.600000 -12.600000 72.599998
-0.004883 -0.026123 -0.974121 -0.012771 0.022349 0.018092 -16.500000 -11.700000 74.099998
-0.009766 -0.020508 -0.980957 -0.010642 0.024477 0.019156 -14.700000 -11.100000 73.500000
-0.004150 -0.019287 -0.983887 -0.012771 0.022349 0.019156 -16.500000 -11.100000 72.300003
-0.008057 -0.021973 -0.975342 -0.013835 0.024477 0.021284 -14.400000 -11.400000 72.599998
-0.008545 -0.023193 -0.973389 -0.014899 0.023413 0.019156 -15.600000 -12.600000 73.199997
-0.009033 -0.013916 -0.975342 -0.011706 0.023413 0.019156 -15.000000 -13.200000 73.800003
-0.006104 -0.020996 -0.983643 -0.010642 0.023413 0.019156 -15.300000 -13.500000 74.099998
-0.007568 -0.022949 -0.983154 -0.014899 0.020220 0.017028 -16.500000 -12.900000 74.099998
-0.009277 -0.019531 -0.985352 -0.013835 0.025541 0.018092 -15.900000 -12.300000 73.500000
-0.007568 -0.023193 -0.982666 -0.012771 0.022349 0.019156 -15.900000 -11.700000 74.099998
-0.009766 -0.015381 -0.977295 -0.013835 0.023413 0.015963 -17.700001 -13.500000 71.699997
-0.010498 -0.023193 -0.984619 -0.014899 0.026606 0.018092 -16.799999 -12.600000 72.599998
-0.007324 -0.021484 -0.986816 -0.013835 0.021284 0.017028 -15.000000 -12.000000 74.400002
-0.009766 -0.020020 -0.970215 -0.012771 0.021284 0.022349 -16.200001 -12.000000 72.599998
-0.010742 -0.022217 -0.985352 -0.014899 0.025541 0.021284 -14.700000 -12.300000 71.699997
-0.007812 -0.018555 -0.979004 -0.014899 0.022349 0.018092 -15.000000 -12.000000 74.400002
-0.006836 -0.021729 -0.969727 -0.014899 0.024477 0.020220 -15.600000 -12.600000 72.599998
-0.004395 -0.019287 -0.978027 -0.014899 0.023413 0.020220 -15.000000 -10.800000 74.400002
-0.002686 -0.017578 -0.975342 -0.012771 0.024477 0.018092 -15.300000 -12.900000 71.699997
-0.014893 -0.018799 -0.970703 -0.014899 0.021284 0.020220 -15.300000 -11.700000 74.099998
-0.007324 -0.019531 -0.987793 -0.011706 0.026606 0.015963 -15.600000 -12.600000 73.199997
-0.004395 -0.019775 -0.974121 -0.018092 0.023413 0.019156 -14.700000 -11.100000 72.900002
-0.007324 -0.021729 -0.988037 -0.011706 0.024477 0.019156 -16.799999 -13.800000 73.199997
-0.010742 -0.021484 -0.973145 -0.015963 0.024477 0.018092 -14.100000 -12.900000 72.900002
-0.006592 -0.018799 -0.983398 -0.014899 0.022349 0.020220 -14.700000 -12.900000 72.900002
-0.006348 -0.015381 -0.979004 -0.015963 0.025541 0.018092 -15.900000 -12.900000 72.900002
-0.011963 -0.021484 -0.979004 -0.013835 0.024477 0.018092 -15.000000 -12.600000 73.199997
-0.009521 -0.020752 -0.969971 -0.011706 0.025541 0.018092 -15.000000 -11.400000 73.199997
-0.003906 -0.023926 -0.976562 -0.012771 0.022349 0.018092 -16.200001 -11.400000 71.400002
-0.018066 -0.019043 -0.972168 -0.010642 0.025541 0.020220 -16.200001 -12.000000 72.599998
-0.005371 -0.022705 -0.983398 -0.012771 0.024477 0.018092 -16.799999 -12.600000 73.800003
-0.006104 -0.017334 -0.967285 -0.010642 0.024477 0.019156 -14.400000 -12.000000 73.199997
-0.005371 -0.017334 -0.974365 -0.014899 0.023413 0.020220 -15.300000 -12.900000 71.099998
-0.009277 -0.021973 -0.984863 -0.013835 0.021284 0.020220 -15.600000 -11.400000 72.599998
-0.002197 -0.028564 -0.969727 -0.012771 0.021284 0.018092 -17.100000 -12.900000 72.300003
-0.009033 -0.028320 -0.983154 -0.012771 0.023413 0.018092 -16.799999 -12.000000 73.800003
-0.004639 -0.023193 -0.980225 -0.015963 0.022349 0.018092 -15.600000 -13.200000 72.000000
-0.004883 -0.016602 -0.986572 -0.012771 0.021284 0.021284 -15.600000 -12.000000 73.800003
-0.005127 -0.021729 -0.982666 -0.011706 0.023413 0.018092 -15.300000 -12.900000 72.900002
-0.006836 -0.018555 -0.980713 -0.011706 0.024477 0.021284 -15.900000 -12.300000 74.099998
-0.012207 -0.015137 -0.975830 -0.011706 0.023413 0.022349 -16.200001 -12.600000 72.000000
-0.006836 -0.020996 -0.975830 -0.017028 0.023413 0.021284 -15.900000 -11.700000 72.300003
-0.009033 -0.016113 -0.977783 -0.009578 0.024477 0.020220 -16.200001 -14.400000 72.599998
-0.005127 -0.020264 -0.977295 -0.014899 0.023413 0.019156 -16.500000 -12.300000 73.500000
-0.010986 -0.026611 -0.972656 -0.011706 0.022349 0.022349 -17.100000 -13.500000 72.300003
-0.009766 -0.013184 -0.982666 -0.010642 0.024477 0.019156 -15.000000 -11.400000 74.400002
-0.006348 -0.023438 -0.978760 -0.013835 0.024477 0.019156 -17.100000 -13.500000 72.300003
-0.013184 -0.021729 -0.978760 -0.012771 0.022349 0.018092 -15.300000 -11.100000 72.900002
-0.006104 -0.021484 -0.971191 -0.012771 0.022349 0.020220 -15.300000 -12.300000 71.699997
-0.006348 -0.020996 -0.971191 -0.015963 0.023413 0.018092 -15.300000 -12.300000 73.500000
-0.006104 -0.018066 -0.970703 -0.010642 0.026606 0.021284 -16.500000 -14.100000 72.300003
-0.002686 -0.025391 -0.981445 -0.013835 0.026606 0.017028 -16.200001 -12.000000 72.000000
-0.006104 -0.020264 -0.969238 -0.012771 0.023413 0.020220 -15.900000 -12.300000 71.099998
-0.006104 -0.020996 -0.980713 -0.013835 0.022349 0.021284 -16.200001 -12.600000 73.199997
-0.005371 -0.014160 -0.975586 -0.013835 0.021284 0.015963 -16.200001 -12.000000 73.199997
-0.008545 -0.023926 -0.969971 -0.010642 0.024477 0.018092 -15.000000 -12.600000 73.199997
-0.012207 -0.022461 -0.976318 -0.013835 0.020220 0.017028 -15.300000 -12.900000 73.500000
0.000977 -0.021973 -0.983643 -0.014899 0.024477 0.021284 -15.600000 -12.600000 73.199997
-0.005859 -0.023193 -0.979004 -0.010642 0.022349 0.017028 -15.900000 -11.100000 72.900002
-0.008301 -0.018555 -0.980225 -0.010642 0.023413 0.014899 -15.900000 -12.300000 74.099998
-0.014404 -0.020752 -0.972656 -0.012771 0.023413 0.017028 -15.600000 -12.600000 72.000000
-0.007568 -0.021973 -0.979004 -0.012771 0.022349 0.018092 -18.000000 -13.200000 74.400002
-0.009033 -0.020020 -0.989746 -0.013835 0.024477 0.021284 -14.700000 -12.300000 74.099998
