-0.017334 -0.043945 -0.974365 -0.013835 0.022349 0.019156 35.700001 -6.300000 82.500000
-0.017090 -0.039062 -0.970703 -0.018092 0.020220 0.020220 37.200001 -7.800000 82.800003
-0.012939 -0.042969 -0.979004 -0.014899 0.019156 0.019156 36.299999 -8.100000 83.699997
-0.018555 -0.050537 -0.981689 -0.012771 0.018092 0.018092 36.000000 -6.000000 81.599998
-0.014160 -0.052246 -0.973145 -0.017028 0.022349 0.018092 36.299999 -7.500000 81.900002
-0.020020 -0.049561 -0.975586 -0.012771 0.021284 0.017028 36.000000 -7.200000 81.599998
-0.014893 -0.047119 -0.964355 -0.013835 0.021284 0.019156 36.900002 -8.700000 83.099998
-0.016357 -0.046875 -0.973389 -0.012771 0.020220 0.018092 36.000000 -7.800000 82.199997
-0.010742 -0.050537 -0.983643 -0.013835 0.021284 0.017028 37.200001 -7.200000 82.199997
-0.014648 -0.047852 -0.971680 -0.013835 0.019156 0.020220 36.299999 -7.500000 81.300003
-0.020020 -0.047363 -0.973389 -0.014899 0.019156 0.018092 36.900002 -7.500000 80.699997
-0.010010 -0.043701 -0.977051 -0.014899 0.021284 0.021284 35.700001 -8.100000 82.500000
-0.017090 -0.047363 -0.971436 -0.013835 0.022349 0.018092 35.099998 -6.900000 81.300003
-0.012207 -0.039795 -0.976807 -0.014899 0.020220 0.020220 36.599998 -8.400000 81.000000
-0.018311 -0.041504 -0.983398 -0.017028 0.021284 0.018092 36.599998 -6.600000 82.199997
-0.020996 -0.040771 -0.976318 -0.014899 0.019156 0.018092 35.099998 -5.700000 83.099998
-0.013184 -0.046387 -0.972168 -0.009578 0.023413 0.017028 36.599998 -7.800000 83.400002
-0.014404 -0.048096 -0.973389 -0.012771 0.019156 0.014899 35.700001 -7.500000 82.500000
-0.010254 -0.048584 -0.989990 -0.015963 0.021284 0.019156 36.000000 -7.200000 82.199997
-0.025635 -0.050537 -0.968018 -0.013835 0.022349 0.017028 35.099998 -7.500000 82.500000
-0.011230 -0.043213 -0.986572 -0.013835 0.019156 0.020220 35.700001 -8.100000 83.099998
-0.015625 -0.048828 -0.980225 -0.014899 0.021284 0.021284 36.599998 -7.800000 81.000000
-0.011475 -0.041260 -0.976318 -0.012771 0.017028 0.018092 36.000000 -7.200000 82.800003
-0.011230 -0.052002 -0.975342 -0.013835 0.021284 0.017028 35.700001 -7.500000 82.500000
-0.012939 -0.046387 -0.975586 -0.015963 0.019156 0.015963 36.900002 -7.500000 80.699997
-0.019043 -0.046875 -0.974121 -0.018092 0.019156 0.017028 33.599998 -6.000000 84.000000
-0.016113 -0.040039 -0.977783 -0.013835 0.020220 0.018092 37.200001 -7.200000 81.599998
-0.013184 -0.041504 -0.975342 -0.015963 0.019156 0.017028 35.099998 -6.900000 83.099998
-0.019043 -0.046875 -0.969727 -0.014899 0.019156 0.018092 35.099998 -7.500000 81.300003
-0.018799 -0.048340 -0.973145 -0.013835 0.020220 0.017028 36.299999 -8.100000 83.099998
-0.008545 -0.049072 -0.984375 -0.013835 0.020220 0.021284 36.000000 -6.600000 81.000000
-0.012207 -0.050537 -0.979248 -0.013835 0.021284 0.020220 36.299999 -8.100000 83.099998
-0.018555 -0.047852 -0.969482 -0.012771 0.018092 0.015963 36.599998 -6.600000 82.199997
-0.021240 -0.049316 -0.971191 -0.013835 0.022349 0.019156 36.299999 -6.900000 82.500000
-0.018066 -0.046143 -0.974365 -0.015963 0.022349 0.019156 36.299999 -8.100000 82.500000
-0.012939 -0.038330 -0.974365 -0.015963 0.018092 0.017028 35.400002 -7.800000 82.800003
-0.017334 -0.046387 -0.976318 -0.013835 0.021284 0.018092 35.400002 -7.200000 82.199997
-0.021240 -0.046143 -0.975586 -0.013835 0.022349 0.019156 36.299999 -6.900000 82.500000
-0.019775 -0.047607 -0.970703 -0.014899 0.021284 0.014899 36.000000 -6.000000 82.800003
-0.016846 -0.041016 -0.968750 -0.012771 0.022349 0.018092 36.900002 -7.500000 81.900002
-0.016602 -0.043701 -0.975830 -0.014899 0.020220 0.020220 36.000000 -6.000000 81.599998
-0.012451 -0.046143 -0.973877 -0.012771 0.019156 0.017028 36.599998 -7.200000 83.400002
-0.018066 -0.044922 -0.974365 -0.012771 0.024477 0.015963 35.700001 -8.700000 83.099998
-0.016846 -0.047852 -0.979492 -0.023413 0.019156 -0.026606 36.599998 -7.800000 82.800003
-0.011230 -0.003418 -0.972900 -0.013835 0.017028 -0.320332 34.200001 -7.200000 82.800003
-0.029541 -0.069336 -0.982422 -0.017028 0.024477 -0.214973 36.299999 -5.700000 82.500000
-0.019287 -0.064453 -0.976318 -0.013835 0.020220 -0.013835 35.400002 -6.600000 84.000000
-0.009766 -0.057373 -0.974121 -0.010642 0.014899 0.019156 36.299999 -6.300000 83.699997
-0.010986 -0.047607 -0.974365 -0.015963 0.017028 0.013835 36.599998 -6.600000 82.199997
-0.001465 0.001953 -0.978760 -0.013835 0.017028 -0.145799 35.400002 -6.600000 81.599998
-0.015137 -0.034424 -0.979980 -0.009578 0.021284 -0.209652 35.400002 -6.600000 81.599998
-0.029053 -0.040039 -0.965088 -0.011706 0.027670 -0.176661 36.299999 -5.100000 80.099998
-0.019775 -0.021973 -0.963867 -0.015963 0.015963 -0.261799 34.500000 -6.300000 83.099998
-0.010986 -0.041992 -0.978027 -0.022349 0.014899 -0.293726 34.799999 -7.200000 82.800003
-0.017578 -0.061523 -0.976074 -0.018092 0.012771 -0.232001 37.200001 -3.600000 81.599998
-0.007812 -0.056885 -0.982910 -0.017028 0.018092 -0.211781 37.200001 -4.800000 83.400002
-0.010742 -0.042969 -0.979004 -0.015963 0.017028 -0.245836 36.299999 -2.700000 81.900002
-0.023438 -0.052734 -0.988525 -0.015963 0.010642 -0.232001 37.799999 -3.000000 82.199997
-0.008057 -0.033936 -0.984863 -0.013835 0.012771 -0.249028 36.000000 -4.200000 84.599998
-0.001709 -0.035889 -0.968262 -0.019156 0.014899 -0.285212 37.799999 -4.200000 82.800003
-0.011475 -0.038818 -0.970215 -0.014899 0.009578 -0.284148 37.500000 -3.300000 82.500000
-0.008057 -0.050537 -0.975586 -0.023413 0.013835 -0.261799 36.000000 -3.600000 81.599998
-0.012695 -0.042480 -0.980469 -0.014899 0.014899 -0.246900 36.599998 -0.600000 82.199997
-0.023682 -0.048584 -0.976074 -0.015963 0.014899 -0.236258 37.200001 -2.400000 82.199997
-0.006592 -0.024902 -0.980225 -0.043633 -0.004257 -0.275634 35.099998 -2.700000 83.099998
-0.014160 -0.052979 -0.981445 -0.018092 0.008514 -0.235194 36.900002 -1.500000 82.500000
-0.014160 -0.052979 -0.982910 -0.020220 0.013835 -0.208588 36.299999 -1.500000 83.699997
-0.028564 -0.025879 -0.973389 -0.013835 0.017028 -0.244772 35.700001 -0.900000 82.500000
-0.008301 -0.040527 -0.972656 -0.017028 0.013835 -0.259671 36.900002 -0.900000 83.099998
-0.010742 -0.044922 -0.978760 -0.020220 0.009578 -0.259671 36.299999 -0.900000 81.900002
-0.021484 -0.043213 -0.969482 -0.024477 0.010642 -0.259671 36.299999 -0.300000 83.099998
-0.011475 -0.038330 -0.968506 -0.006385 0.017028 -0.256478 35.700001 0.300000 83.699997
-0.006836 -0.036865 -0.981201 -0.015963 0.019156 -0.268185 35.400002 0.000000 82.800003
-0.006104 -0.029541 -0.987793 -0.023413 0.010642 -0.300111 36.599998 3.000000 82.199997
-0.008057 -0.040527 -0.988037 -0.024477 0.009578 -0.317139 35.700001 0.900000 81.900002
-0.021240 -0.040771 -0.971436 -0.022349 0.012771 -0.330974 35.700001 1.500000 81.900002
-0.008545 -0.062012 -0.977539 -0.014899 0.014899 -0.286276 36.000000 1.800000 82.199997
-0.012451 -0.023926 -0.972900 -0.004257 0.019156 -0.315010 35.700001 1.500000 81.300003
0.007080 -0.055908 -0.984131 -0.023413 0.004257 -0.300111 36.299999 2.700000 83.099998
-0.019531 -0.053711 -0.979004 -0.015963 0.012771 -0.296919 36.900002 2.700000 83.099998
-0.019287 -0.013672 -0.975586 -0.017028 0.011706 -0.337359 35.099998 3.300000 84.300003
-0.009277 -0.033691 -0.979980 -0.014899 0.014899 -0.356515 37.799999 4.200000 83.400002
0.005859 -0.064697 -0.981445 -0.017028 0.008514 -0.289469 36.000000 3.000000 83.400002
-0.010986 -0.026367 -0.983398 -0.024477 0.006385 -0.383121 36.599998 4.800000 81.599998
-0.005127 -0.071045 -0.994629 -0.022349 0.000000 -0.393763 33.900002 3.900000 83.099998
0.001465 -0.063965 -0.968994 -0.011706 0.009578 -0.342680 33.900002 3.900000 83.099998
-0.008301 -0.022461 -0.977539 -0.022349 0.008514 -0.373543 34.200001 6.000000 81.599998
0.000977 -0.035156 -0.971680 -0.022349 0.003193 -0.412919 34.200001 6.600000 82.199997
-0.010010 -0.060547 -0.985352 -0.028734 0.003193 -0.326717 35.400002 7.200000 82.199997
-0.033203 -0.004883 -0.980713 -0.002128 0.024477 -0.324588 34.200001 6.600000 81.599998
-0.023438 -0.061035 -0.966309 0.007450 0.038312 -0.275634 34.799999 7.800000 82.199997
0.006348 -0.038086 -0.989502 -0.035119 -0.008514 -0.293726 34.200001 9.000000 82.199997
-0.010986 -0.024902 -0.972412 -0.018092 0.013835 -0.348001 36.000000 9.000000 81.599998
-0.008301 -0.054199 -0.980469 -0.006385 0.024477 -0.307561 34.799999 10.200000 82.800003
-0.003662 -0.035156 -0.976318 -0.024477 0.008514 -0.324588 35.400002 8.400000 81.599998
-0.007568 -0.037598 -0.988281 -0.013835 0.012771 -0.330974 33.900002 9.300000 81.900002
-0.011230 -0.030029 -0.982910 -0.020220 0.013835 -0.359708 33.599998 10.800000 80.400002
-0.006836 -0.043213 -0.978271 -0.010642 0.025541 -0.350130 33.299999 10.500000 80.699997
-0.002930 -0.044678 -0.972168 -0.002128 0.028734 -0.307561 34.799999 11.400000 83.400002
0.000488 -0.045898 -0.978271 -0.012771 0.018092 -0.300111 33.299999 11.100000 81.300003
0.001953 -0.041992 -0.980225 -0.027670 -0.003193 -0.332038 33.000000 11.400000 82.800003
-0.009521 -0.039795 -0.978027 -0.015963 0.012771 -0.343744 34.799999 11.400000 82.199997
-0.009277 -0.028564 -0.973633 0.001064 0.037248 -0.379928 35.099998 12.300000 82.500000
-0.003906 -0.084961 -0.995361 -0.024477 0.005321 -0.269249 32.400002 12.600000 84.000000
-0.003418 -0.026367 -0.977051 -0.046826 -0.017028 -0.318203 32.400002 13.200000 83.400002
-0.027832 -0.004639 -0.964111 -0.003193 0.023413 -0.428882 33.900002 12.300000 80.099998
0.003418 -0.070312 -0.981689 -0.015963 0.011706 -0.288405 32.400002 13.200000 81.599998
0.001221 -0.031250 -0.975098 -0.038312 -0.012771 -0.262863 33.000000 13.800000 82.199997
-0.023193 -0.005127 -0.963867 0.005321 0.046826 -0.323524 30.600000 15.000000 82.199997
0.020020 -0.091553 -0.986328 -0.019156 -0.004257 -0.271377 31.500000 15.900000 82.500000
-0.027832 0.010498 -0.971680 -0.014899 0.010642 -0.385249 32.700001 14.700000 81.900002
0.007812 -0.085693 -0.984375 -0.017028 0.012771 -0.300111 30.900000 14.100000 81.900002
-0.014893 -0.000977 -0.968994 -0.017028 0.021284 -0.315010 30.900000 14.100000 81.900002
0.020264 -0.072998 -0.994141 -0.023413 -0.001064 -0.311818 29.700001 15.300000 81.900002
-0.016113 -0.043945 -0.958984 -0.012771 0.025541 -0.309689 29.700001 14.700000 81.300003
-0.007812 -0.030029 -0.966797 -0.011706 0.018092 -0.295854 31.799999 16.799999 83.400002
0.022949 -0.072266 -0.988281 -0.017028 0.007450 -0.262863 30.900000 16.500000 82.500000
-0.007812 -0.031494 -0.981934 -0.017028 0.018092 -0.283084 30.000000 18.000000 81.599998
0.003662 -0.038818 -0.974854 -0.019156 0.010642 -0.259671 29.700001 16.500000 81.900002
0.002686 -0.036621 -0.990479 -0.017028 0.010642 -0.269249 29.700001 17.100000 84.300003
0.002441 -0.048584 -0.972900 -0.015963 0.014899 -0.236258 29.100000 16.500000 83.099998
-0.004639 -0.044434 -0.972412 -0.018092 0.013835 -0.218166 30.299999 18.900000 81.300003
-0.003418 -0.026123 -0.998291 -0.017028 0.013835 -0.245836 29.700001 17.100000 81.900002
-0.005127 -0.047852 -0.984131 -0.018092 0.008514 -0.220294 29.100000 18.900000 82.500000
0.000732 -0.039795 -0.974609 -0.018092 0.018092 -0.211781 30.600000 18.000000 82.800003
-0.006104 -0.033936 -0.986328 -0.015963 0.018092 -0.206460 29.400000 18.600000 83.400002
0.006592 -0.024902 -0.989990 -0.015963 0.015963 -0.226680 28.200001 18.000000 82.199997
-0.004883 -0.052002 -0.982666 -0.019156 0.017028 -0.188368 29.100000 18.299999 81.300003
-0.012207 -0.061035 -0.977539 -0.013835 0.018092 -0.110679 28.799999 17.400000 81.599998
-0.007324 -0.046387 -0.984619 -0.015963 0.017028 -0.059597 29.700001 20.100000 82.500000
-0.007080 -0.055420 -0.973633 -0.012771 0.017028 0.010642 28.500000 18.900000 81.300003
0.005371 -0.045166 -0.969971 -0.015963 0.020220 0.017028 28.500000 20.100000 83.699997
0.000977 -0.038574 -0.975830 -0.012771 0.019156 0.024477 29.100000 18.900000 83.099998
0.003174 -0.021973 -0.976562 -0.013835 0.021284 0.020220 29.100000 18.900000 81.900002
0.002930 -0.028809 -0.969482 -0.012771 0.023413 0.019156 29.700001 19.500000 82.500000
-0.004150 -0.039795 -0.976318 -0.014899 0.023413 0.014899 28.500000 18.299999 81.900002
-0.002197 -0.045654 -0.976807 -0.012771 0.020220 0.017028 29.400000 19.200001 83.400002
0.001465 -0.041504 -0.978516 -0.015963 0.014899 0.019156 27.600000 17.400000 81.599998
0.007324 -0.031250 -0.984619 -0.023413 -0.002128 0.022349 28.500000 18.900000 82.500000
-0.011475 -0.027832 -0.982666 -0.027670 -0.014899 0.019156 29.100000 20.100000 81.900002
-0.025391 -0.029785 -0.961670 -0.011706 0.035119 0.015963 30.900000 18.299999 81.900002
-0.002197 -0.037109 -0.979980 -0.004257 0.045762 0.022349 28.200001 18.600000 81.000000
0.001465 -0.032959 -0.978516 -0.013835 0.024477 0.020220 27.900000 17.700001 83.699997
0.000244 -0.030273 -0.975342 -0.022349 0.005321 0.018092 28.500000 18.299999 82.500000
0.001953 -0.030029 -0.974609 -0.020220 -0.001064 0.019156 28.200001 18.600000 81.599998
-0.014648 -0.031250 -0.969238 -0.012771 0.029798 0.018092 27.299999 19.500000 81.900002
-0.001221 -0.036865 -0.975098 -0.003193 0.042569 0.018092 27.299999 17.700001 81.900002
0.002930 -0.035889 -0.981445 -0.012771 0.030863 0.020220 28.799999 19.200001 81.000000
0.004883 -0.035156 -0.981689 -0.017028 0.013835 0.020220 27.900000 17.700001 81.300003
0.000000 -0.035645 -0.972168 -0.019156 0.001064 0.018092 28.200001 18.000000 84.599998
-0.012207 -0.034180 -0.971924 -0.015963 0.008514 0.020220 27.299999 18.900000 82.500000
-0.016602 -0.031982 -0.964844 -0.011706 0.032991 0.022349 27.600000 19.799999 82.199997
-0.005615 -0.036377 -0.971924 -0.010642 0.031927 0.017028 27.299999 19.500000 82.500000
-0.001221 -0.033203 -0.971680 -0.011706 0.021284 0.017028 27.299999 18.900000 81.300003
-0.004395 -0.039062 -0.973877 -0.015963 0.009578 0.020220 28.799999 18.600000 81.599998
-0.001709 -0.035156 -0.982910 -0.019156 0.010642 0.023413 28.200001 19.200001 82.199997
-0.009766 -0.030029 -0.975830 -0.010642 0.024477 0.018092 28.799999 16.799999 82.800003
-0.003174 -0.032959 -0.974121 -0.013835 0.030863 0.019156 29.400000 19.200001 82.199997
-0.004395 -0.039795 -0.974854 -0.015963 0.025541 0.018092 29.400000 18.600000 82.199997
-0.004639 -0.040283 -0.978271 -0.014899 0.014899 0.019156 29.100000 18.900000 82.500000
-0.007324 -0.031494 -0.979736 -0.018092 0.012771 0.017028 28.500000 19.500000 80.699997
-0.003906 -0.033691 -0.974854 -0.012771 0.019156 0.019156 28.200001 18.600000 82.199997
-0.002686 -0.032959 -0.975098 -0.012771 0.023413 0.019156 27.299999 19.500000 81.900002
-0.008057 -0.035156 -0.976807 -0.013835 0.022349 0.020220 27.900000 18.900000 80.699997
-0.000244 -0.031494 -0.981689 -0.013835 0.019156 0.020220 27.600000 20.400000 82.199997
-0.000977 -0.041748 -0.984619 -0.017028 0.015963 0.019156 27.299999 18.900000 81.900002
-0.001709 -0.039795 -0.976318 -0.018092 0.015963 0.019156 27.600000 19.799999 82.199997
-0.003906 -0.034668 -0.966553 -0.014899 0.022349 0.017028 27.600000 19.200001 81.000000
-0.005371 -0.036377 -0.983398 -0.010642 0.024477 0.018092 28.200001 18.000000 81.000000
-0.005371 -0.035156 -0.977539 -0.014899 0.021284 0.017028 27.900000 18.299999 81.900002
-0.009277 -0.040771 -0.979492 -0.010642 0.015963 0.018092 29.400000 18.000000 82.199997
-0.003662 -0.037354 -0.977539 -0.013835 0.021284 0.015963 30.000000 19.799999 82.199997
0.004150 -0.027100 -0.971191 -0.014899 0.021284 0.018092 29.400000 18.000000 82.800003
-0.006348 -0.029785 -0.971191 -0.011706 0.023413 0.021284 28.200001 19.200001 81.599998
-0.003662 -0.030029 -0.977295 -0.012771 0.023413 0.015963 27.299999 18.900000 82.500000
0.001709 -0.041016 -0.975830 -0.014899 0.020220 0.018092 27.000000 18.600000 82.800003
-0.006592 -0.031006 -0.973389 -0.015963 0.020220 0.020220 27.900000 19.500000 81.900002
-0.003174 -0.039307 -0.976562 -0.015963 0.018092 0.019156 27.000000 18.600000 82.199997
-0.007568 -0.033691 -0.977539 -0.015963 0.023413 0.017028 27.900000 20.100000 83.099998
-0.006836 -0.036621 -0.975586 -0.012771 0.024477 0.017028 27.600000 19.799999 81.000000
-0.000488 -0.034912 -0.970703 -0.011706 0.020220 0.017028 27.600000 18.600000 82.800003
-0.002441 -0.032959 -0.979248 -0.015963 0.017028 0.018092 27.600000 20.400000 81.000000
-0.002441 -0.035400 -0.957275 -0.015963 0.019156 0.015963 27.900000 17.700001 81.900002
-0.004395 -0.041016 -0.973389 -0.014899 0.021284 0.013835 28.200001 18.000000 82.800003
-0.000977 -0.032959 -0.972412 -0.010642 0.019156 0.019156 28.500000 20.100000 82.500000
-0.007080 -0.039551 -0.978027 -0.013835 0.017028 0.015963 28.500000 18.900000 81.900002
-0.003418 -0.028320 -0.974609 -0.013835 0.014899 0.018092 27.900000 18.299999 81.900002
0.000488 -0.037598 -0.983887 -0.014899 0.017028 0.021284 26.700001 19.500000 81.900002
-0.008545 -0.035400 -0.962891 -0.013835 0.021284 0.020220 28.200001 19.200001 82.199997
-0.000732 -0.036133 -0.981934 -0.011706 0.022349 0.020220 29.100000 18.299999 81.900002
-0.001953 -0.039795 -0.970215 -0.013835 0.019156 0.018092 27.600000 19.200001 79.800003
0.000488 -0.029297 -0.976074 -0.014899 0.019156 0.018092 28.500000 18.299999 83.099998
-0.006104 -0.039062 -0.973877 -0.014899 0.020220 0.015963 28.200001 20.400000 81.599998
-0.003174 -0.027100 -0.982422 -0.011706 0.021284 0.018092 28.799999 18.000000 82.800003
-0.006592 -0.030029 -0.981689 -0.013835 0.019156 0.014899 29.700001 17.700001 81.300003
-0.003662 -0.031982 -0.972900 -0.013835 0.017028 0.019156 27.600000 19.799999 82.800003
-0.004395 -0.028564 -0.977539 -0.014899 0.019156 0.015963 28.500000 18.900000 82.500000
-0.001221 -0.039551 -0.976318 -0.015963 0.023413 0.019156 28.200001 19.200001 81.000000
-0.006104 -0.031250 -0.976318 -0.013835 0.019156 0.015963 28.500000 18.299999 81.900002
-0.000244 -0.035156 -0.974854 -0.012771 0.023413 0.015963 28.500000 18.900000 83.099998
-0.006592 -0.032471 -0.979248 -0.012771 0.018092 0.019156 28.500000 20.100000 83.699997
-0.008057 -0.031494 -0.977539 -0.012771 0.018092 0.019156 28.500000 20.700001 82.500000
-0.006348 -0.035889 -0.968262 -0.017028 0.021284 0.021284 28.500000 20.100000 81.900002
-0.003418 -0.035645 -0.976807 -0.014899 0.021284 0.018092 27.000000 19.799999 82.800003
-0.003418 -0.032715 -0.976562 -0.014899 0.020220 0.015963 27.900000 18.299999 81.900002
-0.003174 -0.031006 -0.973877 -0.013835 0.021284 0.018092 28.200001 18.600000 83.400002
0.003418 -0.038818 -0.972168 -0.014899 0.020220 0.019156 28.500000 18.900000 82.500000
0.000977 -0.032471 -0.975830 -0.015963 0.019156 0.019156 27.900000 18.900000 82.500000
0.004150 -0.032227 -0.976074 -0.015963 0.021284 0.020220 27.299999 19.500000 81.300003
-0.007568 -0.035400 -0.970459 -0.014899 0.021284 0.020220 28.500000 18.900000 82.500000
-0.010010 -0.037598 -0.973145 -0.013835 0.020220 0.018092 28.799999 20.400000 82.800003
-0.006592 -0.033203 -0.979980 -0.017028 0.020220 0.019156 28.200001 18.000000 82.199997
0.001221 -0.025635 -0.983398 -0.011706 0.021284 0.018092 27.600000 18.000000 81.599998
-0.001953 -0.039307 -0.982910 -0.012771 0.020220 0.015963 29.100000 17.100000 82.500000
-0.004395 -0.033691 -0.972168 -0.017028 0.020220 0.017028 27.900000 18.299999 83.099998
-0.001221 -0.033691 -0.979492 -0.013835 0.020220 0.019156 27.900000 18.299999 82.500000
0.000000 -0.035400 -0.975830 -0.010642 0.022349 0.021284 28.500000 16.500000 83.099998
-0.008057 -0.039062 -0.968262 -0.015963 0.020220 0.021284 28.200001 19.200001 80.400002
-0.006836 -0.033691 -0.983154 -0.012771 0.020220 0.019156 28.200001 19.200001 82.199997
-0.000488 -0.029541 -0.972412 -0.013835 0.020220 0.018092 28.200001 18.000000 82.800003
-0.009277 -0.028809 -0.980713 -0.020220 0.020220 0.019156 26.400000 20.400000 82.199997
-0.005371 -0.039307 -0.974365 -0.015963 0.019156 0.019156 29.100000 18.299999 83.099998
-0.001953 -0.035156 -0.982178 -0.014899 0.023413 0.022349 28.500000 16.500000 83.099998
-0.005615 -0.035645 -0.968994 -0.009578 0.020220 0.017028 28.799999 16.799999 81.599998
-0.002686 -0.037109 -0.966309 -0.011706 0.020220 0.017028 28.200001 19.200001 82.199997
0.000000 -0.039307 -0.981201 -0.011706 0.020220 0.018092 27.900000 19.500000 82.500000
-0.006836 -0.032471 -0.973877 -0.014899 0.020220 0.015963 29.400000 19.200001 80.400002
-0.001221 -0.040283 -0.978027 -0.014899 0.021284 0.014899 27.299999 20.700001 81.300003
-0.006836 -0.033203 -0.973145 -0.014899 0.022349 0.020220 30.000000 18.600000 82.199997
-0.002441 -0.036865 -0.973633 -0.012771 0.022349 0.018092 28.500000 18.299999 82.500000
-0.008301 -0.036621 -0.971191 -0.015963 0.020220 0.018092 28.799999 17.400000 82.199997
-0.007568 -0.034912 -0.978271 -0.015963 0.022349 0.019156 28.500000 17.700001 82.500000
-0.009277 -0.037354 -0.973633 -0.013835 0.018092 0.019156 29.400000 19.799999 82.199997
-0.004150 -0.036865 -0.975098 -0.014899 0.019156 0.022349 29.100000 19.500000 82.500000
-0.007324 -0.035889 -0.983887 -0.012771 0.021284 0.018092 27.900000 17.700001 82.500000
-0.001465 -0.035156 -0.975098 -0.014899 0.021284 0.017028 27.299999 18.299999 82.500000
-0.000977 -0.033447 -0.969727 -0.010642 0.022349 0.019156 28.500000 20.100000 80.699997
-0.002197 -0.032959 -0.975098 -0.013835 0.019156 0.017028 28.500000 18.299999 82.500000
0.002441 -0.033447 -0.975586 -0.013835 0.019156 0.017028 28.200001 19.799999 82.199997
-0.000977 -0.035400 -0.979980 -0.015963 0.018092 0.018092 27.299999 18.900000 82.500000
-0.009521 -0.036865 -0.973877 -0.011706 0.020220 0.020220 27.900000 19.500000 81.900002
-0.004639 -0.032471 -0.980225 -0.012771 0.021284 0.017028 28.500000 18.299999 83.099998
-0.011719 -0.030518 -0.970703 -0.015963 0.020220 0.018092 28.200001 18.600000 81.000000
-0.001709 -0.036865 -0.971680 -0.013835 0.015963 0.017028 27.600000 19.200001 81.599998
-0.007080 -0.034912 -0.985840 -0.015963 0.019156 0.019156 27.900000 17.700001 82.500000
-0.004150 -0.029053 -0.978516 -0.014899 0.021284 0.018092 27.600000 19.799999 83.400002
-0.004883 -0.029785 -0.988770 -0.015963 0.022349 0.018092 27.900000 18.900000 83.099998
-0.005859 -0.029785 -0.982422 -0.010642 0.021284 0.017028 27.900000 18.299999 81.900002
0.000000 -0.033447 -0.976562 -0.018092 0.022349 0.017028 28.799999 18.600000 82.199997
-0.007324 -0.040283 -0.983643 -0.013835 0.020220 0.020220 28.200001 19.200001 82.199997
-0.002441 -0.033447 -0.982178 -0.013835 0.020220 0.020220 28.500000 20.100000 81.900002
-0.000732 -0.028320 -0.977051 -0.014899 0.023413 0.015963 27.299999 18.299999 82.500000
-0.009521 -0.034424 -0.979248 -0.011706 0.020220 0.018092 28.200001 18.600000 82.199997
-0.004150 -0.036133 -0.980713 -0.014899 0.020220 0.020220 27.000000 18.600000 83.400002
-0.004883 -0.031250 -0.980469 -0.013835 0.019156 0.015963 29.400000 18.000000 82.800003
-0.002686 -0.039551 -0.980469 -0.014899 0.019156 0.017028 29.400000 19.200001 81.599998
-0.005859 -0.032471 -0.983398 -0.014899 0.021284 0.019156 28.200001 18.000000 83.400002
-0.007568 -0.037354 -0.982422 -0.013835 0.017028 0.017028 29.400000 18.000000 81.599998
-0.003174 -0.032715 -0.975586 -0.013835 0.019156 0.018092 28.500000 20.100000 81.900002
-0.007080 -0.032471 -0.970215 -0.012771 0.022349 0.015963 29.400000 19.200001 81.599998
-0.008301 -0.033203 -0.978760 -0.013835 0.018092 0.020220 29.400000 19.200001 82.199997
-0.005371 -0.036865 -0.974365 -0.018092 0.021284 0.019156 27.600000 20.400000 82.199997
-0.006104 -0.036621 -0.975830 -0.012771 0.020220 0.015963 29.400000 18.600000 82.199997
-0.008057 -0.036377 -0.979004 -0.014899 0.018092 0.017028 28.500000 18.299999 83.099998
-0.005127 -0.034180 -0.977539 -0.009578 0.019156 0.017028 27.600000 18.000000 82.199997
-0.006104 -0.040527 -0.978760 -0.012771 0.020220 0.019156 29.100000 17.700001 82.500000
-0.001953 -0.035645 -0.971680 -0.012771 0.021284 0.017028 27.600000 18.000000 82.800003
-0.009033 -0.031494 -0.978027 -0.014899 0.023413 0.019156 27.900000 17.700001 81.300003
-0.008545 -0.035156 -0.985107 -0.012771 0.020220 0.019156 27.600000 16.799999 82.199997
-0.003662 -0.031738 -0.972900 -0.011706 0.021284 0.014899 27.900000 19.500000 82.500000
-0.008545 -0.031006 -0.973145 -0.015963 0.017028 0.017028 27.299999 18.299999 81.900002
0.000977 -0.037842 -0.976562 -0.015963 0.021284 0.019156 29.700001 18.900000 82.500000
-0.007812 -0.028076 -0.984619 -0.012771 0.014899 0.021284 28.200001 18.600000 81.599998
-0.008301 -0.032227 -0.978027 -0.012771 0.018092 0.020220 27.600000 19.200001 82.800003
-0.002197 -0.041748 -0.976807 -0.010642 0.018092 0.017028 28.799999 19.200001 79.800003
-0.001709 -0.030762 -0.975586 -0.011706 0.018092 0.015963 27.000000 19.200001 84.000000
0.006104 -0.036865 -0.969971 -0.009578 0.021284 0.017028 28.500000 18.900000 81.300003
-0.007568 -0.028320 -0.976807 -0.014899 0.022349 0.015963 29.400000 18.000000 81.599998
-0.005615 -0.031006 -0.972412 -0.015963 0.021284 0.018092 27.600000 20.400000 83.400002
-0.004150 -0.036133 -0.971680 -0.011706 0.020220 0.015963 31.200001 18.000000 84.000000
-0.002197 -0.036133 -0.977539 -0.011706 0.019156 0.018092 28.500000 18.299999 81.900002
-0.006836 -0.036621 -0.977051 -0.013835 0.020220 0.014899 27.299999 17.700001 81.900002
-0.001709 -0.037842 -0.977539 -0.014899 0.020220 0.015963 28.500000 18.900000 81.900002
-0.009521 -0.029785 -0.981689 -0.013835 0.019156 0.021284 28.799999 18.000000 82.800003
-0.007324 -0.037354 -0.973389 -0.012771 0.020220 0.019156 27.299999 20.100000 81.900002
-0.007080 -0.034668 -0.980957 -0.012771 0.020220 0.019156 28.500000 19.500000 81.900002
-0.005859 -0.043213 -0.974609 -0.013835 0.024477 0.019156 26.400000 19.799999 82.199997
-0.008057 -0.035645 -0.972168 -0.012771 0.019156 0.018092 27.299999 18.900000 83.099998
-0.000732 -0.036133 -0.967285 -0.015963 0.020220 0.018092 27.600000 17.400000 81.599998
-0.007324 -0.035889 -0.980469 -0.015963 0.022349 0.018092 29.100000 19.500000 81.300003
-0.001953 -0.032471 -0.977295 -0.015963 0.021284 0.021284 28.500000 16.500000 81.900002
-0.009766 -0.035645 -0.975098 -0.013835 0.020220 0.019156 28.200001 21.000000 82.199997
-0.006104 -0.032959 -0.974121 -0.013835 0.021284 0.019156 27.000000 18.600000 84.000000
-0.003662 -0.043213 -0.980469 -0.012771 0.020220 0.017028 27.900000 19.500000 81.900002
-0.007080 -0.031250 -0.983398 -0.017028 0.021284 0.021284 29.400000 18.600000 81.599998
-0.005127 -0.033203 -0.965820 -0.014899 0.025541 0.018092 29.100000 19.500000 82.500000
-0.000977 -0.039795 -0.978027 -0.015963 0.017028 0.018092 29.100000 18.900000 81.900002
-0.002441 -0.033203 -0.968506 -0.010642 0.020220 0.020220 28.799999 19.799999 82.800003
-0.001709 -0.036377 -0.974121 -0.010642 0.023413 0.019156 27.900000 18.900000 81.300003
-0.000244 -0.031494 -0.972412 -0.014899 0.017028 0.017028 28.799999 18.000000 81.599998
