-0.029297 0.007080 -0.972900 -0.011706 0.024477 0.019156 12.600000 -9.600000 66.000000
-0.026611 0.013672 -0.966309 -0.011706 0.022349 0.014899 11.100000 -16.500000 66.900002
-0.027100 0.012451 -0.970703 -0.015963 0.023413 0.018092 8.700000 -23.100000 68.099998
-0.027588 0.010010 -0.969727 -0.014899 0.026606 0.017028 8.700000 -26.700001 71.099998
-0.024170 0.007080 -0.981934 -0.014899 0.025541 0.018092 6.000000 -27.000000 69.599998
-0.022705 0.009521 -0.971924 -0.011706 0.027670 0.015963 4.500000 -30.900000 68.699997
-0.032471 0.012939 -0.971191 -0.014899 0.026606 0.019156 4.500000 -31.500000 70.500000
-0.030029 0.012451 -0.985107 -0.011706 0.028734 0.017028 2.400000 -33.000000 69.599998
-0.029785 0.010254 -0.978516 -0.012771 0.023413 0.018092 3.600000 -34.799999 69.599998
-0.026855 0.009033 -0.965820 -0.011706 0.025541 0.018092 2.400000 -34.799999 69.000000
-0.022217 0.018799 -0.968750 -0.009578 0.024477 0.021284 2.700000 -36.299999 68.699997
-0.022949 0.011475 -0.975830 -0.011706 0.023413 0.018092 3.600000 -35.400002 66.000000
-0.034668 0.012451 -0.973145 -0.014899 0.027670 0.019156 3.000000 -36.000000 67.199997
-0.026611 0.011230 -0.968018 -0.012771 0.024477 0.015963 3.300000 -35.099998 66.900002
-0.027100 0.014404 -0.987061 -0.014899 0.025541 0.018092 5.100000 -35.099998 66.900002
-0.025879 0.011719 -0.976807 -0.012771 0.026606 0.019156 3.300000 -35.099998 65.699997
-0.027100 0.015137 -0.965820 -0.012771 0.024477 0.018092 3.600000 -34.799999 67.199997
-0.025146 0.009766 -0.976562 -0.017028 0.028734 0.019156 3.900000 -33.900002 66.900002
-0.028076 0.011230 -0.973389 -0.014899 0.023413 0.019156 3.300000 -35.099998 66.300003
-0.022705 0.010010 -0.976318 -0.014899 0.027670 0.020220 3.900000 -34.500000 67.500000
-0.032471 0.012207 -0.968994 -0.012771 0.024477 0.018092 3.600000 -32.400002 67.199997
-0.033203 0.009521 -0.977539 -0.010642 0.023413 0.017028 4.800000 -31.799999 66.599998
-0.029053 0.009521 -0.978516 -0.014899 0.025541 0.017028 3.600000 -31.799999 65.400002
-0.036377 0.017334 -0.979248 -0.013835 0.025541 0.015963 3.600000 -32.400002 67.199997
-0.027588 0.008301 -0.966309 -0.012771 0.025541 0.017028 3.600000 -33.599998 66.599998
-0.021484 0.015869 -0.967529 -0.013835 0.025541 0.020220 0.300000 -33.900002 66.300003
-0.027832 0.010010 -0.971436 -0.011706 0.027670 0.015963 -0.600000 -35.400002 65.400002
-0.023682 0.007080 -0.980469 -0.009578 0.026606 0.019156 0.900000 -36.299999 65.699997
-0.028076 0.010010 -0.976074 -0.012771 0.025541 0.019156 -1.200000 -37.200001 64.800003
-0.033691 0.010498 -0.968750 -0.007450 0.024477 0.020220 -1.800000 -37.799999 63.599998
-0.028809 0.018799 -0.981201 -0.011706 0.024477 0.019156 -2.400000 -39.000000 63.000000
-0.031738 0.013184 -0.971191 -0.017028 0.025541 0.020220 -1.500000 -38.099998 60.900002
-0.035889 0.014648 -0.979492 -0.014899 0.024477 0.018092 -3.600000 -39.000000 60.599998
-0.023926 0.005615 -0.983398 -0.012771 0.024477 0.018092 -4.800000 -37.799999 59.400002
-0.022705 0.008789 -0.970947 -0.014899 0.027670 0.018092 -4.200000 -37.200001 57.000000
-0.026855 0.009521 -0.968506 -0.014899 0.024477 0.015963 -4.200000 -37.200001 57.599998
-0.028076 0.010010 -0.974121 -0.009578 0.023413 0.018092 -4.500000 -36.900002 55.500000
-0.024170 0.011963 -0.969727 -0.013835 0.024477 0.018092 -4.500000 -37.500000 55.500000
-0.029785 0.013916 -0.968750 -0.010642 0.025541 0.018092 -4.200000 -36.000000 54.599998
-0.026611 0.008789 -0.983398 -0.017028 0.026606 0.018092 -3.300000 -34.500000 53.099998
0.047852 -0.508545 -0.702881 0.013835 -0.094716 -0.136221 -2.700000 -33.299999 51.299999
0.034668 0.093262 -1.161865 -0.024477 0.007450 0.036184 -3.000000 -33.599998 51.000000
-0.110352 0.003906 -0.999268 -0.032991 0.069175 0.015963 -4.200000 -36.000000 52.200001
-0.048096 0.046875 -0.916504 -0.005321 -0.012771 0.034055 -3.600000 -36.000000 54.000000
-0.004150 -0.012939 -0.991455 -0.040441 0.010642 0.009578 -5.100000 -39.900002 54.299999
-0.014160 -0.040039 -0.961914 -0.014899 0.019156 0.013835 -1.500000 -41.700001 56.099998
-0.031982 0.026123 -0.978516 -0.012771 0.041505 0.024477 -3.900000 -42.299999 59.700001
-0.039307 0.042480 -0.933350 -0.004257 0.030863 0.021284 -3.000000 -42.000000 57.599998
-0.029785 0.013672 -0.982178 -0.020220 0.025541 0.008514 -2.700000 -42.299999 58.500000
-0.022217 -0.010986 -0.988037 -0.013835 0.013835 0.020220 1.500000 -41.099998 59.099998
-0.022217 0.011475 -0.983643 -0.017028 0.024477 0.021284 0.300000 -42.299999 60.299999
-0.028320 0.021973 -0.963623 -0.006385 0.029798 0.019156 -0.600000 -40.200001 61.200001
-0.027100 0.016357 -0.978760 -0.013835 0.024477 0.018092 -1.800000 -42.599998 61.799999
-0.027832 0.005615 -0.964600 -0.009578 0.020220 0.022349 -1.500000 -41.700001 62.700001
-0.035156 0.011963 -0.975098 -0.012771 0.026606 0.017028 -0.900000 -41.700001 62.099998
-0.032959 0.011475 -0.966309 -0.010642 0.027670 0.017028 0.000000 -40.799999 62.400002
-0.033936 0.006348 -0.973633 -0.015963 0.023413 0.020220 -0.600000 -41.400002 65.400002
-0.019287 0.015381 -0.978027 -0.013835 0.027670 0.017028 -1.500000 -39.900002 65.699997
-0.030762 0.013428 -0.980225 -0.010642 0.025541 0.020220 0.000000 -39.599998 66.599998
-0.033691 0.013672 -0.971191 -0.013835 0.026606 0.018092 1.200000 -38.400002 65.400002
-0.034180 0.006836 -0.969482 -0.010642 0.024477 0.014899 1.200000 -40.200001 65.400002
-0.028809 0.006836 -0.978027 -0.009578 0.027670 0.018092 0.900000 -40.500000 65.699997
-0.028564 0.016602 -0.962646 -0.011706 0.025541 0.020220 1.800000 -39.599998 65.400002
-0.030029 0.010010 -0.971924 -0.012771 0.025541 0.019156 0.600000 -40.200001 67.199997
-0.030029 0.012695 -0.974121 -0.014899 0.022349 0.019156 1.800000 -39.000000 66.000000
-0.026123 0.015869 -0.973389 -0.015963 0.024477 0.015963 0.300000 -37.500000 66.300003
-0.036133 0.008057 -0.977051 -0.014899 0.026606 0.014899 1.500000 -36.900002 66.900002
-0.022949 0.010986 -0.968750 -0.014899 0.022349 0.018092 1.500000 -36.299999 65.699997
-0.020508 0.010742 -0.975586 -0.017028 0.023413 0.018092 1.800000 -37.200001 67.199997
-0.031982 0.011719 -0.973145 -0.013835 0.026606 0.018092 0.900000 -36.900002 67.500000
-0.027344 0.010986 -0.973145 -0.013835 0.025541 0.020220 0.900000 -36.900002 66.900002
-0.028320 0.010986 -0.969727 -0.011706 0.022349 0.018092 2.400000 -37.799999 64.800003
-0.028809 0.010498 -0.976807 -0.014899 0.023413 0.017028 2.400000 -36.599998 68.400002
-0.030029 0.005615 -0.975586 -0.013835 0.023413 0.017028 2.700000 -38.099998 67.500000
-0.027100 0.015869 -0.967773 -0.012771 0.025541 0.020220 3.000000 -39.000000 67.199997
-0.021240 0.012939 -0.972168 -0.015963 0.026606 0.019156 2.100000 -36.900002 66.900002
-0.031982 0.015869 -0.974121 -0.014899 0.024477 0.018092 0.900000 -36.900002 68.099998
-0.028564 0.010254 -0.974121 -0.015963 0.025541 0.019156 1.500000 -35.099998 69.300003
-0.025391 0.011719 -0.974365 -0.014899 0.024477 0.019156 2.700000 -34.500000 69.300003
-0.023682 0.010498 -0.970459 -0.012771 0.022349 0.015963 2.400000 -35.400002 70.199997
-0.036377 0.006836 -0.976807 -0.017028 0.023413 0.019156 3.300000 -33.900002 71.099998
-0.024414 0.014160 -0.983154 -0.014899 0.024477 0.017028 4.500000 -33.900002 72.900002
-0.027344 0.009521 -0.972656 -0.012771 0.024477 0.019156 4.200000 -33.000000 73.199997
-0.024658 0.012695 -0.972656 -0.012771 0.027670 0.019156 8.400000 -30.600000 74.400002
-0.030762 0.011963 -0.971191 -0.017028 0.023413 0.021284 6.900000 -30.900000 72.900002
-0.028564 0.011230 -0.979248 -0.014899 0.026606 0.018092 8.400000 -30.600000 73.800003
-0.028076 0.013184 -0.971436 -0.013835 0.022349 0.017028 8.700000 -29.100000 72.300003
-0.026855 0.010010 -0.970947 -0.017028 0.025541 0.019156 9.000000 -29.400000 73.199997
-0.025391 0.009277 -0.973145 -0.013835 0.023413 0.017028 10.500000 -28.500000 72.300003
-0.029541 0.013916 -0.983887 -0.013835 0.022349 0.022349 9.900000 -30.299999 72.900002
-0.021973 0.007568 -0.972656 -0.014899 0.023413 0.017028 9.900000 -29.100000 73.500000
-0.027100 0.004639 -0.978027 -0.014899 0.025541 0.019156 7.800000 -28.200001 75.000000
-0.023682 0.005615 -0.977539 -0.015963 0.024477 0.015963 9.000000 -28.799999 73.199997
-0.029541 0.014648 -0.973633 -0.013835 0.024477 0.020220 8.400000 -29.400000 71.400002
-0.028076 0.012451 -0.972168 -0.011706 0.024477 0.018092 9.300000 -29.700001 72.900002
-0.025146 0.008057 -0.973145 -0.011706 0.022349 0.018092 8.400000 -30.000000 73.199997
-0.027344 0.009521 -0.977783 -0.012771 0.024477 0.020220 9.000000 -28.799999 73.199997
-0.027588 0.016602 -0.973877 -0.015963 0.025541 0.017028 9.300000 -29.700001 73.500000
-0.029053 0.010986 -0.976807 -0.012771 0.026606 0.017028 9.300000 -29.700001 74.099998
-0.027344 0.008545 -0.970703 -0.011706 0.024477 0.018092 9.600000 -30.000000 72.000000
-0.030273 0.014648 -0.976562 -0.013835 0.023413 0.017028 8.700000 -30.299999 73.500000
-0.028076 0.010498 -0.973145 -0.012771 0.025541 0.021284 7.200000 -28.200001 72.599998
-0.030762 0.010986 -0.968018 -0.013835 0.024477 0.020220 7.200000 -26.400000 73.800003
-0.025635 0.011963 -0.979248 -0.014899 0.023413 0.017028 8.700000 -29.100000 74.099998
-0.024902 0.006104 -0.972656 -0.015963 0.023413 0.019156 8.100000 -28.500000 72.900002
-0.023193 0.008789 -0.967041 -0.013835 0.027670 0.015963 8.100000 -27.900000 74.699997
-0.027832 0.011230 -0.978516 -0.010642 0.025541 0.019156 7.500000 -29.700001 74.099998
-0.021973 0.011475 -0.974121 -0.017028 0.026606 0.020220 7.800000 -30.000000 73.800003
-0.024902 0.011230 -0.968750 -0.011706 0.025541 0.019156 7.800000 -29.400000 74.400002
-0.034180 0.010010 -0.967285 -0.010642 0.023413 0.019156 8.100000 -28.500000 72.900002
-0.027344 0.010254 -0.971436 -0.013835 0.026606 0.018092 5.400000 -29.400000 73.199997
-0.027100 0.009277 -0.970947 -0.013835 0.025541 0.018092 7.200000 -28.799999 73.199997
-0.029053 0.012451 -0.973877 -0.010642 0.024477 0.019156 9.000000 -28.799999 73.800003
-0.033447 0.014648 -0.979492 -0.015963 0.026606 0.019156 7.800000 -28.799999 74.400002
-0.027100 0.015381 -0.977295 -0.015963 0.023413 0.019156 6.300000 -29.100000 74.699997
-0.025635 0.006348 -0.979004 -0.008514 0.025541 0.018092 7.500000 -28.500000 74.099998
-0.026123 0.010498 -0.983887 -0.015963 0.025541 0.017028 8.400000 -27.000000 73.800003
-0.026611 0.009277 -0.981689 -0.014899 0.025541 0.019156 6.300000 -28.500000 74.099998
-0.027832 0.007812 -0.973145 -0.011706 0.023413 0.018092 8.100000 -30.299999 74.099998
-0.029297 0.012939 -0.974609 -0.013835 0.024477 0.018092 8.100000 -29.700001 76.500000
-0.024902 0.005127 -0.978516 -0.011706 0.025541 0.019156 8.100000 -27.900000 74.699997
-0.024170 0.012207 -0.967041 -0.015963 0.023413 0.017028 6.000000 -30.000000 73.199997
-0.028564 0.010742 -0.972412 -0.013835 0.026606 0.015963 7.800000 -28.200001 73.800003
-0.023193 0.013672 -0.981201 -0.012771 0.024477 0.020220 7.200000 -26.400000 74.400002
-0.027832 0.010742 -0.969482 -0.012771 0.024477 0.017028 6.900000 -27.900000 74.699997
-0.028809 0.012695 -0.973633 -0.015963 0.025541 0.020220 6.000000 -28.799999 74.400002
-0.029541 0.010254 -0.971191 -0.012771 0.025541 0.019156 7.500000 -29.100000 72.300003
-0.026123 0.012451 -0.969971 -0.014899 0.025541 0.018092 7.200000 -28.799999 73.800003
-0.029541 0.012207 -0.987061 -0.012771 0.025541 0.019156 6.900000 -28.500000 73.500000
-0.022705 0.015137 -0.982178 -0.012771 0.027670 0.021284 6.300000 -28.500000 71.699997
-0.022705 0.021729 -0.968262 -0.013835 0.026606 0.018092 6.900000 -26.700001 73.500000
-0.025391 0.013672 -0.968262 -0.014899 0.024477 0.018092 8.700000 -28.500000 73.500000
-0.029053 0.008545 -0.967529 -0.012771 0.027670 0.018092 6.900000 -28.500000 73.500000
-0.023438 0.010498 -0.978760 -0.013835 0.023413 0.017028 7.500000 -27.900000 73.500000
-0.026367 0.010742 -0.980469 -0.010642 0.024477 0.019156 6.300000 -29.700001 75.300003
-0.028564 0.010986 -0.971680 -0.014899 0.024477 0.020220 6.600000 -28.799999 73.199997
-0.028564 0.003418 -0.977051 -0.013835 0.024477 0.020220 7.800000 -28.799999 73.199997
-0.033936 0.014404 -0.984863 -0.014899 0.024477 0.015963 7.800000 -30.000000 75.000000
-0.029053 0.010010 -0.971680 -0.012771 0.025541 0.014899 5.700000 -29.700001 74.699997
-0.025391 0.012451 -0.965820 -0.013835 0.025541 0.019156 7.500000 -29.700001 73.500000
-0.028809 0.015625 -0.979980 -0.011706 0.026606 0.017028 7.200000 -28.799999 72.599998
-0.017822 0.009033 -0.975830 -0.013835 0.024477 0.018092 7.200000 -28.200001 73.199997
-0.024414 0.006836 -0.968994 -0.011706 0.026606 0.020220 5.700000 -27.900000 74.099998
-0.024902 0.014893 -0.971924 -0.012771 0.024477 0.021284 7.200000 -27.600000 73.199997
-0.030762 0.007080 -0.970703 0.062789 0.014899 0.036184 5.100000 -28.500000 73.500000
-0.012451 -0.103027 -0.898193 -0.041505 -0.010642 0.013835 6.000000 -28.799999 74.400002
-0.057617 0.009521 -1.033203 -0.028734 0.017028 0.038312 5.700000 -28.500000 74.099998
-0.046875 0.038330 -0.956787 -0.025541 0.026606 0.012771 5.700000 -27.299999 73.500000
-0.023438 -0.008057 -0.975098 -0.019156 -0.003193 0.011706 7.800000 -29.400000 72.000000
-0.002930 -0.028320 -0.993408 -0.021284 0.021284 0.012771 7.200000 -27.600000 74.400002
-0.013916 0.009033 -0.976807 0.000000 0.029798 0.022349 7.800000 -28.200001 73.199997
-0.040527 0.029053 -0.956299 -0.009578 0.031927 0.020220 9.000000 -28.200001 73.199997
-0.029541 0.025391 -0.973633 -0.020220 0.019156 0.023413 8.100000 -29.700001 72.900002
-0.021240 0.000244 -0.982422 -0.014899 0.019156 0.021284 9.600000 -28.200001 73.199997
-0.025391 0.005615 -0.982178 -0.010642 0.028734 0.015963 9.000000 -28.200001 73.800003
-0.035889 0.016846 -0.960449 -0.011706 0.026606 0.015963 6.300000 -28.500000 73.500000
-0.027344 0.010498 -0.966553 -0.017028 0.021284 0.015963 9.300000 -29.700001 73.500000
-0.024658 0.008301 -0.969971 -0.013835 0.023413 0.015963 8.400000 -28.799999 74.400002
-0.031982 0.013184 -0.976074 -0.013835 0.025541 0.019156 8.400000 -31.200001 73.199997
-0.026367 0.019531 -0.975586 -0.012771 0.027670 0.020220 7.800000 -31.200001 73.199997
-0.033203 0.012695 -0.964844 -0.012771 0.028734 0.020220 7.800000 -28.200001 73.800003
-0.028564 0.008545 -0.972168 -0.011706 0.026606 0.019156 7.500000 -29.100000 74.099998
-0.030273 0.013916 -0.972656 -0.011706 0.023413 0.018092 8.700000 -29.700001 73.500000
-0.018066 0.012695 -0.974365 -0.011706 0.021284 0.015963 8.400000 -29.400000 75.000000
-0.025146 0.012939 -0.963867 -0.010642 0.025541 0.017028 8.700000 -30.299999 74.699997
-0.026367 0.011475 -0.972656 -0.013835 0.025541 0.022349 8.700000 -30.299999 73.500000
-0.024902 0.016357 -0.978760 -0.013835 0.027670 0.017028 7.500000 -30.299999 74.099998
-0.032715 0.011475 -0.972412 -0.015963 0.025541 0.019156 7.500000 -30.900000 75.900002
-0.028809 0.011719 -0.981934 -0.012771 0.026606 0.017028 6.300000 -30.900000 76.500000
-0.028809 0.015137 -0.964844 -0.012771 0.024477 0.017028 6.600000 -30.600000 78.000000
-0.025635 0.011719 -0.982666 -0.015963 0.027670 0.019156 5.100000 -33.299999 78.900002
-0.029297 0.009766 -0.970947 -0.013835 0.023413 0.015963 4.800000 -33.599998 79.800003
-0.031738 0.013184 -0.969971 -0.014899 0.025541 0.018092 4.200000 -33.599998 79.800003
-0.028564 0.010498 -0.970703 -0.014899 0.024477 0.015963 4.500000 -33.900002 81.900002
-0.030518 0.011475 -0.979980 -0.010642 0.025541 0.020220 5.400000 -32.400002 85.199997
-0.024658 0.014648 -0.982178 -0.011706 0.023413 0.017028 6.300000 -34.500000 86.699997
-0.027100 0.011230 -0.972656 -0.014899 0.024477 0.020220 6.600000 -36.000000 89.400002
-0.029541 0.013916 -0.974609 -0.012771 0.025541 0.018092 10.800000 -36.599998 94.800003
-0.019775 0.011719 -0.974609 -0.013835 0.026606 0.018092 12.300000 -35.700001 95.699997
-0.029541 0.007324 -0.976562 -0.014899 0.027670 0.015963 18.000000 -34.799999 100.800003
-0.023438 0.003418 -0.976318 -0.017028 0.026606 0.019156 21.000000 -35.400002 102.000000
-0.029053 0.008301 -0.976074 -0.011706 0.024477 0.021284 24.299999 -32.099998 104.699997
-0.031494 0.008789 -0.979248 -0.011706 0.025541 0.017028 27.299999 -32.099998 108.900002
-0.030518 0.009277 -0.974121 -0.010642 0.024477 0.021284 34.200001 -31.799999 107.400002
-0.024414 0.004883 -0.988525 -0.010642 0.025541 0.021284 34.799999 -33.000000 108.000000
-0.027100 0.010254 -0.979248 -0.011706 0.024477 0.018092 39.000000 -31.799999 104.400002
-0.031006 0.014648 -0.977539 -0.013835 0.027670 0.021284 42.000000 -33.000000 103.800003
-0.027588 0.007080 -0.968506 -0.009578 0.024477 0.021284 43.500000 -30.900000 102.900002
-0.026611 0.009766 -0.979248 -0.018092 0.026606 0.018092 46.500000 -32.099998 103.500000
-0.024170 0.018066 -0.972168 -0.012771 0.026606 0.018092 47.099998 -32.700001 101.699997
-0.027832 0.012451 -0.977539 -0.011706 0.024477 0.018092 46.200001 -31.200001 102.000000
-0.029053 0.014648 -0.976562 -0.015963 0.023413 0.018092 44.700001 -30.299999 100.500000
-0.023682 0.013916 -0.985107 -0.013835 0.025541 0.018092 45.000000 -31.799999 99.599998
-0.025146 0.011719 -0.975586 -0.012771 0.027670 0.019156 46.799999 -31.200001 100.800003
-0.024170 0.012207 -0.969727 -0.010642 0.025541 0.017028 45.299999 -32.700001 99.900002
-0.025879 0.011230 -0.971436 -0.011706 0.023413 0.017028 45.000000 -30.600000 99.000000
-0.026367 0.013428 -0.972412 -0.010642 0.022349 0.019156 45.000000 -31.200001 98.400002
-0.033691 0.017822 -0.971924 -0.014899 0.024477 0.017028 43.799999 -31.200001 98.400002
-0.024658 0.019043 -0.975586 -0.013835 0.024477 0.017028 45.000000 -30.000000 96.599998
-0.022949 0.007812 -0.969971 -0.012771 0.024477 0.018092 45.900002 -29.700001 98.699997
-0.027344 0.015869 -0.975830 -0.011706 0.026606 0.022349 49.799999 -27.600000 102.599998
-0.021240 0.015869 -0.971680 -0.011706 0.023413 0.019156 55.799999 -26.400000 104.400002
-0.028564 0.005371 -0.973877 -0.010642 0.025541 0.018092 68.699997 -25.500000 110.699997
-0.031250 0.012695 -0.964844 -0.017028 0.026606 0.018092 75.900002 -23.100000 116.099998
-0.031250 0.010742 -0.976074 -0.015963 0.027670 0.018092 76.500000 -21.900000 114.900002
-0.031250 0.013672 -0.969238 -0.012771 0.022349 0.019156 75.900002 -20.100000 116.699997
-0.027344 0.009033 -0.979492 -0.013835 0.023413 0.020220 72.599998 -21.000000 115.199997
-0.027832 0.009521 -0.969238 -0.014899 0.028734 0.017028 65.400002 -24.000000 110.400002
-0.031738 0.013916 -0.974609 -0.010642 0.025541 0.018092 59.400002 -23.400000 107.400002
-0.037354 0.012207 -0.965332 -0.018092 0.023413 0.019156 53.700001 -24.900000 105.300003
-0.018066 0.001465 -0.975098 -0.013835 0.022349 0.019156 53.700001 -23.700001 104.099998
-0.031006 0.012451 -0.970215 -0.010642 0.025541 0.019156 57.000000 -25.799999 108.000000
-0.021240 0.007568 -0.981689 -0.013835 0.027670 0.015963 66.300003 -22.500000 111.900002
-0.030762 0.011475 -0.969238 -0.010642 0.025541 0.018092 83.099998 -23.700001 122.099998
0.108643 0.091553 -0.752441 -0.019156 0.088331 -0.052147 92.400002 -21.600000 118.199997
0.141357 -0.036865 -1.028320 -0.087266 0.080881 -0.014899 93.599998 -21.600000 119.400002
-0.075195 0.120850 -0.810303 0.010642 0.184111 0.007450 84.599998 -22.200001 117.000000
-0.052002 0.123779 -0.844727 0.057468 0.029798 0.009578 67.800003 -25.200001 108.000000
-0.030029 0.125000 -0.987549 -0.018092 0.064918 0.027670 62.400002 -26.400000 103.800003
-0.068848 0.019775 -0.898926 -0.017028 0.043633 0.011706 56.700001 -27.299999 99.900002
-0.030762 0.027832 -0.957031 -0.001064 -0.006385 0.020220 52.200001 -29.400000 96.000000
-0.009033 0.009033 -1.001221 -0.042569 0.022349 0.017028 48.599998 -30.000000 94.199997
-0.022217 -0.013672 -0.972900 -0.008514 0.002128 0.021284 47.099998 -29.100000 94.500000
-0.014648 -0.003906 -1.001953 -0.022349 0.026606 0.017028 45.000000 -31.200001 95.400002
-0.031006 0.010986 -0.957764 -0.003193 0.030863 0.024477 44.700001 -30.900000 93.300003
-0.031250 0.034912 -0.966309 -0.012771 0.031927 0.021284 42.599998 -31.799999 92.400002
-0.030273 0.008301 -0.956299 -0.015963 0.025541 0.014899 41.099998 -31.500000 90.900002
-0.025146 0.012207 -0.974365 -0.015963 0.017028 0.014899 40.500000 -33.299999 92.699997
-0.020264 0.007324 -0.980225 -0.015963 0.025541 0.021284 41.099998 -32.700001 92.099998
-0.031494 0.016846 -0.971191 -0.017028 0.031927 0.019156 40.799999 -34.200001 92.400002
-0.029541 0.009521 -0.972412 -0.013835 0.022349 0.021284 39.900002 -32.700001 93.300003
-0.025146 0.008301 -0.982910 -0.015963 0.024477 0.019156 38.400002 -33.000000 92.400002
-0.028809 0.008301 -0.978516 -0.011706 0.027670 0.017028 38.400002 -34.799999 90.000000
-0.037109 0.013672 -0.977051 -0.014899 0.024477 0.017028 39.900002 -37.500000 91.500000
-0.026611 0.012451 -0.967041 -0.014899 0.024477 0.021284 40.200001 -42.599998 93.599998
-0.026123 0.016602 -0.973633 -0.018092 0.024477 0.018092 40.200001 -47.400002 96.599998
-0.023438 0.009766 -0.982666 -0.012771 0.025541 0.014899 38.700001 -56.099998 98.699997
-0.028320 0.008789 -0.979736 -0.012771 0.026606 0.020220 37.500000 -62.700001 98.099998
-0.024902 0.010742 -0.970703 -0.015963 0.022349 0.020220 38.099998 -76.500000 92.699997
-0.024414 0.013184 -0.964111 -0.013835 0.025541 0.018092 36.299999 -85.500000 82.500000
-0.024170 0.007324 -0.982666 -0.013835 0.021284 0.021284 27.299999 -91.500000 72.300003
-0.024170 0.011475 -0.977539 -0.018092 0.024477 0.022349 15.300000 -95.699997 59.700001
-0.024902 0.005615 -0.979492 -0.013835 0.024477 0.021284 0.300000 -92.099998 54.900002
-0.023682 0.012451 -0.976807 -0.015963 0.024477 0.020220 -12.900000 -85.500000 52.500000
-0.027832 0.011475 -0.983154 -0.012771 0.025541 0.017028 -22.200001 -76.800003 59.400002
-0.025635 0.011230 -0.972168 -0.014899 0.023413 0.017028 -24.900000 -70.500000 63.900002
-0.033447 0.010010 -0.978271 -0.012771 0.027670 0.018092 -25.799999 -66.599998 67.199997
-0.029541 0.010010 -0.979248 -0.011706 0.023413 0.022349 -24.600000 -60.000000 66.599998
-0.025879 0.019043 -0.979980 -0.013835 0.022349 0.018092 -23.400000 -57.599998 67.800003
-0.025146 0.011230 -0.983154 -0.012771 0.024477 0.019156 -22.500000 -56.099998 69.300003
-0.024414 0.007812 -0.973633 -0.011706 0.023413 0.014899 -18.299999 -51.900002 71.099998
-0.036133 0.009521 -0.973389 -0.013835 0.023413 0.018092 -17.100000 -49.500000 72.900002
-0.029053 0.008545 -0.974121 -0.010642 0.025541 0.019156 -14.400000 -48.000000 74.400002
-0.026611 0.011475 -0.969727 -0.011706 0.026606 0.020220 -13.500000 -47.700001 73.500000
-0.026611 0.004150 -0.976318 -0.011706 0.022349 0.015963 -13.500000 -45.900002 72.300003
-0.025146 0.007324 -0.971680 -0.011706 0.025541 0.019156 -12.600000 -45.599998 72.599998
-0.033936 0.014648 -0.976562 -0.014899 0.026606 0.017028 -11.400000 -45.000000 72.599998
-0.025635 0.010498 -0.982910 -0.012771 0.024477 0.019156 -13.200000 -44.400002 73.199997
-0.027100 0.013672 -0.976074 -0.012771 0.027670 0.020220 -13.200000 -43.799999 74.400002
-0.029785 0.010742 -0.983643 -0.012771 0.028734 0.013835 -13.500000 -44.700001 74.099998
-0.030273 0.014893 -0.982910 -0.011706 0.025541 0.017028 -13.500000 -45.900002 76.500000
-0.014893 0.010498 -0.955322 -0.012771 0.024477 0.015963 -12.000000 -46.200001 72.599998
-0.029785 0.007324 -0.971191 -0.015963 0.025541 0.017028 -13.800000 -43.799999 72.599998
-0.024658 0.010742 -0.977295 -0.015963 0.023413 0.017028 -13.800000 -46.200001 73.199997
-0.028809 0.009277 -0.976074 -0.014899 0.023413 0.021284 -14.100000 -44.700001 73.500000
-0.025879 0.007568 -0.975342 -0.014899 0.029798 0.018092 -12.900000 -45.900002 74.699997
-0.028076 0.008789 -0.975342 -0.011706 0.025541 0.020220 -12.600000 -45.599998 73.800003
-0.027588 0.014404 -0.972168 -0.009578 0.025541 0.019156 -15.000000 -45.599998 73.199997
-0.027588 0.013672 -0.974121 -0.011706 0.025541 0.019156 -14.100000 -43.500000 74.099998
-0.028809 0.011475 -0.984619 -0.012771 0.025541 0.015963 -14.100000 -43.500000 73.500000
-0.025391 0.007324 -0.976074 -0.015963 0.023413 0.020220 -13.800000 -43.799999 73.199997
-0.021729 0.011719 -0.977539 -0.013835 0.026606 0.020220 -14.400000 -42.599998 73.800003
-0.024170 0.012207 -0.978027 -0.012771 0.023413 0.018092 -15.300000 -44.700001 74.699997
-0.036865 0.009521 -0.969238 -0.015963 0.024477 0.015963 -14.700000 -43.500000 73.500000
-0.024902 0.012451 -0.972412 -0.015963 0.024477 0.015963 -15.300000 -45.299999 73.500000
-0.030029 0.006592 -0.971436 -0.009578 0.023413 0.021284 -14.400000 -45.000000 74.400002
-0.030518 0.018066 -0.981689 -0.014899 0.026606 0.017028 -12.900000 -45.299999 72.900002
-0.024170 0.013428 -0.970947 -0.014899 0.025541 0.019156 -11.400000 -45.599998 72.599998
-0.024170 0.010010 -0.968994 -0.011706 0.026606 0.018092 -12.000000 -46.799999 73.199997
-0.024414 0.015625 -0.971191 -0.011706 0.028734 0.018092 -10.500000 -46.500000 72.300003
-0.029541 0.012695 -0.962646 -0.011706 0.024477 0.021284 -6.900000 -48.299999 70.500000
-0.011475 0.012695 -0.972900 -0.018092 0.035119 0.018092 -9.300000 -48.299999 71.699997
-0.079102 0.028076 -1.020020 -0.002128 0.026606 0.017028 -6.600000 -47.400002 72.000000
-0.016846 0.007812 -0.989746 -0.015963 0.030863 0.014899 -6.600000 -48.000000 72.000000
-0.045654 0.011963 -0.989014 -0.007450 0.017028 0.021284 -6.300000 -46.500000 71.099998
-0.038574 0.018066 -0.978516 -0.012771 0.018092 0.018092 -7.500000 -47.700001 73.500000
-0.016602 0.011475 -0.992432 -0.019156 0.023413 0.020220 -6.300000 -46.500000 71.099998
-0.024170 0.002686 -0.979492 -0.011706 0.026606 0.019156 -5.700000 -45.900002 71.699997
-0.025391 0.011230 -0.978760 -0.014899 0.023413 0.018092 -5.700000 -45.299999 71.099998
-0.021240 0.008789 -0.965576 -0.015963 0.022349 0.018092 -7.200000 -46.799999 72.000000
-0.025879 0.015625 -0.977051 -0.010642 0.027670 0.022349 -6.900000 -45.900002 71.699997
-0.029541 0.007324 -0.975586 -0.013835 0.022349 0.021284 -5.100000 -46.500000 70.500000
-0.030029 0.017090 -0.966553 -0.013835 0.026606 0.015963 -6.300000 -47.099998 71.099998
-0.026367 0.009033 -0.969727 -0.011706 0.024477 0.021284 -5.700000 -44.099998 71.099998
-0.025146 0.014893 -0.974121 -0.015963 0.024477 0.019156 -5.100000 -46.500000 72.900002
-0.022705 0.007568 -0.967773 -0.014899 0.027670 0.021284 -7.200000 -47.400002 71.400002
-0.029785 0.009277 -0.974609 -0.014899 0.025541 0.021284 -6.300000 -46.500000 72.900002
-0.021484 0.007324 -0.968018 -0.011706 0.024477 0.017028 -6.000000 -45.599998 72.000000
-0.024658 0.009033 -0.975586 -0.013835 0.024477 0.017028 -6.000000 -47.400002 72.599998
-0.023926 0.006104 -0.971924 -0.014899 0.024477 0.019156 -7.200000 -47.400002 72.000000
