0.000000 0.000000 27477326017715851231232.000000 -0.013835 0.020220 0.018092 39.000000 -2.400000 81.599998
-0.024170 -0.026367 -0.979248 -0.013835 0.019156 0.019156 36.900002 -2.100000 83.099998
-0.022461 -0.022217 -0.970459 -0.010642 0.021284 0.019156 36.900002 -0.900000 81.300003
-0.020020 -0.027100 -0.976074 -0.013835 0.017028 0.018092 39.900002 -0.900000 83.099998
-0.020264 -0.028809 -0.974365 -0.012771 0.022349 0.018092 37.500000 -2.100000 82.500000
-0.020264 -0.035645 -0.980713 -0.013835 0.020220 0.017028 37.500000 -2.700000 82.500000
-0.019531 -0.028809 -0.970459 -0.013835 0.020220 0.020220 37.500000 -3.300000 81.900002
-0.029297 -0.028320 -0.979248 -0.018092 0.018092 0.021284 36.000000 -2.400000 81.599998
-0.023926 -0.028320 -0.975586 -0.012771 0.015963 0.020220 37.200001 -3.000000 82.800003
-0.018799 -0.029541 -0.978271 -0.014899 0.020220 0.018092 36.299999 -2.100000 82.500000
-0.024414 -0.031006 -0.983154 -0.014899 0.021284 0.019156 37.500000 -3.300000 81.900002
-0.017090 -0.025391 -0.984619 -0.012771 0.019156 0.019156 36.599998 -1.200000 82.199997
-0.019775 -0.026611 -0.981934 -0.014899 0.023413 0.015963 37.799999 -1.800000 82.800003
-0.015625 -0.025879 -0.982666 -0.014899 0.019156 0.021284 39.599998 -2.400000 83.400002
-0.022705 -0.027588 -0.972412 -0.015963 0.023413 0.017028 35.400002 -1.800000 82.199997
-0.019287 -0.030029 -0.977783 -0.013835 0.022349 0.019156 35.700001 -2.700000 80.699997
-0.025879 -0.031250 -0.980957 -0.017028 0.021284 0.020220 38.099998 -2.100000 83.099998
-0.019775 -0.028809 -0.978271 -0.015963 0.022349 0.021284 38.700001 -1.500000 82.500000
-0.021729 -0.029053 -0.970459 -0.015963 0.019156 0.017028 37.500000 -2.700000 83.699997
-0.029785 -0.031494 -0.980713 -0.014899 0.022349 0.015963 36.599998 -2.400000 81.000000
-0.023926 -0.024658 -0.982422 -0.009578 0.020220 0.021284 38.099998 -3.300000 81.900002
-0.020508 -0.029785 -0.979736 -0.011706 0.020220 0.017028 38.700001 -1.500000 81.900002
-0.020996 -0.032959 -0.987793 -0.015963 0.017028 0.018092 36.900002 -2.100000 82.500000
-0.025879 -0.031982 -0.975586 -0.014899 0.022349 0.019156 37.799999 -2.400000 81.599998
-0.020996 -0.027832 -0.976074 -0.014899 0.018092 0.015963 37.500000 -0.900000 82.500000
-0.016113 -0.027100 -0.974854 -0.009578 0.023413 0.017028 36.900002 -2.100000 83.099998
-0.018066 -0.029541 -0.976074 -0.013835 0.021284 0.019156 37.500000 -3.300000 81.300003
-0.019775 -0.019775 -0.984619 -0.011706 0.021284 0.018092 37.799999 -3.600000 81.599998
-0.030273 -0.023193 -0.982666 -0.012771 0.022349 0.019156 36.000000 -2.400000 82.800003
-0.020752 -0.028809 -0.977783 -0.015963 0.021284 0.019156 37.500000 -0.900000 81.300003
-0.022217 -0.027832 -0.971924 -0.013835 0.020220 0.019156 37.500000 -2.700000 83.099998
-0.018311 -0.032471 -0.972900 -0.017028 0.021284 0.018092 37.500000 -0.900000 82.500000
-0.021973 -0.026611 -0.978271 -0.019156 0.022349 0.015963 36.000000 -3.600000 81.599998
-0.017578 -0.031738 -0.977783 -0.015963 0.023413 0.020220 35.400002 -1.800000 82.199997
-0.066895 -0.116699 -1.014648 -0.014899 0.028734 0.175597 38.400002 -1.800000 82.199997
0.003906 0.012207 -0.980225 -0.014899 0.020220 0.064918 37.500000 -2.100000 81.300003
-0.021484 -0.036133 -0.951660 -0.014899 0.018092 0.038312 39.000000 -3.000000 81.000000
-0.016846 -0.016602 -0.999023 -0.010642 0.025541 0.030863 36.299999 -2.100000 82.500000
-0.013672 -0.033936 -0.963135 -0.018092 0.030863 0.023413 37.500000 -0.900000 81.900002
-0.025635 -0.022217 -0.980469 -0.022349 0.024477 0.015963 36.900002 -2.100000 83.099998
-0.012451 -0.028320 -0.992188 -0.011706 0.011706 0.018092 38.700001 -2.700000 81.900002
-0.015381 -0.025391 -0.982178 -0.010642 0.014899 0.017028 39.000000 -1.800000 82.199997
-0.024902 -0.024414 -0.988525 -0.012771 0.021284 0.019156 37.500000 -2.700000 81.300003
-0.025635 -0.031494 -0.978271 -0.013835 0.021284 0.014899 38.099998 -2.100000 80.699997
-0.021973 -0.034180 -0.966553 -0.014899 0.023413 0.019156 37.500000 -2.700000 81.900002
-0.025635 -0.032959 -0.977783 -0.018092 0.021284 0.019156 36.599998 -1.800000 82.199997
-0.021729 -0.029785 -0.980713 -0.012771 0.020220 0.018092 39.299999 -1.500000 82.500000
-0.019287 -0.030273 -0.979004 -0.013835 0.021284 0.017028 37.500000 -1.500000 81.300003
-0.019043 -0.025391 -0.984131 -0.011706 0.022349 0.020220 36.599998 -0.600000 80.400002
-0.024170 -0.030762 -0.976318 -0.015963 -0.065982 0.056404 37.200001 -1.200000 82.800003
-0.026855 -0.011963 -1.008057 -0.018092 0.022349 0.027670 38.400002 -3.000000 82.800003
-0.019775 -0.046143 -0.958984 -0.011706 0.015963 0.038312 37.500000 -2.100000 83.099998
-0.020020 -0.017334 -0.974121 -0.009578 0.022349 0.025541 37.799999 -2.400000 82.199997
-0.029541 -0.035156 -0.980957 -0.008514 0.022349 0.011706 37.500000 -0.900000 82.500000
-0.022461 -0.027588 -0.976074 -0.012771 0.023413 0.006385 36.299999 -4.500000 81.300003
-0.018311 -0.025879 -0.969971 -0.014899 0.027670 0.002128 36.900002 -1.500000 83.099998
-0.020996 -0.035156 -0.967773 -0.014899 0.021284 -0.001064 38.700001 -2.700000 81.900002
-0.030273 -0.042725 -0.974121 -0.009578 0.017028 0.015963 35.700001 -2.700000 80.699997
-0.034180 -0.033447 -0.980713 -0.025541 0.024477 -0.005321 37.200001 -2.400000 82.800003
-0.012451 -0.029053 -0.973389 -0.019156 0.024477 0.000000 37.500000 -2.100000 81.300003
-0.023193 -0.019043 -0.982910 -0.014899 0.023413 -0.009578 37.799999 -3.600000 81.000000
-0.031250 -0.037598 -0.985596 -0.020220 0.022349 0.012771 36.900002 -2.700000 82.500000
-0.035400 -0.023926 -0.980713 -0.014899 0.019156 0.003193 36.900002 -2.700000 83.099998
-0.018799 -0.028076 -0.981445 -0.012771 0.020220 -0.018092 37.200001 -1.200000 82.800003
-0.037598 -0.034912 -0.981934 -0.015963 0.026606 -0.007450 36.599998 -1.200000 81.599998
-0.038574 -0.026611 -0.972900 -0.023413 0.024477 -0.001064 36.599998 -3.000000 82.800003
-0.024658 -0.010010 -0.986328 -0.011706 0.009578 -0.013835 37.500000 -2.700000 81.900002
-0.030518 -0.037842 -0.984619 -0.018092 0.021284 0.008514 37.200001 -2.400000 81.599998
-0.021240 -0.024170 -0.972900 -0.017028 0.018092 0.014899 36.299999 -1.500000 81.300003
-0.016357 -0.015625 -0.988037 -0.012771 0.011706 0.013835 38.700001 -2.700000 82.500000
-0.023438 -0.021973 -0.988281 -0.021284 0.023413 -0.011706 36.599998 -2.400000 82.199997
-0.034912 -0.035645 -0.968506 -0.002128 0.030863 0.002128 36.900002 -1.500000 81.900002
-0.010986 -0.023438 -0.979980 -0.002128 0.012771 -0.009578 38.400002 -1.200000 80.400002
-0.025879 -0.029541 -0.985107 -0.007450 0.019156 -0.009578 38.400002 -1.200000 81.000000
-0.017578 -0.018066 -0.981201 -0.013835 0.013835 -0.022349 36.299999 -1.500000 82.500000
-0.014160 -0.023438 -0.976318 -0.021284 0.013835 -0.026606 36.599998 -3.000000 82.199997
-0.008301 -0.024902 -0.975586 -0.013835 0.021284 0.004257 36.299999 -2.700000 82.500000
-0.020752 -0.026855 -0.984863 -0.017028 0.020220 -0.004257 38.400002 -3.000000 82.199997
-0.011963 -0.027100 -0.977783 -0.011706 0.019156 -0.004257 36.900002 -1.500000 82.500000
-0.034668 -0.027344 -0.984863 -0.017028 0.024477 -0.006385 37.200001 -1.800000 81.599998
-0.018555 -0.039307 -0.990479 -0.013835 0.019156 0.021284 35.700001 -2.100000 82.500000
-0.020508 -0.028564 -0.984131 -0.008514 0.017028 0.010642 37.200001 -1.800000 81.599998
-0.015625 -0.032471 -0.963867 -0.012771 0.017028 0.011706 36.299999 -1.500000 82.500000
-0.022705 -0.024902 -0.972168 -0.015963 0.019156 0.008514 37.200001 -2.400000 80.400002
-0.022949 -0.035645 -0.979980 -0.017028 0.020220 0.022349 37.500000 -2.100000 81.900002
-0.012695 -0.016357 -0.978760 -0.017028 0.014899 -0.003193 36.900002 -2.100000 82.500000
-0.009277 -0.031494 -0.973633 -0.018092 0.021284 0.001064 35.700001 0.300000 82.500000
-0.023682 -0.025146 -0.977539 -0.012771 0.014899 0.005321 37.799999 -0.600000 82.800003
-0.018799 -0.017090 -0.975098 -0.019156 0.020220 0.010642 36.900002 -1.500000 83.099998
-0.027344 -0.011963 -0.960938 -0.015963 0.021284 -0.012771 35.400002 -2.400000 81.599998
-0.020508 -0.030029 -0.966064 -0.011706 0.012771 -0.008514 36.900002 -2.100000 82.500000
-0.020508 -0.037109 -0.976562 -0.017028 0.024477 0.019156 37.200001 -1.800000 82.199997
-0.015381 -0.023438 -0.966553 -0.013835 0.023413 0.010642 35.400002 -2.400000 81.000000
-0.027832 -0.037354 -0.981934 -0.013835 0.021284 0.011706 36.900002 -0.900000 81.900002
-0.010498 -0.028320 -0.986572 -0.018092 0.018092 0.014899 36.900002 -2.700000 82.500000
-0.018066 -0.019531 -0.989502 -0.018092 0.014899 0.008514 36.900002 -0.900000 81.300003
-0.017090 -0.031982 -0.972656 -0.006385 0.022349 0.021284 36.299999 -0.900000 82.500000
-0.013672 -0.028076 -0.971924 -0.018092 0.020220 0.018092 37.500000 -0.300000 82.500000
-0.010986 -0.022217 -0.977539 -0.010642 0.020220 0.001064 37.200001 -0.600000 81.599998
-0.012695 -0.026123 -0.966797 -0.012771 0.018092 0.011706 37.200001 -1.800000 81.000000
-0.024170 -0.029053 -0.980225 -0.014899 0.022349 0.004257 37.799999 -1.200000 83.400002
-0.016846 -0.029053 -0.970703 -0.011706 0.014899 0.012771 39.000000 -3.000000 81.599998
-0.016113 -0.022949 -0.970703 -0.017028 0.026606 0.021284 36.299999 -0.300000 81.900002
-0.021240 -0.026855 -0.971924 -0.015963 0.024477 0.008514 36.299999 -2.700000 81.900002
-0.001709 -0.026123 -0.977051 -0.015963 0.018092 0.012771 36.900002 -1.500000 82.500000
-0.029053 -0.031006 -0.991943 -0.020220 0.020220 0.010642 37.200001 -1.200000 81.000000
-0.021973 -0.031006 -0.972656 -0.012771 0.018092 -0.002128 37.500000 -2.100000 82.500000
0.000000 -0.020020 -0.978760 -0.003193 0.018092 0.010642 37.200001 -1.800000 81.000000
-0.008789 -0.030762 -0.977539 -0.020220 0.022349 0.009578 37.500000 -2.700000 81.300003
-0.016113 -0.020264 -0.962402 -0.010642 0.020220 0.012771 37.799999 -2.400000 80.400002
-0.019775 -0.023193 -0.985352 -0.012771 0.015963 0.000000 36.900002 -1.500000 80.099998
-0.029541 -0.021484 -0.977783 -0.009578 0.015963 0.019156 36.299999 -0.900000 80.099998
-0.031738 -0.034912 -0.975586 -0.008514 0.015963 -0.003193 36.299999 -1.500000 81.900002
-0.016357 -0.032471 -0.966553 -0.012771 0.017028 0.009578 36.900002 -0.900000 81.300003
-0.026367 -0.032959 -0.989014 -0.015963 0.026606 -0.001064 36.599998 -1.200000 81.599998
-0.018555 -0.032959 -0.965820 -0.011706 0.012771 0.004257 38.099998 -0.300000 82.500000
-0.021240 -0.026367 -0.997070 -0.015963 0.018092 -0.007450 34.500000 -1.500000 81.900002
-0.022705 -0.030762 -0.978516 -0.013835 0.022349 0.007450 37.500000 -0.900000 81.300003
-0.015625 -0.020996 -0.980225 -0.013835 0.015963 0.004257 37.200001 -1.800000 82.199997
-0.003418 -0.028320 -0.975586 -0.010642 0.015963 0.005321 36.900002 -2.700000 81.900002
-0.021484 -0.026855 -0.974121 -0.014899 0.023413 0.009578 37.799999 -1.800000 82.199997
-0.013184 -0.032715 -0.987305 -0.010642 0.019156 0.024477 37.200001 -2.400000 80.400002
-0.017578 -0.018311 -0.970215 -0.012771 0.015963 0.004257 36.599998 -1.200000 81.000000
-0.008057 -0.025879 -0.974609 -0.013835 0.018092 0.010642 36.900002 -1.500000 80.699997
-0.019531 -0.016846 -0.978516 -0.014899 0.017028 0.011706 34.799999 -1.800000 82.199997
-0.021484 -0.036621 -0.966309 -0.020220 0.023413 0.022349 36.000000 -2.400000 82.199997
-0.018799 -0.029785 -0.986084 -0.017028 0.017028 0.018092 36.599998 -2.400000 81.599998
-0.025879 -0.043945 -0.979248 -0.013835 0.022349 0.018092 36.599998 -2.400000 79.800003
-0.013672 -0.009766 -0.966797 -0.020220 0.022349 0.022349 36.900002 -1.500000 80.099998
-0.010742 -0.025635 -0.971680 -0.014899 0.022349 0.007450 36.599998 -1.200000 81.599998
-0.023438 -0.028320 -0.978027 -0.010642 0.018092 0.009578 37.200001 -1.200000 81.000000
-0.027100 -0.026367 -0.993408 -0.024477 0.030863 0.000000 36.599998 -1.800000 82.199997
-0.011475 -0.019775 -0.973389 -0.019156 0.014899 -0.002128 37.799999 -1.800000 82.199997
-0.016357 -0.030762 -0.977539 -0.021284 0.024477 0.012771 36.000000 -3.000000 81.599998
-0.002441 -0.024414 -0.971680 -0.014899 0.019156 0.003193 37.500000 -0.900000 81.900002
-0.009277 -0.031494 -0.974121 -0.022349 0.025541 0.018092 36.599998 -1.200000 82.800003
-0.000732 -0.022705 -0.979980 -0.023413 0.026606 0.020220 36.900002 -2.100000 81.300003
-0.013184 -0.020752 -0.983643 0.006385 0.000000 0.008514 36.900002 -0.300000 82.500000
-0.037598 -0.021729 -0.954590 -0.025541 0.027670 0.027670 37.799999 -0.600000 82.800003
-0.009766 -0.042725 -0.997314 -0.011706 0.006385 0.017028 36.900002 -1.500000 81.300003
-0.010986 -0.028076 -0.992432 -0.004257 0.018092 0.018092 36.000000 -1.200000 79.800003
-0.032959 -0.019287 -0.960693 -0.017028 0.029798 0.020220 37.200001 0.000000 81.000000
-0.030518 -0.040039 -0.985352 -0.020220 0.022349 0.012771 37.799999 -2.400000 79.800003
-0.018311 -0.022705 -0.986328 -0.010642 0.020220 0.020220 36.000000 -1.200000 81.000000
-0.018799 -0.021729 -0.972900 -0.013835 0.013835 0.015963 36.599998 -1.800000 81.599998
-0.016846 -0.040283 -0.982910 -0.011706 0.022349 0.022349 36.000000 -0.600000 79.800003
-0.028076 -0.027344 -0.972168 -0.015963 0.019156 0.015963 37.200001 -2.400000 81.599998
-0.020752 -0.032959 -0.980957 -0.010642 0.020220 0.020220 36.599998 -1.200000 81.599998
-0.018311 -0.023438 -0.987793 -0.017028 0.018092 0.018092 36.900002 -0.900000 83.099998
-0.024902 -0.038330 -0.979492 -0.015963 0.018092 0.018092 36.599998 -1.200000 80.400002
-0.023438 -0.027832 -0.971924 -0.014899 0.022349 0.021284 34.799999 -1.200000 82.199997
-0.015869 -0.031006 -0.980957 -0.013835 0.021284 0.018092 35.700001 -1.500000 80.699997
-0.018555 -0.024902 -0.983154 -0.009578 0.021284 0.017028 36.599998 -1.200000 80.400002
-0.024902 -0.028564 -0.974609 -0.012771 0.019156 0.018092 36.000000 -1.200000 81.599998
-0.026611 -0.022949 -0.979736 -0.012771 0.019156 0.020220 36.299999 -1.500000 81.900002
-0.021240 -0.026611 -0.985352 -0.012771 0.020220 0.020220 36.599998 -1.800000 82.800003
-0.019775 -0.030273 -0.974854 -0.014899 0.021284 0.015963 36.599998 -0.600000 82.199997
-0.021240 -0.031006 -0.978027 -0.015963 0.018092 0.015963 36.900002 -0.300000 81.900002
-0.021973 -0.032715 -0.982666 -0.015963 0.022349 0.018092 36.000000 -0.600000 82.199997
-0.020996 -0.025635 -0.985107 -0.013835 0.017028 0.021284 35.700001 -1.500000 83.099998
-0.019287 -0.020020 -0.976318 -0.014899 0.019156 0.019156 37.200001 -2.400000 81.000000
-0.017334 -0.026367 -0.984619 -0.014899 0.018092 0.019156 35.400002 0.000000 81.599998
-0.020508 -0.025635 -0.974121 -0.014899 0.021284 0.018092 37.500000 -0.900000 81.900002
-0.027100 -0.027344 -0.982910 -0.013835 0.021284 0.019156 35.400002 -0.600000 81.599998
-0.021240 -0.031006 -0.976807 -0.011706 0.020220 0.019156 37.200001 -3.600000 79.800003
-0.020996 -0.031006 -0.981445 -0.014899 0.018092 0.020220 36.599998 -0.600000 81.000000
-0.022705 -0.027588 -0.985107 -0.013835 0.019156 0.018092 36.900002 -2.100000 80.699997
-0.022705 -0.025146 -0.972656 -0.013835 0.017028 0.018092 37.200001 -0.600000 81.000000
-0.018311 -0.032715 -0.983398 -0.013835 0.018092 0.017028 37.799999 -0.600000 81.599998
-0.019531 -0.026611 -0.964600 -0.017028 0.018092 0.019156 35.700001 -1.500000 80.099998
-0.025391 -0.030518 -0.977783 -0.013835 0.022349 0.015963 36.299999 -1.500000 81.900002
-0.020264 -0.028076 -0.979248 -0.012771 0.018092 0.022349 35.700001 -1.500000 80.099998
-0.018311 -0.026855 -0.977051 -0.013835 0.019156 0.019156 36.000000 -1.200000 82.800003
-0.011719 -0.027832 -0.974365 -0.015963 0.018092 0.019156 36.599998 -1.200000 81.000000
-0.024170 -0.031738 -0.978760 -0.013835 0.019156 0.019156 35.700001 -2.700000 81.900002
-0.023926 -0.032959 -0.979736 -0.011706 0.021284 0.014899 36.299999 -2.100000 81.300003
-0.016846 -0.026367 -0.983643 -0.012771 0.021284 0.019156 36.900002 -0.300000 81.300003
-0.021729 -0.021240 -0.979248 -0.012771 0.019156 0.018092 37.799999 -1.800000 81.000000
-0.025391 -0.020996 -0.976807 -0.013835 0.019156 0.019156 35.099998 -0.900000 80.699997
-0.017822 -0.028076 -0.973877 -0.015963 0.019156 0.019156 37.500000 -1.500000 81.900002
-0.015869 -0.028076 -0.978271 -0.011706 0.021284 0.019156 35.099998 -1.500000 82.500000
-0.020752 -0.027344 -0.981689 -0.009578 0.019156 0.021284 36.000000 0.000000 82.199997
-0.026855 -0.028320 -0.982422 -0.014899 0.019156 0.019156 35.700001 -2.100000 81.300003
-0.017578 -0.029297 -0.980957 -0.017028 0.021284 0.021284 37.200001 -2.400000 82.800003
-0.019531 -0.031006 -0.976318 -0.010642 0.019156 0.017028 36.299999 -0.900000 81.900002
-0.025391 -0.031494 -0.979248 -0.013835 0.018092 0.020220 35.700001 -1.500000 80.099998
-0.024414 -0.022949 -0.975098 -0.017028 0.022349 0.018092 36.900002 -1.500000 81.900002
-0.018066 -0.031982 -0.981201 -0.013835 0.020220 0.017028 36.599998 -0.600000 79.800003
-0.019531 -0.029541 -0.975586 -0.017028 0.019156 0.018092 36.900002 -2.700000 82.500000
-0.015137 -0.033203 -0.977295 -0.012771 0.020220 0.013835 37.799999 -0.600000 81.000000
-0.025879 -0.033203 -0.971924 -0.014899 0.020220 0.021284 36.599998 -2.400000 82.199997
-0.024658 -0.029785 -0.979004 -0.012771 0.021284 0.022349 37.799999 0.000000 81.599998
-0.021973 -0.026123 -0.976318 -0.014899 0.022349 0.015963 36.299999 -0.900000 80.699997
-0.026611 -0.028564 -0.978027 -0.014899 0.020220 0.020220 36.900002 -2.700000 80.699997
-0.024170 -0.031006 -0.971924 -0.013835 0.021284 0.021284 37.799999 -1.200000 81.000000
-0.020508 -0.024170 -0.980225 -0.014899 0.023413 0.015963 36.599998 -1.800000 80.400002
-0.020996 -0.031982 -0.981689 -0.013835 0.022349 0.018092 35.400002 -0.600000 82.199997
-0.016602 -0.028320 -0.977051 -0.017028 0.020220 0.020220 35.400002 -1.200000 82.199997
-0.020752 -0.032471 -0.978027 -0.014899 0.020220 0.018092 34.799999 0.000000 81.599998
-0.022461 -0.035889 -0.981445 -0.017028 0.022349 0.018092 35.400002 -1.200000 81.000000
-0.023926 -0.026367 -0.974854 -0.009578 0.015963 0.017028 37.200001 -0.600000 81.599998
-0.020508 -0.028076 -0.971680 -0.020220 0.027670 0.020220 36.000000 -0.600000 81.599998
-0.020020 -0.031006 -0.988525 -0.034055 0.031927 0.024477 37.799999 -1.200000 81.599998
-0.014648 -0.027832 -0.980713 -0.028734 0.031927 0.021284 36.000000 -2.400000 82.199997
-0.022949 -0.024414 -0.979980 -0.022349 0.029798 0.024477 36.900002 -1.500000 81.300003
-0.022461 -0.038330 -0.984863 -0.021284 0.024477 0.057468 37.200001 -2.400000 81.599998
-0.016113 -0.025391 -0.972900 -0.005321 0.014899 0.094716 36.900002 -1.500000 80.099998
-0.018311 -0.033936 -0.974609 0.009578 0.009578 0.162826 37.200001 -0.600000 81.599998
-0.028076 -0.042725 -0.983398 0.006385 0.021284 0.210716 37.500000 -2.100000 81.300003
-0.021484 -0.053467 -0.976318 -0.017028 0.024477 0.304368 36.299999 -2.100000 81.900002
-0.008057 -0.029297 -0.978760 -0.030863 0.032991 0.315010 37.200001 -3.000000 82.800003
-0.020020 -0.016113 -0.976807 -0.014899 0.025541 0.261799 37.500000 -4.500000 80.099998
-0.020508 -0.032471 -0.971924 -0.015963 0.022349 0.261799 36.000000 -3.600000 81.599998
-0.018066 -0.017090 -0.967529 -0.006385 0.019156 0.233065 37.200001 -3.600000 82.199997
-0.025391 -0.022461 -0.976074 -0.010642 0.019156 0.220294 37.799999 -4.200000 80.400002
-0.020264 -0.039795 -0.979980 -0.018092 0.026606 0.256478 36.900002 -3.300000 81.900002
-0.020508 -0.007080 -0.979248 -0.017028 0.032991 0.202203 36.000000 -3.600000 81.599998
-0.016602 -0.016846 -0.972168 -0.012771 0.026606 0.135156 36.299999 -3.900000 81.900002
-0.022461 -0.028076 -0.976807 -0.014899 0.023413 0.131964 36.299999 -3.300000 81.300003
-0.015381 -0.020996 -0.984619 -0.014899 0.026606 0.136221 36.900002 -3.900000 81.900002
-0.019287 -0.011963 -0.984131 -0.013835 0.027670 0.097909 35.400002 -4.800000 83.400002
-0.017822 -0.036621 -0.975830 -0.011706 0.025541 0.104294 36.299999 -3.900000 82.500000
-0.020020 -0.035156 -0.980225 -0.009578 0.022349 0.138349 34.799999 -4.800000 81.599998
-0.022217 -0.040771 -0.983398 -0.014899 0.021284 0.174533 37.200001 -5.400000 82.199997
-0.021240 -0.035645 -0.988525 -0.012771 0.027670 0.214973 35.400002 -5.400000 81.599998
-0.016357 -0.062744 -0.980225 -0.012771 0.011706 0.324588 37.200001 -5.400000 81.000000
-0.025879 0.031982 -0.971680 0.001064 0.027670 0.350130 36.599998 -6.600000 80.400002
-0.016113 0.012939 -0.970215 -0.002128 0.025541 0.337359 37.200001 -6.600000 80.400002
-0.022461 0.014648 -0.963379 -0.003193 0.032991 0.249028 35.700001 -6.900000 80.699997
-0.025391 -0.034668 -0.977539 -0.009578 0.022349 0.225616 36.599998 -6.000000 82.199997
-0.018311 -0.023926 -0.981201 -0.012771 0.018092 0.203267 36.299999 -6.900000 81.300003
-0.022949 -0.032227 -0.975830 -0.011706 0.019156 0.177725 36.299999 -7.500000 81.900002
-0.025146 -0.028564 -0.980957 -0.009578 0.023413 0.148991 35.400002 -6.000000 82.199997
-0.023682 -0.037109 -0.974609 -0.010642 0.021284 0.188368 36.000000 -7.800000 82.199997
-0.025635 -0.024902 -0.982178 -0.005321 0.024477 0.233065 36.599998 -7.200000 82.199997
-0.012939 -0.032715 -0.977783 -0.008514 0.020220 0.258606 35.700001 -8.100000 82.500000
-0.019043 -0.047363 -0.980957 -0.009578 0.021284 0.303304 36.599998 -7.800000 80.400002
-0.023438 -0.040283 -0.974121 -0.007450 0.023413 0.324588 36.900002 -9.900000 80.099998
-0.017578 -0.055664 -0.976562 -0.005321 0.018092 0.416112 36.000000 -8.400000 82.199997
-0.020264 -0.042725 -0.973633 -0.003193 0.012771 0.469323 35.700001 -8.700000 82.500000
-0.023682 -0.017578 -0.971680 -0.002128 0.015963 0.429947 37.799999 -9.600000 81.599998
-0.021973 -0.028320 -0.977051 -0.001064 0.013835 0.436332 35.700001 -10.500000 83.099998
-0.031494 -0.037598 -0.974121 -0.005321 0.023413 0.445910 36.599998 -11.400000 82.199997
-0.018311 -0.008057 -0.971191 -0.007450 0.021284 0.383121 37.200001 -10.800000 82.199997
-0.030273 -0.025391 -0.979980 -0.007450 0.021284 0.320332 35.700001 -12.300000 81.300003
-0.025879 -0.011719 -0.972656 -0.011706 0.025541 0.269249 36.000000 -12.000000 80.400002
-0.024170 -0.018066 -0.969727 -0.017028 0.026606 0.232001 37.799999 -12.000000 81.599998
-0.022705 -0.025635 -0.973145 -0.013835 0.024477 0.214973 34.200001 -12.000000 82.199997
-0.022705 -0.041016 -0.979004 -0.008514 0.021284 0.250093 36.299999 -12.300000 80.699997
-0.027588 -0.051514 -0.969727 -0.007450 0.017028 0.341616 34.200001 -12.000000 81.599998
-0.027832 -0.043701 -0.985107 -0.004257 0.011706 0.386313 34.799999 -13.800000 81.599998
-0.028564 -0.032715 -0.975830 -0.010642 0.029798 0.405469 36.599998 -13.800000 81.599998
-0.031982 -0.046631 -0.986328 -0.012771 0.028734 0.460809 34.500000 -13.500000 81.900002
-0.019775 -0.030518 -0.986328 -0.001064 0.019156 0.380992 35.400002 -13.800000 81.599998
-0.023682 -0.009277 -0.963867 -0.011706 0.026606 0.323524 33.900002 -14.100000 81.900002
-0.019287 -0.023193 -0.977539 -0.014899 0.020220 0.240515 33.599998 -13.800000 80.400002
-0.030273 -0.044922 -0.983398 -0.007450 0.018092 0.260735 34.200001 -15.000000 81.000000
-0.026611 -0.031250 -0.962402 -0.009578 0.025541 0.299047 33.900002 -16.500000 82.500000
-0.023438 -0.033691 -0.979492 -0.013835 0.022349 0.279891 33.900002 -15.300000 82.500000
-0.021484 -0.028564 -0.984131 -0.008514 0.014899 0.263928 34.200001 -16.200001 81.000000
-0.021240 -0.019287 -0.975830 -0.006385 0.015963 0.234129 33.299999 -15.300000 83.099998
-0.023926 -0.036377 -0.976074 -0.009578 0.022349 0.240515 33.000000 -16.799999 81.599998
-0.032227 -0.028564 -0.979248 -0.002128 0.015963 0.246900 33.599998 -16.200001 81.599998
-0.027588 -0.038086 -0.985840 0.000000 0.011706 0.263928 33.000000 -16.799999 81.599998
-0.033936 -0.046631 -0.982666 0.008514 0.003193 0.316075 33.299999 -17.700001 82.500000
-0.022705 -0.023926 -0.971680 0.011706 0.003193 0.323524 33.000000 -16.200001 82.800003
-0.034424 -0.011230 -0.971436 -0.020220 0.029798 0.229872 32.400002 -17.400000 82.800003
-0.027588 -0.011475 -0.982666 -0.006385 0.017028 0.195817 34.200001 -18.000000 81.599998
-0.027832 -0.015625 -0.973877 -0.002128 0.011706 0.144735 33.000000 -16.799999 81.000000
-0.027832 -0.044678 -0.980225 -0.008514 0.020220 0.191560 31.200001 -16.799999 84.000000
-0.037598 -0.042480 -0.975342 -0.008514 0.023413 0.257542 32.700001 -18.299999 81.300003
-0.025635 -0.030518 -0.983154 -0.010642 0.023413 0.274570 33.000000 -18.000000 82.800003
-0.024414 -0.035645 -0.975586 -0.005321 0.021284 0.285212 34.500000 -19.500000 83.099998
-0.027832 -0.021484 -0.984619 -0.010642 0.021284 0.244772 33.299999 -18.299999 81.900002
-0.031494 -0.007080 -0.976074 -0.008514 0.021284 0.129835 31.500000 -18.900000 81.900002
-0.030273 -0.023438 -0.985352 -0.012771 0.015963 0.069175 32.099998 -18.900000 83.099998
-0.029785 -0.034180 -0.980225 -0.018092 0.024477 0.041505 32.400002 -18.600000 81.599998
-0.037842 -0.024902 -0.982178 -0.017028 0.023413 0.026606 31.799999 -18.600000 82.800003
-0.034180 -0.047852 -0.980225 -0.009578 0.013835 0.076624 31.500000 -18.900000 82.500000
-0.032959 -0.023682 -0.973145 -0.014899 0.024477 0.057468 34.200001 -18.600000 84.000000
-0.033691 -0.036865 -0.988525 -0.015963 0.020220 0.073431 32.400002 -19.200001 82.199997
-0.028320 -0.027100 -0.978516 -0.012771 0.019156 0.041505 33.299999 -18.900000 81.900002
-0.036377 -0.041016 -0.979492 -0.015963 0.022349 0.015963 33.599998 -19.799999 81.599998
-0.030518 -0.036133 -0.982422 -0.015963 0.020220 0.022349 33.000000 -17.400000 82.800003
-0.028809 -0.026123 -0.987305 -0.010642 0.013835 0.020220 32.099998 -19.500000 83.699997
-0.031494 -0.030518 -0.970947 -0.015963 0.023413 0.019156 30.900000 -20.100000 81.300003
-0.030518 -0.035645 -0.970947 -0.017028 0.020220 0.018092 31.500000 -18.900000 82.500000
-0.030273 -0.034668 -0.974365 -0.010642 0.020220 0.021284 32.099998 -19.500000 81.900002
-0.034912 -0.029541 -0.983154 -0.011706 0.019156 0.022349 31.200001 -20.400000 82.800003
-0.036133 -0.029541 -0.978271 -0.014899 0.021284 0.019156 32.700001 -20.700001 81.900002
-0.032471 -0.032715 -0.975342 -0.015963 0.018092 0.015963 32.400002 -19.200001 81.000000
-0.033203 -0.034424 -0.973389 -0.012771 0.019156 0.019156 32.099998 -18.900000 80.699997
-0.032959 -0.026123 -0.979004 -0.015963 0.021284 0.019156 31.200001 -19.200001 84.000000
-0.031006 -0.031250 -0.980225 -0.017028 0.014899 0.017028 30.900000 -18.299999 83.699997
-0.030518 -0.026123 -0.963867 -0.017028 0.020220 0.019156 32.400002 -18.000000 81.599998
-0.031494 -0.026611 -0.968750 -0.017028 0.020220 0.018092 30.900000 -18.900000 82.500000
-0.025146 -0.032959 -0.972900 -0.015963 0.019156 0.017028 33.000000 -21.000000 82.800003
-0.024170 -0.031982 -0.974854 -0.012771 0.022349 0.019156 32.099998 -18.900000 81.300003
-0.027588 -0.030518 -0.980469 -0.015963 0.024477 0.018092 32.400002 -19.799999 82.199997
-0.028564 -0.033447 -0.978271 -0.017028 0.019156 0.018092 33.299999 -18.900000 82.500000
