-0.015381 -0.008301 -0.970459 -0.013835 0.022349 0.019156 -30.600000 7.800000 87.000000
-0.020264 -0.014648 -0.975830 -0.015963 0.021284 0.020220 -28.500000 6.900000 84.900002
-0.022461 -0.012939 -0.976318 -0.013835 0.021284 0.018092 -29.400000 6.600000 86.400002
-0.020996 -0.008545 -0.968506 -0.015963 0.019156 0.017028 -29.400000 7.200000 86.400002
-0.019043 -0.014648 -0.981689 -0.013835 0.019156 0.017028 -30.299999 8.100000 87.900002
-0.022461 -0.010986 -0.976807 -0.017028 0.019156 0.021284 -29.700001 8.700000 87.900002
-0.022705 -0.015625 -0.974854 -0.013835 0.021284 0.017028 -30.000000 9.000000 85.800003
-0.023682 -0.015625 -0.976807 -0.013835 0.023413 0.020220 -30.600000 7.800000 86.400002
-0.026123 -0.007324 -0.979004 -0.011706 0.020220 0.019156 -29.400000 6.600000 85.800003
-0.019043 -0.016602 -0.977783 -0.012771 0.021284 0.020220 -30.000000 7.200000 86.400002
-0.022949 -0.011719 -0.971680 -0.013835 0.020220 0.019156 -29.400000 7.800000 87.000000
-0.022217 -0.013184 -0.980469 -0.012771 0.020220 0.017028 -29.100000 6.300000 86.699997
-0.013672 -0.012451 -0.973633 -0.014899 0.019156 0.017028 -29.100000 6.300000 87.300003
-0.017578 -0.007324 -0.975342 -0.013835 0.020220 0.019156 -29.700001 7.500000 87.900002
-0.019287 -0.013428 -0.971680 -0.011706 0.021284 0.019156 -30.299999 7.500000 87.900002
-0.020020 -0.013672 -0.979980 -0.010642 0.021284 0.020220 -29.700001 8.700000 87.300003
-0.018066 -0.010742 -0.976807 -0.014899 0.022349 0.019156 -27.600000 7.800000 85.800003
-0.024170 -0.015137 -0.977051 -0.012771 0.022349 0.017028 -30.299999 8.100000 86.099998
-0.020752 -0.011475 -0.972168 -0.015963 0.019156 0.020220 -31.799999 6.000000 85.199997
-0.013672 -0.014404 -0.987305 -0.014899 0.019156 0.019156 -29.700001 6.900000 86.099998
-0.019531 -0.011230 -0.975098 -0.017028 0.019156 0.020220 -30.900000 6.900000 86.699997
-0.021240 -0.013428 -0.976807 -0.017028 0.021284 0.017028 -30.600000 5.400000 85.800003
-0.017334 -0.018799 -0.973389 -0.015963 0.020220 0.017028 -30.600000 9.000000 86.400002
-0.019775 -0.015381 -0.974854 -0.014899 0.021284 0.019156 -30.000000 7.800000 87.000000
-0.021729 -0.018066 -0.970703 -0.013835 0.021284 0.018092 -29.400000 9.000000 86.400002
-0.019287 -0.009766 -0.984619 -0.015963 0.018092 0.020220 -29.100000 8.100000 86.699997
-0.023926 -0.007568 -0.984863 -0.018092 0.019156 0.019156 -29.100000 9.300000 84.900002
-0.017822 -0.017822 -0.977295 -0.014899 0.017028 0.020220 -29.400000 6.600000 86.400002
-0.024170 -0.015137 -0.983154 -0.009578 0.021284 0.017028 -30.600000 7.200000 89.400002
-0.022461 -0.016846 -0.984863 -0.014899 0.020220 0.018092 -28.500000 8.700000 86.699997
-0.024170 -0.007324 -0.976562 -0.012771 0.019156 0.020220 -29.700001 8.700000 83.699997
-0.019531 -0.012207 -0.982422 -0.015963 0.020220 0.014899 -30.299999 7.500000 86.699997
-0.022949 -0.016113 -0.980225 -0.012771 0.022349 0.019156 -30.900000 6.900000 84.900002
-0.019287 -0.012207 -0.976807 -0.015963 0.018092 0.015963 -30.299999 7.500000 85.500000
-0.020508 -0.009277 -0.983398 -0.012771 0.017028 0.019156 -30.299999 8.100000 86.099998
-0.015137 -0.013672 -0.974365 -0.010642 0.022349 0.018092 -28.500000 8.700000 86.099998
-0.023438 -0.013672 -0.989502 -0.013835 0.018092 0.017028 -29.700001 6.300000 85.500000
-0.014648 -0.019287 -0.980713 -0.009578 0.021284 0.131964 -28.200001 7.200000 87.599998
-0.016357 -0.049316 -0.996582 -0.008514 0.024477 0.461873 -29.400000 7.200000 85.199997
-0.010010 0.052490 -0.979004 -0.014899 0.023413 0.234129 -28.799999 7.200000 85.199997
-0.015137 0.005615 -0.966797 -0.011706 0.026606 0.098973 -30.000000 7.800000 85.800003
-0.034668 -0.033447 -0.984375 -0.011706 0.023413 0.148991 -30.000000 9.600000 85.800003
-0.022705 -0.018799 -0.969238 -0.005321 0.025541 0.167083 -30.299999 8.700000 87.300003
-0.024414 -0.027344 -0.981689 -0.007450 0.022349 0.191560 -30.600000 7.800000 86.400002
-0.027832 -0.037354 -0.968994 -0.011706 0.029798 0.287341 -29.100000 10.500000 86.699997
-0.020020 -0.001953 -0.974854 -0.010642 0.024477 0.269249 -28.200001 10.200000 86.400002
-0.021973 -0.025391 -0.977539 -0.011706 0.026606 0.305432 -30.000000 10.200000 87.599998
-0.010986 -0.037842 -0.986816 -0.010642 0.028734 0.427818 -29.400000 11.400000 87.000000
-0.019043 -0.013672 -0.977783 -0.006385 0.031927 0.474644 -27.600000 12.000000 87.000000
-0.023682 -0.021973 -0.990967 -0.009578 0.032991 0.482094 -27.900000 11.700000 84.900002
-0.016602 -0.020508 -0.980713 -0.008514 0.027670 0.501250 -27.600000 13.200000 86.400002
-0.019775 -0.020752 -0.983154 -0.015963 0.034055 0.509763 -27.900000 12.900000 85.500000
-0.017090 -0.007080 -0.980713 -0.014899 0.038312 0.494864 -27.000000 13.800000 85.199997
-0.005371 -0.011719 -0.960693 -0.010642 0.025541 0.468259 -27.600000 13.200000 85.199997
-0.022461 0.002441 -0.992920 -0.008514 0.026606 0.425690 -26.100000 14.100000 86.099998
-0.014893 -0.002197 -0.968262 -0.009578 0.028734 0.386313 -27.299999 14.100000 86.099998
-0.001953 -0.028320 -0.974609 -0.006385 0.018092 0.437396 -26.700001 14.100000 86.099998
-0.013428 -0.010986 -0.965820 -0.012771 0.028734 0.422497 -26.400000 16.200001 85.800003
-0.029785 -0.021484 -0.992920 -0.005321 0.030863 0.446974 -26.400000 15.600000 86.400002
-0.016602 -0.001953 -0.989990 -0.013835 0.022349 0.420369 -25.500000 18.299999 87.900002
-0.010010 -0.017822 -0.969482 -0.007450 0.026606 0.424625 -26.700001 17.700001 85.500000
-0.017090 -0.019043 -0.969482 -0.012771 0.032991 0.438460 -25.500000 18.900000 86.699997
-0.019775 -0.016602 -0.975098 -0.009578 0.032991 0.435268 -24.600000 17.400000 87.000000
-0.019043 -0.008789 -0.966064 -0.010642 0.019156 0.441653 -23.100000 17.700001 84.300003
-0.020996 -0.020752 -0.999023 -0.010642 0.036184 0.464002 -24.000000 20.400000 84.599998
-0.030762 0.000732 -0.968750 -0.007450 0.027670 0.435268 -24.000000 19.200001 87.000000
-0.007568 -0.026367 -0.980469 -0.009578 0.025541 0.474644 -21.299999 19.500000 85.500000
-0.019775 -0.011230 -0.970703 -0.007450 0.031927 0.477837 -23.100000 20.100000 86.099998
-0.009277 -0.021484 -0.974609 -0.008514 0.028734 0.511892 -20.700001 20.700001 87.300003
-0.001709 -0.011719 -0.970703 -0.008514 0.024477 0.506571 -22.200001 22.200001 87.000000
-0.024170 -0.007324 -0.983643 -0.010642 0.026606 0.432075 -21.000000 20.400000 86.400002
-0.013672 -0.016357 -0.977783 -0.006385 0.029798 0.439525 -23.100000 21.900000 86.699997
-0.009766 -0.019531 -0.976562 -0.009578 0.018092 0.448038 -20.100000 23.100000 86.099998
-0.015625 -0.001465 -0.989258 -0.007450 0.024477 0.406534 -19.799999 22.799999 86.400002
-0.020264 -0.026611 -0.977783 -0.007450 0.030863 0.427818 -20.100000 23.100000 86.099998
-0.021729 -0.018799 -0.979736 -0.008514 0.032991 0.459745 -19.500000 23.700001 83.099998
-0.009521 -0.011963 -0.992188 -0.008514 0.030863 0.457616 -19.500000 23.700001 86.099998
-0.022461 -0.025879 -0.976807 -0.010642 0.031927 0.465066 -16.200001 25.799999 85.800003
-0.010498 -0.014404 -0.975586 -0.009578 0.031927 0.483158 -18.900000 24.299999 85.500000
-0.020996 -0.037109 -0.981689 -0.011706 0.039376 0.553397 -17.400000 22.799999 85.199997
-0.023926 -0.020264 -0.971680 -0.009578 0.036184 0.572553 -15.600000 25.200001 87.000000
-0.017090 -0.032959 -0.972412 -0.005321 0.035119 0.607672 -15.900000 24.900000 84.900002
-0.008301 -0.030029 -0.969727 -0.008514 0.031927 0.664076 -15.900000 24.900000 84.300003
-0.011475 -0.020020 -0.969727 -0.008514 0.032991 0.677911 -15.000000 27.000000 85.199997
-0.003906 -0.004150 -0.982178 -0.010642 0.037248 0.635342 -14.100000 26.100000 85.500000
-0.007812 -0.022217 -0.971191 -0.006385 0.035119 0.645984 -13.500000 27.299999 85.500000
-0.019287 -0.012695 -0.966553 -0.003193 0.038312 0.642791 -12.900000 27.900000 86.099998
-0.009766 -0.032959 -0.969727 -0.009578 0.036184 0.690682 -11.400000 28.200001 85.800003
-0.006104 -0.021729 -0.985107 0.002128 0.026606 0.723673 -10.800000 29.400000 84.599998
-0.013428 -0.001465 -0.964600 -0.006385 0.032991 0.699195 -9.300000 28.500000 84.900002
-0.008057 -0.020264 -0.989502 -0.006385 0.031927 0.713030 -11.400000 27.600000 85.199997
-0.021973 0.008301 -0.984131 0.002128 0.037248 0.693874 -8.700000 30.299999 84.300003
-0.023438 -0.010742 -0.996582 -0.007450 0.034055 0.689617 -7.500000 29.100000 82.500000
-0.004883 -0.010254 -0.976074 -0.006385 0.028734 0.674718 -8.400000 29.400000 83.400002
0.009766 -0.012207 -0.970947 -0.008514 0.040441 0.675782 -6.600000 28.799999 84.599998
-0.011963 -0.020508 -0.977295 -0.002128 0.040441 0.706645 -5.400000 29.400000 85.199997
-0.011475 -0.015625 -0.976074 -0.002128 0.030863 0.658755 -6.300000 30.900000 83.699997
-0.012207 0.001709 -0.971924 -0.006385 0.037248 0.599158 -4.200000 30.600000 83.400002
-0.005127 -0.005371 -0.977295 -0.010642 0.025541 0.574681 -3.300000 32.099998 83.699997
-0.011719 0.009521 -0.975098 -0.004257 0.028734 0.489543 -3.300000 30.900000 83.699997
-0.013916 -0.044189 -0.974121 -0.010642 0.029798 0.510828 -1.800000 31.799999 84.599998
0.000732 -0.011230 -0.978027 -0.004257 0.027670 0.533176 -0.300000 30.299999 84.900002
0.003906 -0.005371 -0.977539 -0.006385 0.027670 0.466130 -0.900000 30.900000 83.099998
-0.012939 -0.012939 -0.976074 -0.010642 0.034055 0.408662 -0.300000 30.900000 83.099998
-0.007080 -0.015625 -0.994141 -0.006385 0.027670 0.380992 1.500000 31.500000 83.699997
-0.011475 -0.021240 -0.976074 -0.009578 0.028734 0.371414 1.200000 31.799999 84.000000
-0.010986 0.010986 -0.983887 -0.012771 0.024477 0.254350 1.200000 32.400002 84.599998
-0.009033 -0.012451 -0.983887 -0.011706 0.024477 0.197946 3.000000 32.400002 84.599998
-0.001953 0.005371 -0.985596 -0.013835 0.020220 0.088331 1.200000 32.400002 82.800003
-0.008301 -0.036377 -0.983643 -0.015963 0.015963 0.022349 2.400000 31.200001 84.000000
-0.009766 -0.028076 -0.972900 -0.013835 0.020220 0.013835 1.800000 31.799999 85.199997
-0.013672 -0.021973 -0.981689 -0.011706 0.022349 0.024477 1.500000 32.099998 84.300003
-0.012451 -0.012939 -0.984131 -0.011706 0.020220 0.022349 1.200000 32.400002 84.000000
-0.009521 -0.018311 -0.978516 -0.014899 0.020220 0.018092 1.200000 31.200001 84.000000
-0.011963 -0.019775 -0.977051 -0.014899 0.023413 0.017028 1.800000 31.799999 84.000000
-0.004395 -0.026367 -0.973389 -0.018092 0.021284 0.018092 2.100000 30.900000 84.300003
-0.005127 -0.031738 -0.974365 -0.017028 0.015963 0.018092 0.000000 31.200001 85.199997
-0.005615 -0.023682 -0.975830 -0.012771 0.021284 0.022349 0.300000 30.900000 83.699997
-0.014404 -0.019775 -0.980713 -0.017028 0.020220 0.014899 1.800000 32.400002 82.199997
-0.005127 -0.020020 -0.978271 -0.014899 0.020220 0.017028 2.100000 33.299999 83.699997
-0.009033 -0.022705 -0.979980 -0.014899 0.019156 0.017028 0.600000 30.600000 85.199997
-0.010742 -0.029053 -0.978271 -0.017028 0.018092 0.018092 0.000000 30.000000 83.400002
-0.010254 -0.022217 -0.975586 -0.015963 0.019156 0.020220 0.900000 31.500000 81.900002
-0.004395 -0.024658 -0.971191 -0.014899 0.018092 0.014899 3.000000 31.200001 82.800003
-0.010986 -0.021240 -0.978027 -0.010642 0.019156 0.019156 2.100000 32.700001 84.900002
-0.008301 -0.022217 -0.978271 -0.012771 0.022349 0.015963 3.000000 32.400002 84.000000
-0.010010 -0.025635 -0.975586 -0.015963 0.018092 0.018092 1.200000 31.200001 84.599998
-0.009277 -0.014893 -0.982178 -0.012771 0.020220 0.018092 1.200000 31.200001 83.400002
-0.004150 -0.025391 -0.970215 -0.015963 0.022349 0.017028 2.100000 31.500000 83.699997
-0.005859 -0.017090 -0.978760 -0.011706 0.019156 0.018092 1.800000 32.400002 84.000000
-0.007812 -0.025635 -0.972168 -0.014899 0.020220 0.018092 0.900000 31.500000 83.099998
-0.006104 -0.021973 -0.974121 -0.013835 0.019156 0.019156 1.200000 32.400002 82.800003
-0.011475 -0.020996 -0.969727 -0.013835 0.020220 0.015963 2.400000 30.000000 84.000000
-0.016113 -0.020996 -0.977051 -0.013835 0.018092 0.019156 1.800000 31.200001 84.000000
-0.011719 -0.023193 -0.972656 -0.015963 0.021284 0.019156 0.900000 32.700001 83.699997
-0.011719 -0.015381 -0.973389 -0.013835 0.020220 0.018092 1.500000 32.700001 84.300003
-0.006592 -0.017822 -0.975342 -0.018092 0.024477 0.021284 1.500000 30.900000 84.300003
-0.008057 -0.021240 -0.973389 -0.011706 0.021284 0.018092 2.400000 31.200001 83.400002
-0.006592 -0.022217 -0.974365 -0.014899 0.022349 0.018092 1.800000 31.799999 82.199997
-0.003174 -0.017334 -0.976807 -0.010642 0.020220 0.021284 -0.600000 31.799999 83.400002
-0.000488 -0.022461 -0.971191 -0.017028 0.018092 0.015963 0.300000 30.900000 83.699997
-0.005127 -0.020020 -0.977051 -0.013835 0.020220 0.017028 2.100000 30.299999 84.300003
-0.005371 -0.024414 -0.974365 -0.013835 0.020220 0.014899 1.800000 31.200001 84.599998
-0.009521 -0.020996 -0.972656 -0.011706 0.021284 0.018092 1.800000 31.799999 83.400002
-0.011230 -0.025391 -0.977539 -0.014899 0.021284 0.020220 2.100000 29.700001 83.699997
-0.006836 -0.018555 -0.972656 -0.011706 0.018092 0.018092 1.500000 31.500000 84.300003
-0.013916 -0.023682 -0.982422 -0.012771 0.020220 0.015963 0.600000 30.600000 85.199997
-0.013428 -0.019287 -0.972168 -0.012771 0.020220 0.015963 1.200000 33.000000 82.800003
-0.006592 -0.017090 -0.979004 -0.014899 0.021284 0.017028 1.800000 31.200001 82.800003
-0.011230 -0.017578 -0.985352 -0.015963 0.021284 0.017028 1.800000 31.200001 83.400002
0.001465 -0.026855 -0.979980 -0.018092 0.019156 0.015963 1.200000 30.600000 84.599998
-0.014404 -0.023682 -0.981201 -0.013835 0.020220 0.019156 1.200000 31.799999 84.000000
-0.018311 -0.016602 -0.975098 -0.018092 0.019156 0.017028 2.100000 30.299999 85.500000
-0.006836 -0.018555 -0.979492 -0.010642 0.021284 0.018092 1.800000 31.799999 84.000000
-0.009277 -0.023193 -0.972168 -0.014899 0.021284 0.019156 1.800000 31.799999 83.400002
-0.013184 -0.023682 -0.982666 -0.012771 0.020220 0.019156 1.200000 31.200001 83.400002
-0.009521 -0.018799 -0.983643 -0.011706 0.020220 0.020220 2.100000 30.900000 84.300003
-0.013428 -0.022461 -0.978516 -0.013835 0.019156 0.015963 1.500000 32.099998 83.099998
-0.001709 -0.018066 -0.979736 -0.012771 0.023413 0.019156 2.700000 32.700001 83.699997
-0.013428 -0.022461 -0.975586 -0.014899 0.021284 0.018092 1.500000 31.500000 83.699997
-0.006592 -0.020264 -0.979736 -0.014899 0.015963 0.015963 2.400000 32.400002 84.599998
-0.011475 -0.026123 -0.973877 -0.017028 0.020220 0.017028 1.800000 31.799999 83.400002
-0.009521 -0.018555 -0.979736 -0.012771 0.020220 0.022349 2.400000 31.799999 84.000000
-0.007812 -0.022217 -0.977051 -0.013835 0.019156 0.014899 1.200000 31.200001 84.000000
-0.006592 -0.020264 -0.975586 -0.013835 0.021284 0.017028 2.400000 30.000000 85.199997
-0.014648 -0.018555 -0.962402 -0.013835 0.020220 0.019156 1.200000 31.200001 82.199997
-0.014160 -0.015869 -0.978760 -0.013835 0.021284 0.019156 0.900000 30.299999 84.300003
-0.011230 -0.017334 -0.967285 -0.018092 0.021284 0.017028 1.800000 31.200001 84.000000
-0.010254 -0.020264 -0.982178 -0.013835 0.021284 0.013835 1.500000 30.900000 83.699997
-0.003906 -0.028076 -0.980713 -0.012771 0.017028 0.014899 3.300000 32.700001 82.500000
-0.007568 -0.014893 -0.975830 -0.015963 0.019156 0.019156 1.800000 32.400002 83.400002
-0.004639 -0.020020 -0.984131 -0.012771 0.017028 0.017028 1.200000 31.799999 83.400002
-0.010986 -0.024414 -0.974854 -0.012771 0.021284 0.017028 1.500000 31.500000 84.300003
-0.010010 -0.020020 -0.989258 -0.011706 0.020220 0.019156 0.900000 30.299999 84.300003
-0.009766 -0.023682 -0.971924 -0.015963 0.021284 0.018092 1.800000 32.400002 84.000000
-0.010742 -0.020508 -0.968994 -0.018092 0.020220 0.018092 0.900000 30.900000 85.500000
-0.010986 -0.022461 -0.964600 -0.014899 0.021284 0.017028 2.100000 30.900000 83.099998
-0.015137 -0.019775 -0.973145 -0.012771 0.024477 0.015963 2.400000 30.600000 82.800003
-0.003174 -0.021484 -0.983398 -0.014899 0.020220 0.018092 3.600000 31.799999 83.400002
-0.006836 -0.022705 -0.980713 -0.014899 0.019156 0.017028 2.700000 33.299999 84.900002
-0.006348 -0.022461 -0.982178 -0.015963 0.021284 0.021284 0.900000 30.299999 83.699997
-0.006348 -0.020752 -0.979004 -0.017028 0.020220 0.018092 0.900000 33.299999 83.699997
-0.017090 -0.020264 -0.971680 -0.014899 0.021284 0.015963 2.400000 31.200001 85.199997
-0.005371 -0.017578 -0.983887 -0.011706 0.019156 0.019156 2.400000 32.400002 85.199997
-0.004395 -0.022461 -0.981445 -0.014899 0.020220 0.018092 0.600000 31.200001 82.800003
-0.001709 -0.020752 -0.979980 -0.018092 0.021284 0.019156 0.900000 29.700001 83.099998
-0.009277 -0.020508 -0.975098 -0.013835 0.021284 0.019156 2.700000 30.900000 83.699997
-0.008789 -0.020020 -0.968262 -0.014899 0.021284 0.020220 1.500000 32.700001 84.300003
-0.006592 -0.019287 -0.980225 -0.013835 0.021284 0.018092 2.100000 30.900000 83.099998
-0.005371 -0.022461 -0.978516 -0.013835 0.021284 0.018092 1.500000 30.299999 83.099998
-0.008789 -0.019287 -0.972656 -0.017028 0.018092 0.017028 1.800000 31.200001 85.199997
-0.010254 -0.015869 -0.982666 -0.013835 0.017028 0.019156 3.600000 32.400002 84.599998
-0.009521 -0.022217 -0.974854 -0.014899 0.021284 0.021284 2.400000 30.600000 83.400002
-0.010498 -0.018555 -0.975830 -0.013835 0.018092 0.018092 2.400000 31.200001 84.599998
-0.007568 -0.027100 -0.975586 -0.012771 0.018092 0.015963 1.200000 31.200001 82.199997
-0.010010 -0.019043 -0.979492 -0.012771 0.018092 0.018092 1.500000 31.500000 83.099998
-0.003174 -0.022461 -0.973145 -0.014899 0.022349 0.017028 1.500000 31.500000 84.300003
-0.012939 -0.018799 -0.983398 -0.013835 0.019156 0.017028 2.100000 30.900000 82.500000
-0.008301 -0.021240 -0.979980 -0.015963 0.018092 0.015963 2.400000 31.799999 85.199997
-0.007812 -0.018311 -0.977295 -0.013835 0.021284 0.022349 1.800000 31.799999 82.199997
-0.009766 -0.022461 -0.977539 -0.011706 0.017028 0.017028 3.000000 32.400002 85.199997
-0.004150 -0.019287 -0.981689 -0.013835 0.018092 0.019156 1.800000 30.600000 84.000000
-0.009277 -0.023682 -0.979004 -0.011706 0.020220 0.015963 2.700000 32.099998 82.500000
-0.005127 -0.025879 -0.976807 -0.011706 0.021284 0.020220 3.300000 32.099998 84.900002
-0.011230 -0.025146 -0.980713 -0.012771 0.021284 0.017028 1.500000 30.299999 84.300003
-0.009277 -0.014404 -0.972168 -0.015963 0.020220 0.014899 1.500000 32.099998 83.099998
-0.012207 -0.021973 -0.979004 -0.017028 0.018092 0.020220 -0.300000 30.900000 84.300003
-0.006104 -0.022461 -0.979980 -0.012771 0.020220 0.020220 1.200000 31.200001 84.000000
-0.014160 -0.022705 -0.967285 -0.010642 0.021284 0.020220 1.500000 32.099998 84.300003
-0.011475 -0.023193 -0.979492 -0.017028 0.022349 0.017028 0.600000 31.200001 82.800003
-0.009033 -0.024902 -0.987793 -0.015963 0.019156 0.021284 0.300000 29.700001 83.099998
-0.009277 -0.017578 -0.977051 -0.013835 0.019156 0.015963 2.400000 30.600000 84.000000
-0.003906 -0.021240 -0.983643 -0.014899 0.020220 0.015963 0.300000 33.299999 85.500000
-0.009521 -0.022461 -0.983887 -0.014899 0.020220 0.021284 1.200000 32.400002 83.400002
-0.006592 -0.027100 -0.973145 -0.013835 0.022349 0.021284 0.600000 32.400002 83.400002
-0.003906 -0.014648 -0.981201 -0.014899 0.019156 0.017028 1.500000 32.099998 84.300003
-0.009277 -0.019287 -0.982666 -0.014899 0.018092 0.014899 2.700000 30.900000 85.500000
-0.010010 -0.021240 -0.977539 -0.014899 0.018092 0.019156 2.100000 31.500000 83.099998
-0.000977 -0.014404 -0.988281 -0.010642 0.020220 0.022349 1.800000 31.799999 84.599998
-0.004883 -0.016113 -0.973145 -0.010642 0.020220 0.020220 2.100000 30.900000 83.699997
-0.011230 -0.018311 -0.979492 -0.017028 0.021284 0.019156 0.900000 30.900000 83.699997
-0.011475 -0.020996 -0.976562 -0.013835 0.017028 0.019156 1.500000 31.500000 84.300003
-0.001953 -0.022949 -0.982178 -0.014899 0.021284 0.018092 1.500000 32.099998 84.300003
-0.009766 -0.022461 -0.983643 -0.012771 0.019156 0.018092 1.800000 31.200001 84.599998
-0.003662 -0.019775 -0.972412 -0.012771 0.018092 0.021284 2.400000 29.400000 82.800003
-0.006104 -0.016846 -0.978027 -0.013835 0.019156 0.021284 0.600000 30.600000 84.000000
-0.008789 -0.022949 -0.980225 -0.010642 0.015963 0.020220 2.400000 32.400002 84.000000
-0.006836 -0.026123 -0.981689 -0.011706 0.019156 0.017028 1.500000 30.900000 84.900002
-0.010010 -0.025635 -0.980469 -0.013835 0.020220 0.014899 2.700000 31.500000 84.300003
-0.007568 -0.024170 -0.971924 -0.011706 0.022349 0.015963 1.500000 30.900000 83.699997
-0.010986 -0.020508 -0.982910 -0.015963 0.021284 0.018092 3.900000 32.099998 84.300003
-0.007080 -0.015625 -0.974609 -0.013835 0.021284 0.014899 0.000000 32.400002 84.000000
-0.011230 -0.022461 -0.979492 -0.014899 0.019156 0.017028 0.900000 31.500000 82.500000
-0.008789 -0.026611 -0.973877 -0.013835 0.019156 0.019156 1.200000 31.799999 84.000000
-0.010498 -0.027832 -0.977539 -0.013835 0.021284 0.019156 0.000000 33.000000 84.599998
-0.002686 -0.025391 -0.971436 -0.015963 0.023413 0.022349 1.200000 32.400002 82.800003
-0.010742 -0.024902 -0.978760 -0.011706 0.019156 0.020220 1.200000 31.200001 83.400002
-0.010742 -0.020020 -0.979736 -0.012771 0.021284 0.019156 2.100000 31.500000 84.900002
-0.010010 -0.026611 -0.975342 -0.015963 0.020220 0.018092 1.500000 32.099998 83.699997
-0.010986 -0.020508 -0.975586 -0.013835 0.020220 0.017028 0.900000 32.700001 84.300003
-0.005859 -0.020996 -0.979980 -0.013835 0.018092 0.020220 1.500000 30.900000 84.300003
-0.002197 -0.019287 -0.975830 -0.017028 0.018092 0.017028 2.400000 31.200001 85.800003
-0.009277 -0.019287 -0.971436 -0.018092 0.017028 0.018092 2.700000 30.299999 84.300003
-0.008301 -0.021240 -0.982666 -0.013835 0.022349 0.019156 0.900000 31.500000 85.500000
-0.013184 -0.021484 -0.978516 -0.012771 0.019156 0.019156 1.800000 33.000000 84.000000
-0.008301 -0.018066 -0.980957 -0.018092 0.021284 0.019156 2.100000 32.099998 82.500000
-0.011230 -0.019531 -0.982666 -0.014899 0.019156 0.017028 1.500000 32.099998 83.699997
-0.007812 -0.024902 -0.972656 -0.012771 0.020220 0.021284 3.000000 31.200001 84.599998
-0.006836 -0.022705 -0.978760 -0.012771 0.020220 0.020220 1.500000 31.500000 84.300003
-0.012207 -0.021240 -0.983154 -0.015963 0.024477 0.020220 1.200000 31.799999 85.199997
-0.009033 -0.022461 -0.982910 -0.013835 0.021284 0.019156 0.900000 30.900000 84.900002
-0.004883 -0.019531 -0.977783 -0.013835 0.018092 0.019156 3.000000 31.200001 84.000000
-0.011230 -0.024414 -0.979980 -0.013835 0.019156 0.017028 3.000000 32.400002 83.400002
-0.005859 -0.022705 -0.985107 -0.013835 0.020220 0.019156 0.900000 33.299999 84.300003
-0.008545 -0.019043 -0.971436 -0.014899 0.019156 0.018092 1.800000 31.799999 84.000000
-0.005127 -0.024414 -0.971680 -0.011706 0.021284 0.018092 0.600000 30.600000 84.000000
-0.008057 -0.018799 -0.980713 -0.015963 0.019156 0.018092 1.500000 31.500000 81.900002
-0.001953 -0.026855 -0.977051 -0.013835 0.015963 0.019156 3.000000 31.799999 83.400002
-0.014893 -0.018799 -0.976074 -0.015963 0.020220 0.020220 2.100000 32.099998 83.699997
-0.011963 -0.019531 -0.979248 -0.011706 0.021284 0.018092 1.500000 32.700001 85.500000
-0.007568 -0.021729 -0.983154 -0.013835 0.020220 0.019156 2.400000 30.000000 84.599998
-0.013184 -0.020508 -0.982422 -0.012771 0.017028 0.014899 1.800000 31.200001 82.800003
-0.006836 -0.019043 -0.977295 -0.012771 0.017028 0.020220 3.000000 31.799999 83.400002
-0.010254 -0.019287 -0.971191 -0.017028 0.020220 0.020220 2.400000 31.200001 84.000000
-0.011719 -0.024902 -0.979492 -0.017028 0.019156 0.018092 2.400000 31.799999 84.000000
-0.010498 -0.020996 -0.983887 -0.015963 0.020220 0.022349 1.200000 31.200001 84.599998
-0.012207 -0.019775 -0.979004 -0.015963 0.020220 0.019156 3.600000 33.000000 82.800003
-0.009033 -0.022217 -0.972656 -0.017028 0.019156 0.019156 1.500000 33.299999 84.300003
-0.012939 -0.018311 -0.977539 -0.013835 0.023413 0.017028 0.900000 30.900000 82.500000
-0.009033 -0.019287 -0.971924 -0.012771 0.018092 0.018092 2.700000 30.900000 83.099998
-0.010986 -0.019287 -0.979248 -0.013835 0.020220 0.022349 1.500000 32.700001 82.500000
-0.005371 -0.021240 -0.968994 -0.013835 0.019156 0.022349 1.200000 31.799999 83.400002
-0.007812 -0.020752 -0.979004 -0.013835 0.018092 0.019156 2.400000 31.200001 83.400002
-0.012451 -0.015625 -0.981201 -0.015963 0.021284 0.019156 3.000000 31.200001 82.800003
-0.010010 -0.019775 -0.979980 -0.012771 0.023413 0.019156 1.200000 30.000000 83.400002
-0.011475 -0.020508 -0.974365 -0.015963 0.020220 0.019156 2.100000 30.900000 83.099998
-0.014160 -0.023438 -0.968262 -0.012771 0.020220 0.013835 1.500000 31.500000 81.900002
-0.015137 -0.015625 -0.965820 -0.012771 0.022349 0.019156 2.400000 31.200001 82.800003
-0.007812 -0.022949 -0.982422 -0.019156 0.020220 0.021284 2.100000 30.900000 83.699997
-0.005127 -0.024414 -0.975342 -0.014899 0.022349 0.018092 2.400000 30.600000 84.599998
-0.012451 -0.021240 -0.972900 -0.015963 0.018092 0.019156 0.600000 31.200001 84.000000
-0.013672 -0.028320 -0.983154 -0.013835 0.019156 0.017028 1.500000 30.900000 82.500000
-0.003906 -0.022949 -0.976562 -0.015963 0.021284 0.019156 2.400000 31.799999 82.800003
-0.012939 -0.022949 -0.973633 -0.014899 0.021284 0.020220 0.000000 31.200001 84.000000
-0.009277 -0.020020 -0.975586 -0.014899 0.021284 0.018092 1.200000 31.200001 83.400002
-0.014893 -0.020264 -0.977295 -0.011706 0.024477 0.020220 1.500000 32.099998 83.699997
-0.008789 -0.016846 -0.976074 -0.012771 0.023413 0.013835 1.800000 31.200001 83.400002
-0.010986 -0.013916 -0.979248 -0.014899 0.021284 0.019156 1.800000 30.000000 84.599998
-0.016113 -0.016846 -0.975586 -0.013835 0.021284 0.018092 2.700000 32.700001 81.900002
-0.010986 -0.019043 -0.976318 -0.014899 0.020220 0.018092 2.700000 32.700001 84.300003
-0.013428 -0.020508 -0.979492 -0.013835 0.021284 0.017028 2.100000 30.900000 83.699997
-0.007324 -0.020752 -0.970459 -0.013835 0.020220 0.017028 1.200000 31.799999 84.599998
-0.001465 -0.019531 -0.980713 -0.017028 0.020220 0.017028 2.700000 32.700001 84.900002
-0.016113 -0.021729 -0.976562 -0.011706 0.019156 0.019156 1.200000 33.000000 82.800003
-0.009766 -0.020264 -0.983398 -0.014899 0.020220 0.018092 2.100000 31.500000 84.300003
-0.009277 -0.021973 -0.984131 -0.014899 0.021284 0.015963 0.300000 30.900000 84.900002
-0.014648 -0.019287 -0.974365 -0.013835 0.017028 0.020220 0.900000 30.900000 83.699997
-0.008545 -0.024170 -0.968750 -0.014899 0.021284 0.018092 1.500000 32.099998 83.699997
-0.006592 -0.015381 -0.975098 -0.012771 0.018092 0.018092 1.800000 32.400002 83.400002
-0.010986 -0.018066 -0.972656 -0.015963 0.019156 0.019156 2.400000 32.400002 84.599998
