0.000000 0.000000 869829699601167948972032.000000 0.000000 0.000000 0.000000 nan 42604930447889045030404842829448740864.000000 614659522560.000000
0.044434 -0.872070 -0.280762 -0.117065 0.073431 0.135156 9.600000 27.000000 -18.000000
0.046631 -0.872070 -0.277588 -0.127707 0.054275 0.135156 10.200000 27.299999 -18.000000
0.038330 -0.871582 -0.281006 -0.110679 0.063853 0.144735 10.200000 26.700001 -18.299999
0.038330 -0.870850 -0.277832 -0.125578 0.062789 0.170276 9.600000 27.000000 -18.000000
0.048584 -0.872314 -0.285156 -0.144735 0.063853 0.123450 9.900000 27.000000 -18.000000
0.040283 -0.870850 -0.276855 -0.110679 0.077688 0.133028 10.500000 27.000000 -17.700001
0.041016 -0.872314 -0.280273 -0.117065 0.021284 0.151120 9.600000 27.000000 -18.000000
0.043213 -0.874023 -0.277832 -0.109615 0.026606 0.130900 10.500000 27.000000 -18.299999
0.043457 -0.872314 -0.281982 -0.128771 0.058532 0.128771 10.500000 27.000000 -18.000000
0.041748 -0.871582 -0.278809 -0.145799 0.096844 0.145799 9.900000 27.299999 -18.000000
0.040039 -0.873047 -0.286377 -0.143670 0.084074 0.150056 10.500000 27.299999 -18.000000
0.048096 -0.872559 -0.273926 -0.135156 0.030863 0.144735 9.900000 27.000000 -17.700001
0.042236 -0.869873 -0.282715 -0.090459 0.027670 0.145799 10.200000 26.700001 -18.299999
0.041260 -0.871582 -0.278320 -0.164955 0.068110 0.146863 9.900000 26.700001 -18.000000
0.040771 -0.869873 -0.281250 -0.142606 0.075560 0.177725 9.900000 27.299999 -18.000000
0.040771 -0.871582 -0.277588 -0.111744 0.105358 0.130900 10.500000 27.000000 -17.700001
0.038330 -0.872559 -0.282715 -0.140478 0.074496 0.110679 10.200000 26.400000 -17.400000
0.040283 -0.873291 -0.285156 -0.125578 0.076624 0.120257 9.900000 26.400000 -18.299999
0.038574 -0.871094 -0.281982 -0.119193 0.054275 0.137285 10.200000 27.299999 -18.000000
0.039062 -0.872314 -0.279297 -0.119193 0.068110 0.129835 10.200000 26.700001 -17.700001
0.043457 -0.871338 -0.285889 -0.122386 0.036184 0.131964 10.200000 27.000000 -18.600000
0.045654 -0.873535 -0.276123 -0.121322 0.079817 0.152184 9.900000 26.700001 -18.600000
0.042969 -0.871338 -0.278809 -0.164955 0.030863 0.156441 9.900000 27.000000 -18.299999
0.042236 -0.870605 -0.284912 -0.135156 0.071303 0.172404 10.500000 27.000000 -18.299999
0.046143 -0.871094 -0.278320 -0.141542 0.052147 0.108551 10.200000 27.000000 -18.000000
0.042725 -0.871338 -0.286621 -0.137285 0.053211 0.104294 10.200000 27.299999 -17.700001
0.043213 -0.869629 -0.279297 -0.102166 0.037248 0.118129 9.900000 26.700001 -18.000000
0.041748 -0.873291 -0.282715 -0.137285 0.051083 0.166019 10.200000 27.000000 -18.299999
0.041016 -0.869385 -0.282715 -0.136221 0.052147 0.136221 9.900000 27.000000 -18.000000
0.041992 -0.869629 -0.283936 -0.154313 0.067046 0.095780 10.200000 27.000000 -18.299999
0.041748 -0.869873 -0.274414 -0.142606 0.025541 0.139413 9.900000 26.700001 -18.299999
0.043701 -0.872559 -0.275879 -0.125578 0.054275 0.143670 10.500000 26.400000 -17.700001
0.041748 -0.873535 -0.282227 -0.113872 0.087266 0.152184 10.800000 27.299999 -18.600000
0.042480 -0.870850 -0.283691 -0.153248 0.084074 0.150056 10.200000 27.299999 -18.000000
0.041748 -0.872314 -0.281006 -0.179854 0.051083 0.148991 10.200000 27.600000 -18.000000
0.042480 -0.871094 -0.283936 -0.148991 0.080881 0.157505 10.800000 27.299999 -18.299999
0.037354 -0.874023 -0.278076 -0.166019 0.064918 0.106422 10.500000 27.299999 -17.700001
0.040039 -0.870361 -0.280273 -0.124514 0.041505 0.148991 10.500000 27.000000 -18.600000
0.041016 -0.870361 -0.282715 -0.141542 0.029798 0.110679 9.600000 27.600000 -18.299999
0.039307 -0.873291 -0.282227 -0.129835 0.080881 0.154313 10.500000 27.299999 -17.700001
0.041992 -0.870605 -0.282715 -0.145799 0.034055 0.123450 10.500000 27.000000 -18.600000
0.040283 -0.872314 -0.281738 -0.145799 0.068110 0.148991 10.200000 26.700001 -18.299999
0.042725 -0.872070 -0.281250 -0.124514 0.058532 0.119193 10.200000 27.299999 -18.000000
0.041992 -0.872803 -0.277832 -0.114936 0.044697 0.138349 10.500000 27.000000 -18.000000
0.042725 -0.871826 -0.282959 -0.126643 0.096844 0.128771 10.200000 27.000000 -18.000000
0.039551 -0.868896 -0.282959 -0.147927 0.069175 0.166019 10.500000 27.000000 -18.299999
0.042480 -0.874268 -0.279297 -0.143670 0.056404 0.128771 9.600000 26.700001 -18.000000
0.042725 -0.870117 -0.278076 -0.156441 0.070239 0.138349 10.500000 27.000000 -17.400000
0.041504 -0.871826 -0.283447 -0.126643 0.108551 0.140478 9.900000 26.700001 -18.299999
0.043701 -0.872070 -0.281006 -0.154313 0.061725 0.111744 10.200000 27.000000 -18.000000
0.041748 -0.873291 -0.282227 -0.154313 0.054275 0.135156 10.500000 27.299999 -18.299999
0.040039 -0.873535 -0.281006 -0.142606 0.071303 0.125578 10.200000 27.000000 -17.400000
0.041260 -0.869629 -0.279541 -0.126643 0.074496 0.148991 9.900000 27.000000 -18.600000
0.039795 -0.869873 -0.286621 -0.154313 0.048954 0.086202 9.900000 26.700001 -18.299999
0.041504 -0.869385 -0.282959 -0.135156 0.084074 0.158569 9.900000 27.600000 -18.000000
0.045410 -0.869385 -0.286377 -0.125578 0.047890 0.129835 9.900000 27.000000 -17.700001
0.036865 -0.871582 -0.277100 -0.107487 0.087266 0.161762 10.200000 27.000000 -18.600000
0.035400 -0.869141 -0.281982 -0.125578 0.077688 0.133028 10.200000 27.000000 -18.000000
0.041748 -0.868652 -0.284180 -0.153248 0.074496 0.161762 10.800000 27.299999 -18.299999
0.044189 -0.869385 -0.279541 -0.112808 0.019156 0.177725 10.800000 27.299999 -18.600000
0.039551 -0.873535 -0.285156 -0.137285 0.054275 0.124514 10.500000 26.700001 -17.700001
0.045166 -0.871826 -0.280762 -0.146863 0.070239 0.152184 10.200000 27.600000 -17.700001
0.040039 -0.870850 -0.283447 -0.137285 0.013835 0.117065 9.900000 27.000000 -17.700001
0.043457 -0.870605 -0.274902 -0.146863 0.055340 0.170276 10.200000 27.299999 -18.000000
0.043213 -0.868896 -0.277588 -0.097909 0.062789 0.135156 10.200000 27.000000 -18.299999
0.041504 -0.871338 -0.280762 -0.133028 0.041505 0.140478 10.500000 27.600000 -18.600000
0.043701 -0.874512 -0.280273 -0.113872 0.009578 0.162826 10.200000 27.299999 -18.299999
0.041748 -0.873291 -0.278809 -0.143670 0.068110 0.157505 10.500000 27.299999 -18.000000
0.038818 -0.875488 -0.277344 -0.119193 0.060661 0.138349 10.500000 27.299999 -18.600000
0.038574 -0.872803 -0.273682 -0.103230 0.031927 0.123450 10.200000 27.299999 -18.900000
0.040527 -0.870361 -0.281250 -0.164955 0.068110 0.170276 10.500000 27.299999 -18.000000
0.040283 -0.874268 -0.273193 -0.137285 0.048954 0.130900 9.900000 26.700001 -18.299999
0.217529 -0.869873 -0.277100 -0.130900 0.012771 0.129835 10.200000 26.700001 -18.299999
0.123291 -0.850342 -0.325195 -0.177725 -0.922682 0.046826 10.200000 27.299999 -18.299999
0.113770 -0.873535 -0.296631 -0.052147 -1.314317 0.020220 9.600000 26.700001 -18.000000
0.135742 -0.868408 -0.274658 -0.060661 -1.256849 -0.077688 9.900000 26.700001 -18.600000
0.138428 -0.836426 -0.254883 -0.104294 -0.773691 -0.029798 9.300000 26.700001 -18.000000
0.156250 -0.794189 -0.275635 -0.142606 -0.337359 -0.025541 9.000000 26.100000 -18.600000
0.140381 -0.902832 -0.249023 -0.150056 0.318203 0.000000 9.600000 25.799999 -18.900000
0.158936 -0.839111 -0.233398 -0.223487 0.765177 0.022349 9.600000 25.500000 -17.700001
0.117188 -0.774658 -0.276611 0.121322 0.681104 -0.047890 9.300000 25.500000 -18.299999
0.128906 -0.797607 -0.274414 -0.648113 0.621507 0.022349 10.200000 24.900000 -17.400000
0.055908 -0.900391 -0.250244 -0.232001 0.969508 0.056404 10.200000 24.900000 -17.700001
0.066895 -0.838135 -0.282715 -0.275634 0.958866 0.062789 10.500000 24.900000 -18.000000
0.068604 -0.841309 -0.273682 -0.036184 0.620443 -0.107487 9.900000 24.900000 -17.400000
0.105957 -0.874512 -0.279785 -0.239450 0.437396 -0.092588 10.200000 24.900000 -16.799999
0.074463 -0.865967 -0.239990 -0.191560 0.511892 -0.039376 9.900000 24.000000 -17.700001
0.077148 -0.807373 -0.255127 0.269249 0.269249 -0.072367 10.500000 24.299999 -17.700001
0.021973 -0.925049 -0.304199 -1.108922 0.330974 -0.063853 10.500000 24.600000 -17.100000
-0.001465 -1.158447 -0.289307 -0.708773 0.610865 0.004257 10.200000 24.600000 -18.000000
0.072754 -0.741699 -0.271240 0.984407 0.338423 -0.375671 10.500000 24.000000 -17.100000
-0.024414 -1.099854 -0.276123 -0.145799 -0.014899 -0.075560 10.800000 24.000000 -18.000000
0.042480 -0.771484 -0.290527 -0.570424 -0.104294 -0.012771 10.800000 24.600000 -16.500000
0.031982 -0.746582 -0.307861 -0.276698 0.050019 0.068110 10.500000 24.000000 -17.100000
0.008057 -0.920898 -0.296143 -0.111744 -0.137285 -0.007450 10.500000 24.900000 -17.100000
0.062012 -0.783447 -0.268799 -0.207524 -0.020220 0.118129 10.500000 24.000000 -16.799999
0.018066 -0.861572 -0.307617 0.450167 0.259671 -0.131964 10.200000 24.299999 -17.100000
0.022949 -0.880371 -0.295166 -0.235194 0.048954 0.029798 9.900000 24.299999 -17.400000
0.010986 -0.835938 -0.278564 0.280955 0.468259 0.053211 10.500000 24.299999 -17.400000
0.053467 -0.891113 -0.279297 0.291597 0.144735 -0.006385 10.500000 23.700001 -17.100000
0.035156 -0.851318 -0.268555 0.012771 0.167083 0.081945 10.500000 24.299999 -16.799999
0.041992 -0.848877 -0.279297 -0.256478 0.354387 0.106422 10.800000 24.600000 -17.400000
-0.025635 -0.877686 -0.299072 0.061725 0.394827 0.107487 10.800000 24.000000 -16.500000
-0.068604 -0.886719 -0.281738 -0.176661 0.370350 0.141542 9.300000 23.700001 -17.700001
-0.075195 -0.914795 -0.286377 -0.080881 -0.121322 0.113872 10.500000 24.600000 -17.700001
-0.110840 -0.866943 -0.260986 -0.138349 0.014899 0.152184 10.500000 24.000000 -17.100000
0.008545 -0.869385 -0.286621 -0.141542 -0.105358 0.104294 10.200000 24.000000 -18.000000
-0.069336 -0.888672 -0.275146 -0.173469 0.303304 0.173469 9.900000 24.000000 -17.400000
-0.046387 -0.862305 -0.292725 -0.239450 0.327781 0.229872 10.200000 24.600000 -17.400000
-0.023438 -0.911377 -0.265869 -0.277763 0.299047 0.239450 9.900000 24.299999 -17.700001
-0.045410 -0.911865 -0.246582 -0.375671 0.354387 0.302240 10.500000 23.700001 -18.000000
0.009766 -0.907715 -0.260254 -0.034055 0.389506 0.261799 10.200000 24.299999 -16.799999
0.039795 -1.013184 -0.232178 -0.604479 0.952481 0.312882 10.200000 24.000000 -17.100000
-0.000244 -0.979492 -0.311279 -0.076624 0.389506 0.315010 10.800000 24.299999 -17.400000
-0.040527 -0.761963 -0.358154 -0.701324 0.029798 0.402277 11.100000 24.600000 -17.100000
0.048340 -0.836426 -0.268311 -0.499121 0.702388 0.424625 11.100000 24.299999 -17.100000
0.005859 -0.831787 -0.313477 -0.261799 1.034426 0.389506 9.900000 24.299999 -17.100000
0.022461 -0.849854 -0.283691 0.129835 0.233065 0.332038 10.200000 24.000000 -16.799999
0.048096 -0.824219 -0.192139 -1.167454 0.269249 0.306497 11.100000 24.600000 -17.100000
0.031494 -1.018555 -0.256104 1.328152 -0.197946 0.267120 10.500000 24.299999 -17.700001
0.273438 -1.465332 -0.128418 -0.309689 0.952481 0.571488 11.400000 24.600000 -17.100000
0.078125 -0.752930 -0.328857 0.078753 1.272812 0.510828 10.500000 24.600000 -17.400000
0.042725 -0.961914 -0.230713 -0.494864 1.435639 0.548075 11.100000 24.600000 -17.400000
0.059326 -0.918213 -0.259766 0.223487 1.456923 0.518277 11.100000 24.900000 -17.100000
0.118896 -0.877197 -0.275879 0.093652 1.196188 0.418240 10.200000 25.200001 -17.400000
0.083496 -0.847656 -0.258057 0.342680 1.329216 0.469323 10.800000 25.200001 -17.100000
0.105469 -0.875000 -0.263184 -0.467194 1.055710 0.495928 10.500000 24.600000 -17.400000
0.077148 -0.802246 -0.310791 -0.309689 0.042569 0.358644 10.500000 25.200001 -17.100000
0.144775 -0.862793 -0.280029 -0.416112 0.108551 0.345873 10.800000 25.200001 -17.100000
0.107178 -0.898926 -0.250732 -0.309689 0.386313 0.374607 10.800000 24.900000 -17.400000
0.123047 -0.828857 -0.291260 -0.346937 0.208588 0.340552 10.500000 25.200001 -17.700001
0.147217 -0.877930 -0.266846 -0.346937 0.075560 0.289469 10.200000 25.500000 -17.700001
0.091553 -0.826416 -0.253418 -0.133028 0.410791 0.293726 10.200000 25.500000 -17.700001
0.134521 -0.912842 -0.257324 -0.087266 0.250093 0.227744 11.100000 26.400000 -17.400000
0.129150 -0.879639 -0.262451 -0.190496 0.139413 0.194753 10.800000 26.100000 -17.700001
0.112061 -0.864502 -0.278809 -0.174533 0.004257 0.168147 10.500000 26.400000 -17.400000
0.118652 -0.878174 -0.261475 -0.135156 0.004257 0.128771 10.800000 26.100000 -17.400000
0.100830 -0.876709 -0.265137 -0.123450 0.048954 0.153248 11.400000 27.000000 -17.700001
0.045410 -0.874023 -0.283936 -0.146863 0.040441 0.160698 10.200000 26.400000 -17.700001
0.043457 -0.873291 -0.272705 -0.168147 0.044697 0.122386 11.100000 26.100000 -17.400000
0.045898 -0.872314 -0.284180 -0.253285 0.054275 0.131964 10.200000 27.299999 -17.100000
0.037598 -0.873535 -0.289062 -0.116000 0.064918 0.139413 10.500000 26.100000 -17.700001
0.042969 -0.873047 -0.285645 -0.117065 0.071303 0.138349 10.200000 26.400000 -17.400000
0.042725 -0.865479 -0.281738 -0.136221 0.086202 0.154313 10.500000 26.400000 -17.700001
0.042480 -0.871338 -0.272949 -0.135156 0.050019 0.166019 11.100000 25.500000 -17.700001
0.044189 -0.869873 -0.284424 -0.139413 0.071303 0.129835 10.500000 26.700001 -17.700001
0.043701 -0.866943 -0.276367 -0.143670 0.060661 0.147927 10.800000 26.100000 -17.400000
0.044189 -0.870361 -0.282959 -0.164955 0.042569 0.111744 10.800000 25.799999 -17.700001
0.042969 -0.872314 -0.277832 -0.119193 0.010642 0.138349 10.500000 26.700001 -18.000000
0.047363 -0.871826 -0.280518 -0.122386 0.073431 0.153248 10.800000 26.100000 -17.400000
0.040283 -0.873291 -0.281006 -0.138349 0.063853 0.119193 10.800000 26.400000 -17.400000
0.043213 -0.870850 -0.273438 -0.144735 0.072367 0.146863 10.500000 26.100000 -17.700001
0.039795 -0.866943 -0.284180 -0.136221 0.034055 0.185175 11.100000 26.100000 -18.000000
0.038574 -0.869873 -0.281982 -0.117065 0.047890 0.135156 11.100000 26.100000 -17.400000
0.047119 -0.870605 -0.280762 -0.157505 0.030863 0.135156 10.500000 26.400000 -17.700001
0.042236 -0.873047 -0.282715 -0.145799 0.046826 0.136221 10.500000 26.700001 -17.100000
0.043457 -0.871338 -0.280518 -0.126643 0.067046 0.114936 10.800000 25.500000 -17.700001
0.044922 -0.870850 -0.280029 -0.164955 0.035119 0.155377 10.200000 25.799999 -17.100000
0.045654 -0.872803 -0.276855 -0.156441 0.058532 0.130900 10.500000 26.400000 -17.400000
0.039307 -0.872070 -0.278076 -0.124514 0.075560 0.131964 11.400000 26.700001 -17.100000
0.043457 -0.872803 -0.276611 -0.152184 0.092588 0.140478 11.100000 26.700001 -18.000000
0.041016 -0.869629 -0.281982 -0.095780 0.046826 0.135156 10.500000 26.400000 -17.700001
0.044189 -0.867676 -0.273926 -0.102166 0.067046 0.154313 10.500000 26.100000 -17.700001
0.042969 -0.874268 -0.277588 -0.147927 0.065982 0.177725 11.100000 25.799999 -17.700001
0.044189 -0.874023 -0.278320 -0.137285 0.053211 0.152184 11.100000 26.400000 -17.100000
0.044434 -0.873779 -0.275146 -0.126643 0.060661 0.145799 10.200000 26.400000 -17.100000
0.039307 -0.873535 -0.281006 -0.130900 0.087266 0.172404 10.500000 27.000000 -17.700001
0.046875 -0.870605 -0.283447 -0.178790 0.085138 0.129835 11.100000 25.799999 -17.400000
0.043213 -0.868408 -0.279785 -0.126643 0.058532 0.150056 10.500000 26.400000 -17.400000
0.042969 -0.870117 -0.273438 -0.128771 0.083009 0.139413 11.100000 26.700001 -17.400000
0.043213 -0.870361 -0.283691 -0.104294 0.072367 0.140478 10.500000 26.100000 -17.700001
0.042725 -0.874023 -0.282959 -0.144735 0.063853 0.101101 10.200000 26.400000 -17.400000
0.043945 -0.873535 -0.281494 -0.129835 0.069175 0.140478 11.100000 26.400000 -17.700001
0.045410 -0.865967 -0.278564 -0.125578 0.060661 0.127707 11.100000 26.700001 -18.000000
0.039551 -0.871582 -0.269287 -0.166019 0.063853 0.137285 10.800000 25.500000 -16.799999
0.041748 -0.874268 -0.279053 -0.116000 0.042569 0.142606 10.800000 26.100000 -17.100000
0.042969 -0.869385 -0.284668 -0.130900 0.084074 0.124514 10.800000 26.400000 -17.700001
0.042969 -0.872314 -0.273438 -0.111744 0.083009 0.159634 11.100000 26.100000 -17.700001
0.045166 -0.872314 -0.277100 -0.125578 0.051083 0.112808 10.500000 26.100000 -17.700001
0.040527 -0.869873 -0.274658 -0.121322 0.105358 0.143670 10.500000 26.400000 -17.400000
0.041992 -0.871338 -0.280273 -0.102166 0.044697 0.138349 10.800000 26.400000 -17.700001
0.041260 -0.867188 -0.274414 -0.144735 0.042569 0.151120 10.800000 27.000000 -17.700001
0.043457 -0.869629 -0.279297 -0.126643 0.029798 0.155377 10.500000 26.700001 -17.400000
0.043945 -0.874512 -0.277100 -0.123450 0.057468 0.126643 11.100000 25.799999 -17.100000
0.042725 -0.870117 -0.282715 -0.117065 0.041505 0.105358 10.500000 26.100000 -17.400000
0.043701 -0.874023 -0.275146 -0.141542 0.048954 0.168147 10.800000 26.400000 -17.700001
0.044922 -0.870850 -0.276367 -0.140478 0.052147 0.119193 10.800000 26.100000 -17.400000
0.042969 -0.868652 -0.279053 -0.138349 0.052147 0.122386 10.800000 26.100000 -17.400000
0.048340 -0.872803 -0.277832 -0.122386 0.072367 0.129835 11.100000 26.400000 -17.400000
0.039795 -0.871826 -0.283936 -0.104294 0.055340 0.168147 10.200000 26.700001 -17.700001
0.041748 -0.868652 -0.280273 -0.166019 0.063853 0.176661 10.500000 26.700001 -17.400000
0.043945 -0.870605 -0.274902 -0.145799 0.064918 0.125578 10.500000 25.799999 -17.400000
0.042236 -0.869385 -0.281006 -0.121322 0.023413 0.117065 10.800000 26.100000 -17.700001
0.048340 -0.869629 -0.278809 -0.156441 0.052147 0.161762 10.500000 26.700001 -17.100000
0.039551 -0.871826 -0.281006 -0.134092 0.076624 0.104294 10.800000 26.400000 -17.100000
0.042725 -0.869385 -0.282471 -0.136221 0.047890 0.146863 10.800000 26.100000 -17.400000
0.042236 -0.872070 -0.283691 -0.146863 0.042569 0.145799 10.500000 26.700001 -17.700001
0.041260 -0.870361 -0.273926 -0.110679 0.073431 0.180918 11.700000 26.400000 -17.100000
0.041260 -0.871094 -0.281738 -0.122386 0.051083 0.142606 10.200000 26.100000 -17.400000
0.047119 -0.870117 -0.282715 -0.145799 0.045762 0.131964 10.200000 26.100000 -18.000000
0.043213 -0.873047 -0.281006 -0.168147 0.052147 0.156441 10.500000 26.700001 -17.100000
0.043457 -0.871094 -0.278809 -0.126643 0.051083 0.141542 11.400000 26.700001 -18.000000
0.046143 -0.868164 -0.288574 -0.123450 0.038312 0.175597 10.800000 26.400000 -17.700001
0.045410 -0.869629 -0.274658 -0.133028 0.070239 0.173469 11.100000 26.100000 -17.100000
0.041504 -0.874268 -0.277588 -0.113872 0.065982 0.167083 10.800000 26.100000 -17.400000
0.039062 -0.872803 -0.277588 -0.123450 0.061725 0.123450 10.500000 26.100000 -17.100000
0.044434 -0.870117 -0.280518 -0.135156 0.079817 0.151120 11.100000 26.100000 -17.400000
0.040527 -0.868896 -0.280518 -0.139413 0.047890 0.167083 10.800000 25.799999 -17.700001
0.042480 -0.871582 -0.285889 -0.133028 0.036184 0.130900 11.100000 26.100000 -17.100000
0.039307 -0.875732 -0.280273 -0.097909 0.052147 0.162826 10.800000 25.799999 -17.700001
0.041748 -0.871094 -0.277100 -0.137285 0.102166 0.134092 11.100000 26.400000 -17.700001
0.042236 -0.871094 -0.281494 -0.119193 0.038312 0.127707 10.500000 26.700001 -17.400000
0.045654 -0.871338 -0.279541 -0.138349 0.052147 0.139413 10.800000 26.400000 -17.100000
0.046143 -0.874268 -0.276367 -0.142606 0.026606 0.156441 11.700000 26.400000 -17.100000
0.040039 -0.872314 -0.278076 -0.119193 0.100037 0.157505 11.100000 26.100000 -17.400000
0.041992 -0.869873 -0.281250 -0.105358 0.092588 0.153248 10.500000 26.100000 -17.400000
0.040527 -0.872070 -0.281738 -0.166019 0.062789 0.150056 10.800000 26.400000 -18.000000
0.043701 -0.871826 -0.282715 -0.125578 0.023413 0.113872 10.800000 26.400000 -17.400000
0.044678 -0.873291 -0.278564 -0.156441 0.048954 0.150056 10.800000 26.700001 -17.100000
0.043213 -0.868896 -0.281250 -0.136221 0.062789 0.160698 10.200000 26.100000 -17.400000
0.044189 -0.871094 -0.275146 -0.143670 0.020220 0.138349 10.500000 25.799999 -17.400000
0.043701 -0.873047 -0.283447 -0.144735 0.039376 0.153248 10.500000 26.400000 -18.000000
0.045898 -0.870117 -0.281982 -0.134092 0.060661 0.126643 10.200000 25.799999 -17.400000
0.044189 -0.875244 -0.279053 -0.096844 0.075560 0.143670 10.800000 26.100000 -17.100000
0.044434 -0.874023 -0.287354 -0.156441 0.056404 0.124514 10.800000 26.700001 -17.100000
0.045898 -0.870850 -0.278809 -0.152184 0.053211 0.128771 10.800000 26.100000 -17.700001
0.045410 -0.871826 -0.276611 -0.145799 0.043633 0.154313 10.800000 26.400000 -17.400000
0.045654 -0.871582 -0.270752 -0.145799 0.074496 0.130900 10.800000 26.400000 -17.400000
0.043213 -0.868896 -0.284668 -0.124514 0.029798 0.150056 10.800000 26.100000 -17.100000
0.044434 -0.871338 -0.280273 -0.141542 0.058532 0.118129 11.400000 26.100000 -17.400000
0.045166 -0.873047 -0.284912 -0.134092 0.055340 0.144735 10.800000 26.100000 -17.400000
0.042480 -0.872559 -0.272217 -0.153248 0.084074 0.133028 10.500000 26.400000 -17.100000
0.041748 -0.870605 -0.277344 -0.121322 0.048954 0.134092 10.800000 25.799999 -17.700001
0.042725 -0.869629 -0.280518 -0.136221 0.041505 0.140478 10.800000 26.700001 -17.100000
0.044678 -0.870117 -0.279541 -0.117065 0.026606 0.135156 10.200000 26.400000 -17.100000
0.042725 -0.874512 -0.284180 -0.155377 0.042569 0.131964 11.100000 27.000000 -17.100000
0.044434 -0.874023 -0.275146 -0.150056 0.064918 0.130900 10.500000 26.400000 -17.100000
0.040283 -0.875000 -0.279785 -0.138349 0.090459 0.144735 10.500000 26.400000 -18.000000
0.040283 -0.874756 -0.281250 -0.120257 0.043633 0.168147 10.800000 26.400000 -17.100000
0.044678 -0.871826 -0.279053 -0.123450 0.053211 0.129835 10.800000 26.400000 -17.700001
0.040527 -0.874268 -0.283447 -0.138349 0.025541 0.141542 10.500000 25.799999 -17.400000
0.041016 -0.871338 -0.278320 -0.131964 0.034055 0.157505 10.500000 26.100000 -17.100000
0.046143 -0.871338 -0.279785 -0.125578 0.087266 0.137285 9.900000 26.100000 -17.400000
0.045654 -0.874023 -0.278564 -0.141542 0.077688 0.117065 11.100000 26.400000 -17.100000
0.039307 -0.866943 -0.281250 -0.142606 0.048954 0.123450 10.800000 26.400000 -17.400000
0.045410 -0.873535 -0.280029 -0.107487 0.054275 0.161762 11.100000 25.799999 -17.700001
0.037598 -0.878418 -0.281738 -0.161762 0.051083 0.128771 10.500000 26.100000 -18.299999
0.038818 -0.870605 -0.280518 -0.112808 0.047890 0.152184 11.100000 26.700001 -16.500000
0.043945 -0.873047 -0.282471 -0.118129 0.026606 0.136221 10.500000 26.400000 -16.500000
0.042236 -0.873047 -0.276855 -0.145799 0.047890 0.146863 9.900000 25.799999 -17.100000
0.039551 -0.871826 -0.279785 -0.117065 0.022349 0.163891 10.500000 26.100000 -17.400000
0.043213 -0.871582 -0.279053 -0.117065 0.027670 0.131964 10.500000 26.400000 -17.700001
0.040771 -0.872559 -0.281738 -0.134092 0.069175 0.146863 10.200000 26.100000 -18.000000
0.040527 -0.871338 -0.281006 -0.131964 0.038312 0.186239 10.800000 26.100000 -17.700001
0.045410 -0.871582 -0.282471 -0.113872 0.078753 0.140478 10.800000 26.400000 -17.700001
0.042480 -0.871826 -0.280273 -0.142606 0.032991 0.152184 10.500000 26.100000 -17.400000
0.042480 -0.872070 -0.281494 -0.128771 0.059597 0.153248 10.500000 27.000000 -17.400000
0.041992 -0.872559 -0.279541 -0.129835 0.041505 0.126643 10.500000 26.700001 -17.700001
0.041992 -0.872803 -0.275635 -0.128771 0.044697 0.121322 10.500000 26.700001 -17.700001
0.041260 -0.868896 -0.277832 -0.151120 0.081945 0.188368 10.800000 27.000000 -17.400000
0.042725 -0.870850 -0.281006 -0.120257 0.064918 0.119193 10.800000 26.100000 -17.400000
0.043457 -0.871826 -0.274414 -0.131964 0.046826 0.128771 10.200000 26.700001 -17.700001
0.040771 -0.871094 -0.280029 -0.160698 0.018092 0.136221 11.100000 26.400000 -17.100000
0.042969 -0.873047 -0.279053 -0.144735 0.081945 0.134092 10.800000 26.100000 -17.400000
0.042969 -0.871826 -0.280029 -0.147927 0.060661 0.160698 11.100000 26.700001 -17.700001
0.040039 -0.870361 -0.279053 -0.130900 0.068110 0.130900 10.500000 25.799999 -18.000000
0.042480 -0.872559 -0.282715 -0.130900 0.063853 0.121322 11.100000 26.400000 -17.700001
0.044678 -0.870605 -0.284668 -0.144735 0.080881 0.124514 10.500000 26.400000 -17.400000
0.041748 -0.874023 -0.278809 -0.152184 0.035119 0.159634 10.200000 26.100000 -17.400000
0.042480 -0.872803 -0.275879 -0.119193 0.025541 0.122386 10.800000 26.700001 -17.100000
0.041260 -0.874756 -0.280273 -0.112808 0.046826 0.141542 10.200000 26.400000 -17.100000
0.043945 -0.871826 -0.279297 -0.121322 0.083009 0.129835 10.200000 26.100000 -17.700001
0.040771 -0.869141 -0.287354 -0.128771 0.061725 0.142606 10.800000 26.400000 -18.000000
0.041992 -0.869141 -0.283691 -0.138349 0.062789 0.153248 11.100000 26.100000 -18.000000
0.042236 -0.867676 -0.277832 -0.119193 0.014899 0.133028 9.900000 26.100000 -17.700001
0.041748 -0.869385 -0.278809 -0.146863 0.039376 0.125578 10.500000 26.400000 -17.700001
0.038086 -0.871826 -0.279297 -0.137285 0.029798 0.160698 11.100000 26.100000 -17.700001
0.043213 -0.873291 -0.277588 -0.137285 0.029798 0.173469 10.500000 26.700001 -17.400000
0.046875 -0.872314 -0.281006 -0.139413 0.051083 0.130900 10.500000 26.400000 -17.700001
0.039795 -0.872070 -0.281250 -0.118129 0.031927 0.145799 11.100000 26.400000 -17.400000
0.044678 -0.872803 -0.277344 -0.144735 0.036184 0.152184 10.500000 26.100000 -16.799999
0.043945 -0.869873 -0.278320 -0.135156 0.055340 0.158569 11.100000 26.400000 -17.700001
0.040527 -0.868896 -0.278809 -0.122386 0.072367 0.120257 10.200000 26.400000 -17.700001
0.039307 -0.869873 -0.280029 -0.146863 0.047890 0.103230 10.800000 26.400000 -17.700001
0.041992 -0.869141 -0.284180 -0.140478 0.061725 0.147927 10.500000 26.100000 -18.000000
0.042725 -0.869629 -0.287598 -0.122386 0.065982 0.160698 10.800000 26.100000 -16.799999
0.041992 -0.871094 -0.278076 -0.145799 0.065982 0.133028 10.800000 26.700001 -17.400000
0.042969 -0.871582 -0.278076 -0.157505 0.059597 0.163891 11.100000 26.400000 -17.700001
0.042236 -0.869141 -0.286377 -0.146863 0.052147 0.156441 10.800000 25.500000 -17.700001
0.042236 -0.868408 -0.277832 -0.129835 0.019156 0.126643 11.700000 25.500000 -17.700001
0.041016 -0.870117 -0.281738 -0.130900 0.040441 0.128771 11.400000 26.100000 -17.400000
0.041992 -0.873535 -0.281494 -0.144735 0.059597 0.138349 11.100000 26.100000 -17.700001
0.044189 -0.872314 -0.284668 -0.136221 0.036184 0.128771 10.800000 26.100000 -18.299999
0.041504 -0.874512 -0.279785 -0.134092 0.061725 0.141542 11.100000 25.799999 -17.400000
0.043945 -0.870117 -0.280273 -0.174533 0.079817 0.126643 10.800000 26.400000 -17.100000
0.040527 -0.872314 -0.281250 -0.147927 0.068110 0.150056 10.800000 25.799999 -17.700001
0.040771 -0.871582 -0.279053 -0.152184 0.128771 0.158569 10.800000 26.700001 -17.400000
0.044922 -0.871582 -0.277588 -0.121322 0.090459 0.156441 10.200000 26.700001 -17.400000
0.044434 -0.871582 -0.276855 -0.139413 0.042569 0.166019 10.800000 26.100000 -17.100000
