0.000000 0.000000 7744911616207139519856640.000000 0.000000 0.000000 0.000000 -0.000000 -0.000000 22973522368266240.000000
0.046875 0.760254 0.658691 -0.017028 0.021284 0.018092 4.200000 -37.200001 17.400000
0.042969 0.760498 0.661865 -0.012771 0.023413 0.019156 3.900000 -37.500000 18.299999
0.042480 0.760010 0.661133 -0.015963 0.023413 0.021284 4.800000 -37.200001 18.600000
0.047363 0.758545 0.652588 -0.011706 0.023413 0.020220 4.200000 -36.599998 16.200001
0.046631 0.767334 0.661377 -0.012771 0.021284 0.020220 4.500000 -35.700001 18.299999
0.044189 0.762207 0.657715 -0.011706 0.022349 0.019156 3.900000 -37.500000 18.299999
0.040283 0.752686 0.658691 -0.017028 0.022349 0.019156 3.000000 -37.799999 18.600000
0.046143 0.761963 0.658691 -0.014899 0.020220 0.017028 4.500000 -36.900002 17.100000
0.048828 0.760986 0.651855 -0.012771 0.022349 0.021284 3.000000 -37.799999 17.400000
0.047852 0.756592 0.654785 -0.012771 0.026606 0.017028 3.900000 -38.700001 18.900000
0.045654 0.757080 0.657471 -0.014899 0.024477 0.017028 4.500000 -38.700001 17.100000
0.048584 0.760498 0.666504 -0.017028 0.022349 0.020220 3.000000 -37.200001 18.000000
0.043457 0.757568 0.646973 -0.013835 0.025541 0.017028 3.300000 -36.900002 18.900000
0.043945 0.756348 0.657471 -0.013835 0.023413 0.021284 4.500000 -38.700001 18.299999
0.038574 0.756592 0.658936 -0.019156 0.014899 0.019156 5.100000 -36.900002 17.700001
0.044189 0.755615 0.650879 -0.015963 0.021284 0.019156 5.700000 -36.299999 17.700001
0.049805 0.756592 0.655762 -0.013835 0.021284 0.020220 4.500000 -37.500000 18.299999
0.052246 0.758057 0.663818 -0.012771 0.025541 0.019156 2.400000 -38.400002 18.600000
0.047852 0.759033 0.659180 -0.014899 0.023413 0.017028 5.400000 -36.599998 19.200001
0.044189 0.757080 0.656494 -0.018092 0.021284 0.019156 4.200000 -37.799999 16.799999
0.046387 0.761230 0.649658 -0.019156 0.023413 0.020220 3.900000 -38.099998 18.900000
0.037842 0.758057 0.658203 -0.018092 0.022349 0.017028 5.100000 -38.099998 18.900000
0.045166 0.756592 0.651367 -0.017028 0.021284 0.015963 4.500000 -36.299999 18.299999
0.047852 0.760010 0.656250 -0.017028 0.013835 0.013835 5.400000 -37.799999 18.000000
0.032227 0.773438 0.631348 -0.017028 -0.026606 -0.023413 5.400000 -38.400002 16.799999
0.048340 0.767822 0.643555 -0.021284 -0.026606 -0.023413 3.900000 -38.700001 18.900000
0.024170 0.792725 0.622559 -0.007450 -0.037248 -0.037248 4.200000 -36.599998 18.000000
0.028564 0.801025 0.597168 -0.019156 -0.042569 -0.032991 6.600000 -36.599998 18.000000
0.042236 0.802490 0.604980 -0.017028 -0.022349 -0.015963 3.900000 -36.900002 18.299999
0.048828 0.799316 0.607910 -0.014899 0.001064 -0.001064 5.100000 -38.700001 20.100000
0.034424 0.818115 0.591797 -0.015963 0.013835 0.011706 5.400000 -37.799999 19.200001
0.031738 0.818604 0.569824 -0.021284 0.034055 0.027670 5.700000 -36.900002 17.700001
0.041748 0.820312 0.599365 -0.003193 0.061725 0.043633 5.100000 -36.900002 19.500000
0.063965 0.868408 0.523926 -0.006385 0.103230 0.088331 6.600000 -37.799999 21.000000
0.041016 0.842041 0.557373 0.002128 0.178790 0.144735 3.900000 -39.299999 20.100000
0.009033 0.830322 0.582764 -0.013835 0.088331 0.072367 5.400000 -39.599998 21.000000
0.024414 0.864502 0.533203 -0.005321 0.012771 0.011706 5.700000 -37.500000 22.500000
0.056641 0.867432 0.529541 -0.027670 -0.021284 -0.007450 6.900000 -36.299999 21.900000
0.057373 0.859131 0.535400 -0.020220 0.030863 0.047890 4.800000 -37.799999 24.600000
0.037354 0.898438 0.540527 -0.021284 0.013835 0.025541 6.000000 -37.799999 25.200001
0.050781 0.841553 0.547119 -0.025541 0.004257 0.006385 8.100000 -37.500000 26.700001
0.024414 0.814209 0.573486 -0.012771 0.009578 0.008514 6.600000 -37.799999 26.400000
0.032227 0.841797 0.519287 -0.021284 0.041505 0.010642 8.100000 -34.500000 25.500000
0.032227 0.878906 0.536621 0.002128 0.069175 0.047890 9.600000 -33.000000 26.400000
0.035645 0.833496 0.553467 -0.001064 0.069175 0.075560 9.900000 -31.500000 26.700001
0.033447 0.782471 0.575928 0.000000 0.101101 0.085138 8.700000 -30.299999 27.299999
0.045654 0.762207 0.638428 0.007450 0.170276 0.134092 7.800000 -27.600000 25.200001
0.037842 0.747070 0.666016 0.020220 0.292662 0.226680 6.600000 -27.000000 24.600000
0.022217 0.683838 0.688232 0.002128 0.391635 0.318203 6.000000 -26.400000 22.200001
0.054688 0.699219 0.757324 -0.010642 0.413983 0.308625 4.200000 -25.799999 24.600000
0.056641 0.629150 0.828369 0.026606 0.429947 0.338423 3.000000 -23.400000 22.799999
0.048096 0.607666 0.872070 0.023413 0.374607 0.311818 2.400000 -19.799999 23.400000
0.027588 0.551514 0.902588 0.007450 0.283084 0.255414 3.300000 -17.700001 21.299999
0.042969 0.538330 0.935059 0.005321 0.200074 0.151120 3.900000 -17.100000 21.299999
0.040283 0.578125 0.887207 -0.007450 0.028734 0.023413 1.500000 -16.500000 23.700001
0.037842 0.587646 0.855225 -0.022349 -0.047890 -0.038312 1.500000 -17.700001 20.100000
0.034424 0.609619 0.827637 -0.015963 -0.102166 -0.083009 2.400000 -15.600000 19.200001
0.048096 0.618408 0.830322 -0.015963 -0.058532 -0.051083 2.700000 -17.100000 20.700001
0.041260 0.767334 0.660400 -0.003193 0.026606 0.015963 2.700000 -15.300000 20.700001
0.048584 0.768555 0.652344 -0.012771 0.017028 0.026606 1.800000 -15.600000 19.799999
0.048096 0.764404 0.647461 -0.010642 0.027670 0.022349 1.800000 -15.600000 19.200001
0.047363 0.763672 0.651367 -0.015963 0.021284 0.018092 1.200000 -16.200001 21.600000
0.044434 0.752197 0.662598 -0.017028 0.023413 0.015963 2.100000 -15.900000 21.299999
0.047607 0.761719 0.657471 -0.015963 0.023413 0.017028 2.400000 -16.799999 20.400000
0.040527 0.767334 0.655273 -0.011706 0.026606 0.018092 0.300000 -15.900000 21.299999
0.046387 0.756104 0.653320 -0.013835 0.026606 0.019156 0.600000 -16.799999 19.799999
0.047852 0.764404 0.655762 -0.013835 0.023413 0.018092 1.500000 -15.300000 20.700001
0.044434 0.756348 0.656738 -0.012771 0.024477 0.019156 1.800000 -14.400000 21.000000
0.044434 0.763184 0.654541 -0.009578 0.022349 0.015963 1.800000 -15.600000 21.000000
0.052246 0.761719 0.658447 -0.013835 0.021284 0.017028 0.000000 -15.600000 20.400000
0.047363 0.759521 0.662598 -0.014899 0.021284 0.020220 1.200000 -16.799999 20.400000
0.041504 0.756836 0.644775 -0.013835 0.023413 0.018092 1.200000 -15.600000 21.000000
0.049072 0.772217 0.655029 -0.013835 0.020220 0.013835 0.000000 -13.800000 20.400000
0.046387 0.761719 0.648193 -0.013835 0.019156 0.012771 -0.300000 -15.300000 21.900000
0.041748 0.762939 0.639160 -0.013835 0.020220 0.014899 -1.800000 -14.400000 20.400000
0.045654 0.772461 0.642334 -0.015963 -0.054275 -0.046826 0.300000 -13.500000 20.100000
0.056641 0.750732 0.650146 -0.020220 -0.037248 -0.031927 -0.300000 -13.500000 19.500000
0.045654 0.749023 0.666992 -0.011706 -0.003193 -0.002128 0.300000 -14.700000 20.700001
0.041992 0.757324 0.664795 -0.015963 0.020220 0.017028 -0.600000 -15.600000 22.200001
0.034180 0.757568 0.650879 -0.012771 0.022349 0.017028 -0.600000 -15.000000 19.799999
0.045898 0.753906 0.654785 -0.013835 0.022349 0.017028 0.600000 -14.400000 20.400000
0.042969 0.761475 0.663330 -0.014899 0.024477 0.019156 0.300000 -14.700000 21.900000
0.047363 0.754395 0.645020 -0.012771 0.026606 0.019156 1.200000 -13.200000 21.600000
0.044922 0.764893 0.652832 -0.013835 0.023413 0.020220 -0.300000 -15.300000 23.100000
0.052490 0.765137 0.654785 -0.010642 0.023413 0.017028 -1.200000 -13.800000 20.400000
0.043213 0.758057 0.654785 -0.011706 0.028734 0.018092 -0.300000 -14.100000 21.900000
0.049561 0.755371 0.654053 -0.010642 0.025541 0.014899 0.600000 -15.600000 22.200001
0.043701 0.760010 0.660645 -0.011706 0.028734 0.015963 0.000000 -13.800000 20.400000
0.049072 0.767090 0.663818 -0.010642 0.028734 0.013835 -0.600000 -13.800000 21.000000
0.049316 0.765625 0.656006 -0.003193 0.031927 0.010642 -1.200000 -15.000000 22.200001
0.049805 0.762207 0.665527 0.001064 0.048954 0.003193 0.900000 -14.100000 20.700001
0.048828 0.760742 0.666016 -0.023413 0.013835 0.037248 -2.400000 -10.200000 21.000000
0.039795 0.756592 0.637695 -0.004257 0.024477 0.017028 -2.700000 -10.500000 21.299999
0.049805 0.774902 0.672363 -0.002128 0.031927 0.006385 -5.400000 -9.600000 21.600000
0.033691 0.748779 0.650391 -0.014899 0.021284 0.025541 -3.900000 -7.500000 20.700001
0.043701 0.765625 0.662354 -0.011706 0.023413 0.017028 -5.100000 -7.500000 20.700001
0.046143 0.762207 0.655273 -0.013835 0.025541 0.018092 -5.400000 -7.200000 21.600000
0.047607 0.764648 0.645752 -0.009578 0.024477 0.015963 -4.500000 -6.300000 23.700001
0.045166 0.765381 0.655029 -0.008514 0.025541 0.012771 -5.400000 -6.600000 22.799999
0.042480 0.756348 0.655518 -0.012771 0.020220 0.015963 -4.200000 -6.600000 22.200001
0.045410 0.762695 0.656494 -0.012771 0.022349 0.015963 -6.900000 -8.100000 22.500000
0.035156 0.767578 0.650391 -0.009578 0.024477 0.014899 -6.600000 -5.400000 21.600000
0.043701 0.763672 0.654541 -0.011706 0.026606 0.015963 -7.200000 -6.600000 22.200001
0.039795 0.765869 0.663086 -0.013835 0.023413 0.015963 -7.500000 -6.300000 21.900000
0.038574 0.762939 0.642334 -0.020220 0.022349 0.021284 -6.000000 -5.400000 21.000000
0.041748 0.767334 0.647949 -0.013835 0.023413 0.019156 -6.000000 -5.400000 22.200001
0.042969 0.768066 0.656006 -0.015963 0.024477 0.020220 -8.100000 -6.300000 22.500000
0.046631 0.755371 0.648438 -0.014899 0.024477 0.021284 -5.100000 -6.300000 22.500000
0.032715 0.761475 0.644287 -0.012771 0.023413 0.017028 -6.300000 -5.100000 21.900000
0.044189 0.763428 0.650391 -0.014899 0.023413 0.017028 -6.900000 -5.100000 21.900000
0.035156 0.769775 0.658447 -0.013835 0.026606 0.019156 -7.500000 -6.300000 22.500000
0.044434 0.757080 0.654297 -0.012771 0.023413 0.019156 -6.300000 -5.100000 23.100000
0.044922 0.762695 0.648926 -0.014899 0.024477 0.021284 -7.800000 -4.800000 22.799999
0.041504 0.759766 0.659912 -0.013835 0.022349 0.019156 -6.000000 -4.800000 22.799999
0.040527 0.760254 0.644775 -0.014899 0.020220 0.019156 -6.600000 -6.000000 23.400000
0.043457 0.763184 0.660156 -0.013835 0.028734 0.013835 -6.600000 -6.000000 22.799999
0.035400 0.762939 0.643311 -0.013835 0.024477 0.021284 -4.800000 -8.400000 22.799999
0.053467 0.763916 0.642822 -0.013835 0.023413 0.021284 -5.400000 -10.200000 24.000000
0.041016 0.764160 0.643555 -0.013835 0.023413 0.013835 -5.700000 -4.500000 23.100000
0.015869 0.711182 0.635986 -0.021284 0.017028 0.026606 -7.200000 -5.400000 22.799999
0.050293 0.764893 0.646729 -0.008514 0.028734 0.011706 -7.500000 -5.700000 23.100000
0.044678 0.759277 0.653076 -0.019156 0.021284 0.025541 -6.600000 -6.000000 24.000000
0.043701 0.764648 0.654053 -0.011706 0.025541 0.015963 -7.800000 -5.400000 21.600000
0.046143 0.760010 0.653809 -0.017028 0.022349 0.019156 -5.700000 -6.900000 23.100000
0.050293 0.757568 0.663818 -0.014899 0.024477 0.018092 -6.000000 -6.000000 23.400000
0.047363 0.758057 0.659424 -0.015963 0.023413 0.013835 -6.900000 -6.300000 22.500000
0.041992 0.765137 0.649414 -0.018092 0.023413 0.021284 -5.700000 -6.300000 22.500000
0.043701 0.763184 0.659912 -0.013835 0.024477 0.020220 -7.500000 -5.100000 24.299999
0.045898 0.764404 0.658691 -0.012771 0.025541 0.018092 -5.700000 -3.300000 23.100000
0.026367 0.753174 0.634766 -0.040441 -0.010642 0.062789 -7.800000 -6.600000 24.000000
0.059326 0.782959 0.675293 -0.011706 0.025541 0.015963 -6.900000 -3.900000 22.500000
0.048584 0.762939 0.656494 -0.014899 0.024477 0.018092 -6.900000 -8.700000 22.500000
0.040771 0.768066 0.653564 -0.009578 0.029798 0.012771 -6.300000 -5.700000 21.900000
0.040283 0.760498 0.653076 -0.010642 0.022349 0.020220 -4.800000 -6.600000 23.400000
0.043457 0.762939 0.657471 -0.015963 0.022349 0.021284 -6.600000 -7.200000 22.799999
0.043213 0.763672 0.650146 -0.011706 0.024477 0.022349 -6.000000 -6.000000 22.200001
0.042236 0.763916 0.659912 -0.008514 0.035119 0.005321 -5.400000 -4.800000 22.799999
0.050781 0.768311 0.666260 0.003193 0.042569 0.000000 -6.900000 -6.900000 23.100000
0.031982 0.759277 0.643311 -0.007450 0.027670 0.011706 -6.300000 -5.700000 23.100000
0.036377 0.764404 0.646729 -0.014899 0.020220 0.027670 -6.300000 -6.300000 22.500000
0.048096 0.759521 0.657227 -0.024477 0.012771 0.036184 -5.700000 -5.100000 23.100000
0.047607 0.764893 0.656250 -0.018092 0.020220 0.023413 -8.100000 -5.700000 21.900000
0.038574 0.771484 0.656982 -0.014899 0.022349 0.019156 -6.000000 -5.400000 23.400000
0.043701 0.759521 0.662842 -0.014899 0.024477 0.020220 -6.900000 -6.900000 22.500000
0.045898 0.763428 0.650635 -0.014899 0.024477 0.020220 -6.600000 -5.400000 22.200001
0.047607 0.765625 0.657959 -0.012771 0.022349 0.019156 -7.200000 -4.800000 22.799999
0.046143 0.766113 0.660889 -0.017028 0.024477 0.021284 -5.700000 -6.300000 22.500000
0.048340 0.759277 0.666260 -0.019156 0.015963 0.025541 -7.500000 -5.100000 23.700001
0.045166 0.761963 0.655518 -0.007450 0.026606 0.011706 -5.700000 -5.700000 21.900000
0.046387 0.754395 0.659424 -0.011706 0.028734 0.009578 -4.800000 -4.800000 24.000000
0.039062 0.748535 0.651123 -0.008514 0.022349 0.022349 -5.400000 -6.600000 22.799999
0.049561 0.760742 0.652100 -0.013835 0.023413 0.021284 -5.700000 -5.700000 23.700001
0.048096 0.771484 0.648193 -0.017028 0.019156 0.022349 -6.300000 -5.100000 23.100000
0.057861 0.773682 0.668457 -0.006385 0.034055 0.007450 -6.600000 -5.400000 22.799999
0.038330 0.762939 0.638672 -0.018092 0.019156 0.025541 -8.100000 -7.500000 21.299999
0.058594 0.775879 0.659424 -0.009578 0.029798 0.010642 -6.900000 -6.900000 22.500000
0.036621 0.748291 0.634521 -0.019156 0.018092 0.027670 -8.100000 -6.300000 21.299999
0.042725 0.760254 0.649658 -0.021284 0.014899 0.027670 -7.500000 -6.300000 21.299999
0.052979 0.765869 0.653809 -0.012771 0.021284 0.019156 -9.300000 -8.100000 22.500000
0.035889 0.758789 0.642334 -0.019156 0.015963 0.026606 -6.300000 -6.900000 23.100000
0.047607 0.763184 0.667236 -0.015963 0.021284 0.022349 -6.300000 -8.100000 20.700001
0.042969 0.758057 0.657471 -0.013835 0.024477 0.013835 -8.100000 -7.500000 22.500000
0.048340 0.766357 0.646729 -0.013835 0.020220 0.020220 -9.000000 -6.000000 21.600000
0.048584 0.758057 0.660889 -0.014899 0.021284 0.024477 -8.700000 -6.900000 23.100000
0.045898 0.765137 0.652588 -0.013835 0.021284 0.019156 -6.900000 -5.700000 21.900000
0.048096 0.763184 0.659912 -0.012771 0.023413 0.020220 -7.200000 -6.000000 24.000000
0.047607 0.764160 0.656738 -0.014899 0.023413 0.022349 -7.200000 -6.600000 22.200001
0.046387 0.761230 0.649658 -0.017028 0.026606 0.017028 -8.400000 -6.600000 22.200001
0.046387 0.756836 0.652588 -0.017028 0.023413 0.019156 -8.400000 -6.600000 22.200001
0.046143 0.761230 0.655273 -0.013835 0.022349 0.022349 -6.600000 -6.000000 22.200001
0.048828 0.765381 0.662598 -0.013835 0.025541 0.019156 -7.200000 -6.600000 22.799999
0.045654 0.759277 0.645752 -0.017028 0.024477 0.017028 -6.300000 -6.300000 23.100000
0.042725 0.763916 0.651367 -0.014899 0.024477 0.017028 -7.200000 -7.800000 22.200001
0.044678 0.765381 0.652588 -0.014899 0.024477 0.020220 -6.900000 -6.300000 22.500000
0.044434 0.762451 0.665039 -0.013835 0.024477 0.021284 -6.300000 -6.300000 23.700001
0.045410 0.763916 0.658203 -0.015963 0.026606 0.018092 -8.400000 -6.000000 23.400000
0.047607 0.760010 0.655518 -0.014899 0.022349 0.017028 -6.900000 -7.500000 21.900000
0.048828 0.766113 0.654053 -0.015963 0.025541 0.019156 -7.800000 -5.400000 24.600000
0.045166 0.768311 0.659668 -0.012771 0.031927 0.024477 -9.600000 -8.400000 21.600000
0.041504 0.751465 0.663330 -0.011706 0.050019 0.037248 -7.500000 -7.500000 22.500000
0.048096 0.771484 0.645020 -0.008514 0.045762 0.036184 -6.300000 -6.900000 21.900000
0.046143 0.761475 0.657959 -0.012771 0.042569 0.034055 -7.500000 -8.100000 21.299999
0.044189 0.733154 0.680420 -0.013835 -0.024477 -0.020220 -6.600000 -7.200000 21.600000
0.047119 0.757568 0.669189 -0.013835 -0.019156 -0.015963 -7.800000 -6.600000 22.799999
0.052490 0.738525 0.673340 -0.009578 -0.004257 -0.001064 -6.900000 -6.300000 23.100000
0.040039 0.744141 0.690674 -0.018092 0.008514 0.009578 -8.400000 -6.600000 21.600000
0.044922 0.705566 0.715088 -0.014899 -0.006385 -0.009578 -7.800000 -6.000000 24.000000
0.044434 0.676025 0.750000 -0.017028 -0.029798 -0.017028 -6.300000 -6.900000 22.500000
0.051758 0.649170 0.800049 -0.019156 -0.019156 -0.020220 -7.500000 -6.900000 24.299999
0.057373 0.632812 0.811768 -0.008514 -0.040441 -0.026606 -8.100000 -6.900000 23.100000
0.044922 0.630859 0.832764 -0.029798 -0.050019 -0.036184 -7.200000 -5.400000 22.799999
0.049805 0.663086 0.786133 -0.029798 -0.061725 -0.060661 -7.800000 -6.000000 24.000000
0.036621 0.653564 0.778809 -0.022349 -0.094716 -0.083009 -8.700000 -8.100000 25.500000
0.037354 0.660400 0.772461 -0.040441 -0.101101 -0.100037 -9.300000 -8.700000 23.100000
0.024658 0.646729 0.774902 -0.021284 -0.083009 -0.060661 -8.400000 -10.200000 24.600000
0.048340 0.678223 0.763916 -0.023413 -0.055340 -0.043633 -9.000000 -12.000000 24.000000
0.047363 0.677002 0.748779 -0.042569 -0.051083 -0.034055 -11.100000 -14.100000 22.500000
0.060303 0.632324 0.802246 -0.023413 -0.009578 -0.020220 -9.600000 -10.800000 21.000000
0.067383 0.687012 0.765137 -0.003193 -0.045762 -0.046826 -10.800000 -10.800000 23.400000
0.045654 0.649170 0.750488 -0.032991 -0.010642 -0.001064 -9.600000 -11.400000 24.600000
0.044678 0.707764 0.766113 0.002128 0.035119 0.007450 -11.100000 -11.100000 24.900000
0.046875 0.724365 0.692383 -0.010642 -0.051083 -0.041505 -11.100000 -12.300000 23.700001
0.059326 0.814453 0.644043 -0.004257 -0.045762 -0.041505 -12.900000 -14.100000 21.900000
0.067627 0.806152 0.604248 -0.010642 -0.104294 -0.067046 -12.600000 -18.600000 23.400000
0.051270 0.866699 0.591309 0.008514 -0.107487 -0.091523 -12.300000 -17.700001 21.900000
0.062744 0.903809 0.472900 -0.004257 -0.134092 -0.114936 -10.800000 -19.200001 23.400000
0.052979 0.904297 0.483643 -0.029798 -0.190496 -0.174533 -11.700000 -21.900000 20.700001
0.026367 0.938965 0.418945 -0.052147 -0.143670 -0.118129 -10.200000 -21.000000 19.799999
0.015625 0.927490 0.438232 -0.023413 -0.007450 -0.005321 -11.400000 -22.200001 19.200001
0.008301 0.950439 0.399902 -0.011706 0.017028 0.014899 -12.300000 -21.900000 18.900000
0.018311 0.941895 0.436768 -0.008514 0.063853 0.054275 -11.700000 -23.100000 17.700001
0.024902 0.918701 0.448242 -0.001064 0.090459 0.071303 -11.700000 -21.900000 17.100000
0.019531 0.906494 0.483643 -0.002128 0.087266 0.065982 -10.800000 -22.799999 16.200001
0.034424 0.893555 0.494873 -0.007450 0.064918 0.055340 -10.800000 -23.400000 17.400000
0.053955 0.866211 0.528320 -0.020220 0.021284 0.021284 -10.200000 -25.200001 16.799999
0.040771 0.758057 0.656006 -0.020220 0.026606 0.018092 -11.400000 -22.799999 16.200001
0.045898 0.754639 0.651367 -0.014899 0.023413 0.019156 -10.800000 -22.200001 16.200001
0.047607 0.753174 0.666260 -0.010642 0.023413 0.018092 -11.700000 -23.100000 14.700000
0.039795 0.761719 0.657959 -0.011706 0.022349 0.019156 -11.100000 -22.500000 17.700001
0.046875 0.760010 0.648682 -0.011706 0.023413 0.019156 -10.800000 -22.799999 15.600000
0.044434 0.757812 0.660400 -0.012771 0.024477 0.021284 -10.500000 -24.299999 17.100000
0.051758 0.765137 0.666016 -0.015963 0.018092 0.017028 -12.000000 -24.600000 18.000000
0.039551 0.761475 0.660645 -0.013835 0.023413 0.018092 -12.000000 -22.799999 18.000000
0.042969 0.761719 0.647217 -0.015963 0.022349 0.017028 -12.000000 -21.000000 19.200001
0.043213 0.757812 0.647461 -0.010642 0.024477 0.022349 -12.000000 -24.000000 18.000000
0.046631 0.751465 0.659180 -0.017028 0.025541 0.020220 -12.900000 -23.100000 17.100000
0.044434 0.761230 0.651367 -0.011706 0.022349 0.019156 -9.600000 -23.400000 16.200001
0.050049 0.767090 0.651123 -0.012771 0.023413 0.020220 -10.500000 -23.100000 16.500000
0.045898 0.759033 0.661133 -0.013835 0.026606 0.017028 -12.900000 -22.500000 18.900000
0.045166 0.760254 0.649902 -0.014899 0.024477 0.021284 -11.700000 -21.900000 14.700000
0.043457 0.756104 0.658447 -0.013835 0.023413 0.015963 -11.100000 -22.500000 17.100000
0.044189 0.760254 0.646729 -0.011706 0.027670 0.017028 -10.500000 -23.100000 17.100000
0.041260 0.762207 0.661133 -0.011706 0.031927 0.008514 -10.200000 -23.400000 17.400000
0.052002 0.780518 0.652832 0.006385 0.053211 -0.021284 -9.900000 -23.100000 17.100000
0.042725 0.753662 0.666748 0.014899 0.046826 -0.003193 -12.000000 -24.600000 16.799999
0.027588 0.795410 0.663574 -0.037248 0.006385 0.039376 -10.800000 -23.400000 16.799999
0.056641 0.779297 0.668701 0.000000 0.026606 0.000000 -9.900000 -24.900000 19.500000
0.013184 0.736328 0.610596 -0.019156 0.014899 0.035119 -11.700000 -27.900000 21.299999
0.052246 0.786377 0.674805 -0.001064 0.030863 0.008514 -12.000000 -28.200001 21.600000
0.031738 0.751709 0.644775 -0.012771 0.019156 0.019156 -11.100000 -27.900000 18.900000
0.043457 0.750977 0.651123 -0.010642 0.030863 0.011706 -10.800000 -28.200001 19.200001
0.051270 0.759033 0.675781 -0.007450 0.028734 0.009578 -10.800000 -30.000000 19.200001
0.046387 0.759277 0.652588 -0.011706 0.020220 0.018092 -10.200000 -27.600000 20.400000
0.046143 0.754395 0.648193 -0.014899 0.022349 0.017028 -10.500000 -27.900000 20.100000
0.045654 0.763184 0.652832 -0.011706 0.022349 0.017028 -11.700000 -28.500000 20.100000
0.043213 0.759277 0.650635 -0.014899 0.024477 0.020220 -10.800000 -27.600000 22.200001
0.042236 0.753662 0.660645 -0.011706 0.027670 0.019156 -12.000000 -27.600000 22.200001
0.037598 0.762939 0.666992 -0.012771 0.023413 0.017028 -10.800000 -28.200001 20.400000
0.040527 0.776123 0.655029 -0.012771 0.020220 0.022349 -10.200000 -28.200001 21.000000
0.038574 0.763916 0.666748 -0.017028 0.024477 0.019156 -10.800000 -27.000000 20.400000
0.039062 0.754883 0.658691 -0.012771 0.023413 0.019156 -11.400000 -26.400000 21.000000
0.040771 0.769043 0.649414 -0.013835 0.027670 0.020220 -11.400000 -28.799999 21.000000
0.042969 0.767578 0.661133 -0.012771 0.024477 0.015963 -11.700000 -29.700001 19.500000
0.042969 0.760742 0.647461 -0.013835 0.023413 0.019156 -11.400000 -28.799999 20.400000
0.040527 0.767578 0.663086 -0.013835 0.022349 0.015963 -9.900000 -27.900000 18.299999
0.037598 0.758057 0.654541 -0.014899 0.022349 0.021284 -11.400000 -27.000000 19.799999
0.043457 0.763428 0.653564 -0.012771 0.027670 0.018092 -12.000000 -28.799999 21.600000
0.041016 0.758057 0.657471 -0.012771 0.022349 0.020220 -10.500000 -27.299999 20.100000
0.042725 0.762207 0.648438 -0.010642 0.023413 0.019156 -11.100000 -27.900000 19.500000
0.045410 0.762939 0.657227 -0.011706 0.024477 0.020220 -11.100000 -27.299999 21.299999
0.035645 0.765625 0.659912 -0.013835 0.023413 0.017028 -11.100000 -29.100000 20.100000
0.034424 0.759766 0.658203 -0.013835 0.025541 0.019156 -12.600000 -29.400000 19.799999
0.036133 0.764648 0.655762 -0.013835 0.023413 0.019156 -10.800000 -29.400000 22.200001
0.048828 0.755127 0.654785 -0.014899 0.024477 0.018092 -10.500000 -27.900000 21.299999
0.036865 0.759277 0.651367 -0.012771 0.023413 0.020220 -11.400000 -28.200001 21.600000
0.040283 0.762695 0.655029 -0.012771 0.022349 0.020220 -11.400000 -28.799999 21.000000
0.035889 0.759766 0.656494 -0.013835 0.023413 0.017028 -12.900000 -27.900000 20.700001
0.041260 0.763428 0.647461 -0.015963 0.024477 0.018092 -10.800000 -27.600000 20.400000
0.041504 0.766602 0.654297 -0.014899 0.023413 0.022349 -10.500000 -28.500000 21.299999
0.038330 0.760742 0.645264 -0.009578 0.023413 0.019156 -10.200000 -28.200001 22.200001
0.038330 0.758545 0.653320 -0.014899 0.020220 0.021284 -9.900000 -29.100000 19.500000
0.039062 0.752197 0.660645 -0.014899 0.025541 0.017028 -10.800000 -26.400000 21.000000
0.040527 0.762207 0.658203 -0.013835 0.024477 0.021284 -10.200000 -27.600000 21.000000
0.037598 0.762939 0.658936 -0.015963 0.026606 0.018092 -10.500000 -27.299999 21.900000
0.045410 0.767090 0.653320 -0.011706 0.024477 0.017028 -10.500000 -26.700001 20.700001
0.037109 0.759277 0.651123 -0.013835 0.024477 0.021284 -10.500000 -27.900000 20.700001
0.041260 0.759033 0.658936 -0.013835 0.022349 0.020220 -11.100000 -27.900000 21.900000
0.038330 0.760498 0.654053 -0.013835 0.025541 0.018092 -8.100000 -29.700001 21.900000
0.040039 0.758545 0.650635 -0.013835 0.023413 0.017028 -9.900000 -27.900000 21.299999
0.041260 0.765869 0.658936 -0.013835 0.023413 0.019156 -10.200000 -28.799999 20.400000
0.044922 0.754883 0.657471 -0.010642 0.024477 0.019156 -10.800000 -28.799999 22.799999
0.040283 0.761719 0.658447 -0.014899 0.023413 0.017028 -9.600000 -27.000000 21.600000
0.045166 0.762939 0.661621 -0.012771 0.022349 0.019156 -11.700000 -29.700001 20.700001
0.040527 0.758545 0.661621 -0.017028 0.022349 0.017028 -11.700000 -27.900000 20.100000
0.036865 0.759766 0.650879 -0.012771 0.023413 0.018092 -11.100000 -28.500000 19.500000
0.038330 0.760498 0.663574 -0.010642 0.022349 0.015963 -11.100000 -28.500000 20.700001
0.037598 0.755371 0.661621 -0.012771 0.022349 0.018092 -11.100000 -27.900000 21.299999
0.039551 0.766846 0.653564 -0.013835 0.024477 0.018092 -12.300000 -28.500000 21.299999
0.042236 0.767822 0.651611 -0.013835 0.019156 0.018092 -11.700000 -27.900000 20.100000
0.047119 0.758057 0.668701 -0.010642 0.021284 0.015963 -11.700000 -28.500000 19.500000
0.041992 0.759766 0.647461 -0.013835 0.023413 0.021284 -11.400000 -27.600000 20.400000
0.040771 0.762695 0.655273 -0.007450 0.023413 0.019156 -10.500000 -28.500000 18.900000
0.043945 0.764404 0.652100 -0.011706 0.023413 0.017028 -12.000000 -27.600000 21.600000
0.040527 0.763672 0.648193 -0.009578 0.024477 0.017028 -9.600000 -28.200001 19.799999
0.040283 0.760254 0.658447 -0.012771 0.023413 0.020220 -11.100000 -27.299999 21.900000
0.043701 0.759277 0.652100 -0.013835 0.022349 0.018092 -10.500000 -28.500000 21.900000
0.038330 0.762695 0.658936 -0.013835 0.022349 0.020220 -11.700000 -26.700001 19.500000
0.044678 0.762207 0.652100 -0.011706 0.022349 0.018092 -11.400000 -29.400000 19.799999
0.038574 0.760254 0.645752 -0.012771 0.026606 0.019156 -10.200000 -27.000000 19.200001
