0.002686 -1.003662 0.108154 -0.013835 0.019156 0.018092 23.100000 41.700001 8.100000
-0.000732 -1.010254 0.111328 -0.014899 0.021284 0.017028 22.500000 41.099998 6.900000
-0.003662 -1.011963 0.106934 -0.013835 0.022349 0.018092 22.200001 42.000000 7.800000
0.001953 -1.001953 0.109619 -0.012771 0.019156 0.018092 22.200001 42.599998 6.600000
0.001465 -1.004883 0.106445 -0.009578 0.019156 0.021284 20.400000 40.200001 6.600000
-0.002441 -0.997803 0.110107 -0.011706 0.021284 0.020220 21.600000 40.200001 7.200000
-0.003662 -1.006592 0.111084 -0.015963 0.020220 0.019156 23.400000 39.000000 7.200000
0.000244 -1.007812 0.107178 -0.015963 0.020220 0.018092 23.100000 39.900002 5.100000
-0.000977 -1.012695 0.105225 -0.010642 0.020220 0.014899 21.299999 40.500000 5.700000
-0.001953 -1.005859 0.104248 -0.011706 0.021284 0.015963 21.600000 41.400002 7.800000
-0.002930 -1.005615 0.103271 -0.011706 0.020220 0.019156 22.200001 41.400002 6.000000
-0.003174 -1.004395 0.111572 -0.014899 0.020220 0.019156 21.900000 40.500000 5.100000
-0.002930 -1.000977 0.107178 -0.014899 0.020220 0.019156 21.900000 39.900002 7.500000
-0.000244 -1.003662 0.107910 -0.012771 0.020220 0.020220 22.500000 39.900002 6.900000
0.000244 -1.001953 0.108643 -0.013835 0.021284 0.014899 21.600000 40.200001 7.800000
-0.000488 -1.008789 0.108643 -0.013835 0.018092 0.017028 22.200001 40.799999 7.200000
-0.000977 -1.005371 0.104004 -0.014899 0.021284 0.017028 22.200001 41.400002 6.000000
0.000000 -1.010742 0.105957 -0.013835 0.021284 0.015963 21.900000 40.500000 6.900000
0.001221 -1.007080 0.104004 -0.012771 0.022349 0.021284 22.200001 40.799999 6.600000
-0.004150 -1.006348 0.117432 -0.012771 0.020220 0.017028 22.200001 40.200001 6.000000
0.000732 -1.007812 0.102051 -0.014899 0.022349 0.019156 20.700001 41.099998 6.900000
0.002197 -1.004883 0.106934 -0.012771 0.021284 0.015963 21.900000 41.099998 6.900000
-0.000977 -1.012207 0.104980 -0.017028 0.020220 0.015963 22.799999 40.799999 7.200000
0.001221 -1.002930 0.094971 -0.011706 0.021284 0.019156 22.799999 41.400002 7.800000
-0.004883 -1.008789 0.106445 -0.010642 0.020220 0.020220 22.200001 40.799999 7.800000
0.005615 -0.998779 0.106201 -0.013835 0.021284 0.015963 22.500000 42.299999 7.500000
0.000977 -1.007080 0.114746 -0.013835 0.020220 0.021284 21.900000 39.900002 5.700000
-0.001465 -1.005127 0.104736 -0.013835 0.019156 0.019156 21.000000 40.200001 6.600000
0.002686 -1.012207 0.105469 -0.014899 0.020220 0.014899 22.500000 40.500000 6.900000
0.002441 -1.005859 0.120361 -0.011706 0.019156 0.017028 21.299999 41.099998 6.900000
0.000488 -1.006104 0.104004 -0.013835 0.020220 0.019156 23.100000 41.099998 6.900000
-0.000488 -1.003418 0.093750 -0.015963 0.022349 0.017028 21.900000 39.299999 6.300000
-0.000488 -1.007080 0.107422 -0.013835 0.021284 0.018092 22.500000 39.299999 7.500000
0.004395 -1.000977 0.105469 -0.017028 0.021284 0.018092 22.200001 41.400002 6.000000
-0.001221 -1.006104 0.109131 -0.009578 0.018092 0.014899 21.299999 40.500000 5.700000
0.006592 -1.002686 0.108887 -0.013835 0.022349 0.017028 22.200001 39.599998 8.400000
-0.003662 -1.007324 0.115479 -0.009578 0.021284 0.018092 22.500000 40.500000 8.100000
-0.004150 -1.010498 0.108154 -0.014899 0.017028 0.020220 21.900000 39.900002 6.300000
-0.003174 -1.002686 0.111328 -0.014899 0.021284 0.018092 21.600000 40.200001 6.000000
-0.000244 -1.004883 0.099609 -0.013835 0.022349 0.014899 21.600000 41.400002 6.000000
0.000977 -1.011963 0.118408 -0.012771 0.018092 0.018092 21.000000 42.000000 6.600000
0.002930 -1.003906 0.102539 -0.009578 0.021284 0.019156 22.799999 40.200001 7.800000
-0.003418 -1.011230 0.096680 -0.013835 0.019156 0.020220 21.000000 41.400002 6.600000
-0.004395 -1.007324 0.100830 -0.011706 0.021284 0.017028 20.400000 40.200001 6.000000
-0.001221 -1.011230 0.110107 -0.017028 0.023413 0.015963 21.600000 42.000000 6.000000
0.000000 -1.006104 0.096191 -0.012771 0.020220 0.018092 21.600000 40.799999 6.600000
0.001709 -1.006348 0.108398 -0.014899 0.020220 0.015963 21.600000 40.799999 6.000000
-0.003906 -1.010254 0.107910 -0.011706 0.020220 0.017028 23.100000 41.700001 7.500000
0.001709 -1.010742 0.113281 -0.015963 0.023413 0.018092 21.600000 40.799999 6.000000
0.002441 -1.004150 0.114258 -0.012771 0.021284 0.018092 23.400000 42.000000 6.000000
0.001465 -1.009521 0.108154 -0.014899 0.022349 0.017028 20.100000 41.099998 6.300000
-0.001221 -1.005615 0.110596 -0.014899 0.022349 0.018092 21.600000 40.200001 6.600000
-0.006592 -1.006592 0.104004 -0.013835 0.021284 0.020220 20.700001 41.099998 7.500000
0.003418 -1.004639 0.109619 -0.018092 0.024477 0.019156 23.400000 41.400002 7.200000
-0.002197 -1.007324 0.104248 -0.010642 0.017028 0.017028 21.600000 40.799999 6.600000
-0.001465 -1.015625 0.105225 -0.013835 0.020220 0.015963 22.799999 40.200001 6.000000
-0.005127 -1.000000 0.122314 -0.015963 0.020220 0.017028 24.000000 40.200001 7.200000
-0.002930 -1.004639 0.101807 -0.012771 0.022349 0.018092 22.200001 41.400002 7.200000
-0.008057 -1.007080 0.111572 -0.012771 0.019156 0.018092 23.100000 41.700001 5.700000
-0.000732 -1.004150 0.101807 -0.015963 0.023413 0.017028 22.200001 40.200001 7.200000
-0.000977 -1.012451 0.109863 -0.014899 0.020220 0.018092 21.600000 41.400002 6.000000
-0.006104 -1.009521 0.112549 -0.013835 0.019156 0.020220 21.000000 39.000000 6.600000
0.000000 -1.008057 0.104980 -0.013835 0.021284 0.019156 21.000000 40.799999 6.000000
-0.004639 -1.009033 0.111816 -0.010642 0.019156 0.020220 21.299999 39.900002 5.700000
-0.003418 -1.009277 0.112061 -0.014899 0.022349 0.018092 22.799999 42.599998 6.600000
-0.000488 -1.007080 0.094238 -0.015963 0.019156 0.019156 21.000000 42.000000 5.400000
0.000000 -1.008789 0.114990 -0.013835 0.021284 0.017028 21.299999 39.900002 6.900000
0.004150 -1.002197 0.106934 -0.013835 0.022349 0.020220 20.400000 41.400002 6.600000
-0.001709 -1.004395 0.117188 -0.012771 0.022349 0.021284 22.200001 40.799999 7.200000
0.001953 -1.007324 0.107666 -0.015963 0.024477 0.019156 21.600000 42.000000 6.600000
-0.007568 -1.051270 0.159424 -0.023413 0.076624 0.018092 22.500000 40.500000 6.300000
0.001953 -1.008301 0.104492 -0.035119 0.006385 0.013835 21.600000 42.000000 6.600000
0.000732 -1.001709 0.108154 -0.022349 0.020220 0.017028 22.500000 41.099998 6.300000
-0.009033 -1.003906 0.101074 -0.024477 0.030863 0.020220 21.299999 42.299999 5.700000
0.003418 -0.978516 0.111084 -0.020220 0.037248 0.021284 20.700001 39.299999 5.700000
-0.007568 -1.011475 0.096191 -0.014899 0.028734 0.015963 21.600000 42.000000 7.200000
0.001709 -1.014648 0.108887 -0.007450 0.021284 0.015963 22.200001 41.400002 6.000000
0.007080 -1.006104 0.116211 -0.019156 0.008514 0.018092 23.700001 41.099998 5.700000
0.000488 -1.006836 0.124023 -0.024477 0.000000 0.019156 21.900000 40.500000 7.500000
-0.006592 -0.996338 0.123535 -0.022349 -0.003193 0.022349 22.500000 41.700001 5.700000
0.004639 -0.997559 0.125244 -0.020220 -0.009578 0.018092 20.100000 39.900002 6.900000
-0.010010 -1.000732 0.127930 -0.010642 0.023413 0.020220 21.900000 39.900002 8.700000
0.005371 -1.016846 0.102051 -0.014899 -0.002128 0.018092 21.299999 41.700001 6.300000
0.001709 -1.004639 0.101562 -0.019156 -0.007450 0.018092 20.700001 42.299999 6.300000
-0.005371 -1.005127 0.114502 -0.023413 0.024477 0.021284 21.600000 40.799999 6.600000
0.010254 -0.979736 0.115723 -0.019156 -0.004257 0.013835 22.200001 42.000000 6.000000
-0.001709 -1.018311 0.097412 -0.017028 -0.007450 0.015963 21.600000 40.799999 6.600000
-0.010498 -1.003662 0.121094 -0.028734 0.027670 0.010642 21.600000 40.200001 6.600000
-0.001953 -1.004395 0.100342 -0.022349 0.036184 0.023413 22.500000 39.900002 6.900000
-0.007568 -1.000732 0.099121 -0.007450 0.017028 0.014899 22.200001 40.799999 6.600000
-0.006104 -1.006836 0.095215 -0.007450 0.012771 0.014899 21.299999 40.500000 6.300000
0.002441 -0.995117 0.121826 -0.018092 0.037248 0.018092 21.000000 39.599998 5.400000
0.000244 -1.016357 0.085449 -0.009578 0.017028 0.007450 21.600000 40.799999 6.000000
0.000732 -1.009521 0.093018 -0.006385 0.015963 0.019156 21.600000 42.599998 5.400000
-0.003174 -1.009277 0.103516 -0.011706 0.012771 0.017028 21.900000 40.500000 5.700000
0.005127 -1.012207 0.113525 -0.020220 0.010642 0.019156 20.100000 40.500000 6.900000
0.005859 -0.989990 0.106201 -0.023413 0.020220 0.020220 20.400000 40.200001 6.600000
0.005371 -0.999268 0.104980 -0.013835 0.013835 0.020220 21.000000 40.200001 6.600000
0.003418 -0.995117 0.094727 -0.014899 0.002128 0.019156 20.700001 39.299999 6.900000
-0.005127 -1.006104 0.112549 -0.007450 0.026606 0.009578 21.299999 41.700001 7.500000
0.000732 -1.009766 0.097900 -0.008514 -0.004257 0.022349 20.700001 39.900002 6.300000
-0.005615 -0.998291 0.115723 -0.011706 0.011706 0.004257 20.700001 41.700001 6.900000
0.000244 -1.021484 0.102783 -0.005321 0.003193 0.021284 20.400000 40.799999 6.600000
-0.004639 -1.026611 0.106445 -0.020220 -0.012771 0.025541 22.500000 40.500000 4.500000
0.003418 -0.999268 0.118164 -0.029798 0.027670 0.017028 20.400000 39.599998 6.000000
0.000732 -1.001953 0.105469 -0.015963 0.010642 0.023413 20.100000 39.900002 6.900000
0.005859 -1.007568 0.108643 -0.015963 -0.014899 0.017028 21.299999 40.500000 6.300000
-0.005371 -1.000000 0.106201 -0.015963 0.008514 0.020220 22.200001 42.000000 7.200000
0.001465 -1.007568 0.112793 -0.023413 0.013835 0.020220 21.299999 40.500000 5.700000
0.000000 -0.988525 0.101074 -0.015963 -0.011706 0.022349 19.799999 39.000000 5.400000
-0.006104 -1.007568 0.114990 -0.022349 -0.012771 0.013835 20.100000 40.500000 5.700000
0.002930 -1.004150 0.106689 -0.027670 0.001064 0.014899 20.400000 40.200001 6.000000
-0.009033 -1.016357 0.084961 -0.010642 -0.013835 0.021284 21.299999 40.500000 6.300000
0.001465 -1.010254 0.107910 -0.009578 -0.007450 0.015963 20.400000 39.599998 7.800000
0.004150 -1.021240 0.085205 -0.009578 0.003193 0.020220 20.700001 39.900002 6.900000
0.000977 -1.015869 0.106689 -0.010642 -0.004257 0.018092 20.700001 38.700001 6.300000
0.004150 -1.042725 0.083984 -0.008514 -0.004257 0.022349 20.100000 40.500000 6.300000
-0.004150 -0.973877 0.100342 0.003193 0.006385 0.037248 21.000000 40.799999 7.200000
0.004150 -1.001953 0.086182 -0.011706 -0.005321 0.019156 19.200001 40.200001 7.200000
-0.006104 -1.047607 0.085205 -0.015963 0.017028 0.007450 20.400000 42.000000 6.000000
-0.003418 -0.991943 0.077393 -0.012771 0.013835 0.034055 20.100000 40.500000 5.100000
0.004395 -1.002197 0.107178 -0.007450 0.019156 0.015963 20.700001 40.500000 6.300000
-0.005859 -1.049072 0.075195 -0.019156 0.021284 0.010642 20.400000 40.200001 5.400000
-0.007812 -0.992188 0.101074 -0.021284 0.019156 0.029798 20.700001 39.299999 5.700000
-0.001465 -0.980713 0.127441 -0.009578 0.020220 0.024477 20.400000 39.000000 4.200000
0.001465 -1.021240 0.096191 -0.006385 0.040441 0.013835 19.500000 39.900002 8.700000
-0.000732 -1.020996 0.097168 -0.008514 0.048954 0.015963 19.500000 40.500000 6.900000
0.002686 -1.014648 0.109863 -0.008514 0.029798 0.018092 19.500000 40.500000 6.300000
0.005371 -1.020508 0.105469 -0.017028 0.030863 0.020220 20.700001 40.500000 7.500000
-0.001709 -0.999023 0.097656 -0.025541 0.020220 0.012771 18.000000 40.200001 7.200000
0.001709 -1.027588 0.103027 -0.014899 0.020220 0.024477 17.700001 41.099998 8.100000
0.000244 -0.981445 0.098145 -0.013835 0.010642 0.026606 18.900000 40.500000 5.700000
0.002197 -1.028320 0.098633 -0.013835 0.012771 0.010642 21.299999 41.099998 5.700000
0.000244 -1.008301 0.107178 -0.006385 0.035119 0.027670 19.500000 39.900002 6.300000
-0.002686 -0.997559 0.099609 -0.009578 0.017028 0.019156 17.100000 40.500000 6.900000
-0.004395 -1.014893 0.114990 -0.009578 0.013835 0.014899 17.700001 40.500000 7.500000
0.001221 -1.015137 0.113770 -0.009578 0.031927 0.018092 19.799999 40.200001 6.000000
-0.002441 -0.995117 0.089600 -0.005321 0.020220 0.021284 19.799999 40.200001 7.800000
-0.003174 -1.016357 0.089355 -0.004257 -0.003193 0.009578 19.799999 40.200001 6.600000
-0.000732 -1.018555 0.103027 -0.013835 0.023413 0.010642 19.799999 37.799999 7.200000
0.000244 -1.005127 0.094727 -0.010642 0.006385 0.020220 18.900000 39.900002 6.900000
-0.000244 -0.999268 0.117188 -0.018092 0.013835 0.017028 20.100000 40.500000 7.500000
0.000000 -1.003418 0.103271 -0.021284 0.017028 0.015963 18.900000 41.099998 5.700000
-0.000244 -1.019775 0.112305 -0.020220 0.015963 0.014899 19.500000 38.700001 6.900000
0.003418 -0.989014 0.102539 -0.020220 -0.001064 0.023413 18.900000 40.500000 6.900000
-0.001953 -1.008057 0.106689 -0.014899 -0.005321 0.017028 19.500000 39.299999 6.300000
-0.002441 -0.998047 0.109131 -0.017028 0.018092 0.017028 19.799999 40.799999 6.000000
0.005371 -1.006104 0.106445 -0.020220 0.010642 0.011706 20.100000 40.500000 6.300000
0.003906 -1.000244 0.096680 -0.014899 -0.018092 0.026606 18.900000 41.099998 6.900000
0.002197 -1.005127 0.093262 -0.015963 0.000000 0.021284 21.000000 40.200001 7.200000
0.009766 -1.002197 0.113281 -0.012771 0.006385 0.017028 17.700001 39.900002 7.500000
-0.002930 -0.999512 0.102295 -0.015963 -0.007450 0.028734 19.500000 41.099998 5.700000
0.002197 -1.006348 0.110596 -0.012771 -0.007450 0.023413 19.500000 39.900002 5.700000
-0.008057 -0.994629 0.104248 -0.010642 0.009578 0.011706 18.900000 39.900002 6.300000
0.004639 -1.031006 0.090820 -0.006385 -0.001064 0.015963 18.600000 40.799999 6.600000
-0.000488 -1.019775 0.083496 -0.010642 -0.006385 0.023413 19.200001 39.000000 6.600000
-0.004395 -1.003418 0.106689 -0.011706 0.004257 0.011706 19.500000 40.500000 8.100000
0.002930 -1.019531 0.100586 -0.008514 0.010642 0.031927 19.200001 40.200001 8.400000
-0.002197 -0.992676 0.106934 -0.008514 0.017028 0.021284 18.600000 39.599998 5.400000
0.002930 -1.014404 0.089844 -0.004257 0.000000 0.019156 17.700001 39.900002 6.300000
-0.000977 -0.992920 0.104980 -0.017028 0.017028 0.022349 19.200001 40.200001 5.400000
0.002441 -1.003906 0.104248 -0.011706 0.022349 0.014899 19.500000 39.900002 5.700000
0.005127 -1.004150 0.105225 -0.012771 -0.001064 0.019156 19.500000 39.900002 6.300000
-0.001953 -1.004150 0.112793 -0.022349 0.007450 0.019156 18.000000 39.000000 5.400000
0.000000 -1.013916 0.100098 -0.007450 0.023413 0.019156 18.299999 38.099998 7.500000
-0.002686 -1.004150 0.093750 -0.002128 0.002128 0.018092 18.900000 39.900002 7.500000
-0.009766 -1.027344 0.101074 -0.008514 0.001064 0.014899 19.500000 38.700001 6.300000
-0.006348 -1.010010 0.119629 -0.009578 0.017028 0.022349 17.700001 39.900002 5.700000
0.009277 -1.000000 0.115479 -0.020220 0.015963 0.023413 17.700001 39.299999 7.500000
-0.002930 -1.007324 0.100342 -0.014899 0.011706 0.012771 18.600000 39.000000 6.000000
-0.001953 -1.007080 0.117432 -0.005321 0.020220 0.022349 19.200001 38.400002 7.200000
0.005127 -0.997314 0.101318 0.003193 0.030863 0.007450 17.700001 39.900002 6.300000
-0.002197 -1.025879 0.103516 -0.017028 0.040441 0.014899 17.700001 39.299999 5.700000
0.003174 -1.001953 0.106934 -0.021284 0.046826 0.018092 18.000000 37.799999 8.400000
0.000488 -0.996338 0.091797 -0.013835 0.030863 0.018092 18.000000 39.599998 7.200000
0.003174 -1.007080 0.092529 -0.008514 0.013835 0.021284 18.600000 40.200001 7.200000
-0.000244 -1.013672 0.101562 -0.018092 0.012771 0.019156 18.000000 39.599998 7.800000
-0.000977 -1.017578 0.092773 -0.013835 0.004257 0.021284 18.900000 38.700001 7.500000
-0.001221 -0.999512 0.092529 -0.008514 -0.014899 0.025541 18.900000 38.700001 6.300000
-0.000732 -1.011719 0.090332 -0.020220 -0.010642 0.018092 20.400000 38.400002 7.200000
-0.008301 -1.007324 0.101807 -0.015963 0.026606 0.014899 18.900000 39.900002 6.900000
-0.005859 -0.999756 0.111328 -0.014899 0.022349 0.015963 18.900000 39.299999 6.900000
0.005127 -1.006592 0.106445 -0.013835 0.018092 0.017028 18.299999 38.700001 7.500000
-0.000977 -1.006348 0.107666 -0.012771 0.022349 0.020220 19.200001 38.400002 7.200000
0.000244 -0.998291 0.098389 -0.011706 0.018092 0.019156 18.900000 39.900002 5.100000
0.002686 -1.005371 0.087891 -0.014899 0.020220 0.017028 18.900000 39.900002 7.500000
-0.002930 -0.999756 0.109375 -0.013835 0.022349 0.013835 18.000000 38.400002 6.600000
0.003418 -1.012939 0.098389 -0.011706 0.020220 0.020220 16.200001 38.400002 7.200000
-0.000244 -1.002686 0.104980 -0.015963 0.020220 0.018092 19.200001 39.599998 6.600000
0.009521 -1.007568 0.098389 -0.014899 0.019156 0.014899 18.900000 41.700001 6.900000
0.007080 -1.009277 0.099365 -0.014899 0.021284 0.017028 19.200001 39.599998 6.600000
0.002197 -1.003174 0.105469 -0.017028 0.022349 0.018092 19.799999 38.400002 6.600000
-0.004395 -1.008057 0.105225 -0.019156 0.022349 0.018092 18.299999 40.500000 6.900000
-0.002197 -1.006592 0.101318 -0.010642 0.021284 0.014899 18.600000 38.400002 7.800000
-0.002197 -1.002197 0.101807 -0.015963 0.021284 0.017028 18.900000 39.900002 6.900000
0.000732 -1.007568 0.107178 -0.011706 0.020220 0.017028 19.500000 40.500000 6.300000
-0.004395 -1.007324 0.104492 -0.013835 0.022349 0.018092 19.200001 40.200001 7.200000
0.000000 -1.010254 0.101074 -0.013835 0.022349 0.018092 18.299999 39.299999 8.100000
0.002197 -1.007080 0.101562 -0.015963 0.021284 0.019156 18.900000 38.700001 6.300000
0.001953 -1.006836 0.093018 -0.013835 0.020220 0.014899 18.600000 39.000000 7.200000
0.002197 -1.010986 0.101562 -0.013835 0.020220 0.020220 18.299999 39.900002 5.700000
0.005371 -1.000244 0.096924 -0.015963 0.021284 0.020220 17.400000 39.599998 6.000000
0.001709 -1.005371 0.102051 -0.013835 0.022349 0.017028 18.900000 38.099998 5.700000
-0.002441 -1.003906 0.095703 -0.018092 0.021284 0.018092 18.600000 39.599998 6.000000
0.001221 -1.008057 0.105713 -0.018092 0.020220 0.018092 18.600000 39.000000 7.200000
-0.002197 -1.006836 0.108643 -0.014899 0.021284 0.018092 18.600000 38.400002 6.600000
-0.005371 -1.004395 0.096924 -0.013835 0.020220 0.019156 18.000000 37.799999 6.600000
-0.003662 -1.000732 0.103271 -0.013835 0.021284 0.017028 18.299999 40.500000 6.900000
0.001953 -1.012207 0.107666 -0.014899 0.022349 0.019156 18.600000 39.000000 6.600000
-0.000977 -1.013184 0.103271 -0.014899 0.021284 0.015963 18.900000 39.299999 5.700000
-0.002686 -1.002686 0.099121 -0.017028 0.021284 0.017028 19.200001 39.599998 6.600000
0.003418 -1.005615 0.105225 -0.014899 0.023413 0.018092 18.900000 38.700001 6.300000
-0.002441 -1.016846 0.103760 -0.012771 0.019156 0.018092 18.000000 40.200001 6.600000
0.003662 -1.006348 0.100098 -0.015963 0.020220 0.018092 17.400000 40.200001 6.600000
-0.000732 -1.007812 0.119141 -0.015963 0.019156 0.017028 18.000000 40.200001 8.400000
-0.001465 -1.009277 0.097656 -0.014899 0.021284 0.021284 18.900000 39.900002 6.300000
0.004150 -1.006836 0.098389 -0.011706 0.020220 0.018092 16.799999 37.799999 7.200000
0.004395 -1.010986 0.099609 -0.011706 0.022349 0.020220 17.100000 39.900002 6.300000
-0.002930 -1.004639 0.101318 -0.009578 0.020220 0.020220 21.000000 40.200001 7.800000
0.000488 -1.000000 0.103027 -0.013835 0.021284 0.017028 17.400000 39.000000 5.400000
-0.001953 -1.005859 0.118896 -0.011706 0.018092 0.018092 17.700001 39.299999 7.500000
-0.000977 -1.002686 0.101074 -0.009578 0.022349 0.020220 18.600000 39.000000 7.200000
0.000488 -1.003662 0.107422 -0.012771 0.021284 0.015963 19.799999 39.599998 6.600000
-0.005371 -1.002441 0.099609 -0.015963 0.019156 0.019156 18.299999 38.700001 5.700000
0.000000 -1.000488 0.100830 -0.014899 0.019156 0.020220 18.299999 38.700001 7.500000
-0.002686 -1.008789 0.099854 -0.014899 0.021284 0.018092 19.200001 39.000000 6.600000
-0.001709 -1.003662 0.106689 -0.011706 0.020220 0.015963 18.299999 39.299999 7.500000
0.004883 -1.005615 0.102295 -0.017028 0.021284 0.018092 18.299999 39.900002 6.900000
0.000244 -1.009766 0.097900 -0.015963 0.022349 0.017028 18.000000 37.799999 7.200000
-0.001709 -1.011475 0.105713 -0.014899 0.023413 0.020220 18.299999 39.299999 6.300000
0.001465 -1.005615 0.102539 -0.011706 0.023413 0.021284 18.000000 38.400002 6.600000
0.000000 -1.005371 0.106445 -0.014899 0.021284 0.019156 19.200001 38.400002 6.600000
0.005127 -1.005615 0.104980 -0.015963 0.018092 0.018092 17.700001 38.700001 7.500000
0.003418 -1.008057 0.104004 -0.013835 0.022349 0.017028 17.700001 41.099998 7.500000
0.004395 -1.008545 0.103760 -0.014899 0.021284 0.018092 16.500000 40.500000 6.300000
0.000488 -1.004150 0.099609 -0.014899 0.022349 0.020220 17.100000 39.299999 7.500000
-0.003174 -1.007324 0.105469 -0.014899 0.024477 0.017028 17.100000 41.700001 6.300000
-0.002441 -1.008057 0.095703 -0.012771 0.020220 0.015963 18.900000 39.900002 7.500000
0.000488 -1.002197 0.097900 -0.017028 0.019156 0.018092 16.799999 38.400002 6.600000
0.002930 -1.002197 0.102295 -0.011706 0.019156 0.020220 19.200001 39.599998 6.000000
0.002686 -1.012939 0.102539 -0.011706 0.021284 0.018092 18.600000 40.799999 6.000000
0.005127 -1.000977 0.107178 -0.014899 0.022349 0.018092 18.299999 39.299999 7.500000
-0.002686 -1.007324 0.104736 -0.014899 0.022349 0.015963 19.200001 39.000000 6.600000
0.005371 -1.006592 0.108398 -0.013835 0.021284 0.019156 19.200001 39.599998 7.800000
0.000000 -1.007324 0.095215 -0.012771 0.020220 0.020220 18.299999 36.900002 6.900000
0.002930 -1.003418 0.101562 -0.012771 0.024477 0.020220 18.000000 39.599998 7.200000
-0.001465 -1.006104 0.098633 -0.010642 0.021284 0.018092 18.000000 38.400002 6.600000
-0.005615 -1.005127 0.112061 -0.012771 0.023413 0.017028 17.700001 39.299999 6.900000
0.002930 -1.006348 0.100586 -0.010642 0.021284 0.018092 18.900000 38.700001 7.500000
-0.000977 -1.004883 0.093994 -0.011706 0.022349 0.018092 17.700001 40.500000 7.500000
0.004883 -1.002930 0.102539 -0.012771 0.021284 0.020220 19.799999 39.599998 6.600000
0.007568 -1.009033 0.107910 -0.013835 0.020220 0.015963 20.400000 40.200001 7.200000
-0.004639 -1.005859 0.100586 -0.009578 0.020220 0.017028 17.100000 39.900002 7.500000
0.000488 -1.009033 0.111084 -0.017028 0.021284 0.017028 19.500000 38.700001 6.900000
-0.006348 -1.006592 0.095703 -0.012771 0.019156 0.017028 19.799999 40.799999 5.400000
0.002930 -1.010742 0.094482 -0.009578 0.020220 0.019156 19.200001 40.799999 6.600000
0.004395 -1.009277 0.095947 -0.009578 0.020220 0.018092 19.500000 38.700001 7.500000
0.002930 -1.008789 0.102295 -0.014899 0.019156 0.018092 18.299999 39.900002 6.300000
0.006104 -1.010986 0.110840 -0.015963 0.020220 0.020220 17.700001 39.900002 6.900000
0.002441 -1.007568 0.100586 -0.014899 0.018092 0.018092 18.299999 39.299999 6.900000
0.010010 -1.009521 0.108154 -0.014899 0.017028 0.019156 18.299999 39.299999 6.900000
0.000977 -1.001221 0.107422 -0.013835 0.022349 0.020220 18.900000 39.900002 6.900000
0.008301 -1.011230 0.098145 -0.015963 0.022349 0.018092 18.900000 38.700001 6.300000
0.005859 -1.009521 0.100830 -0.011706 0.021284 0.017028 18.299999 39.900002 6.900000
0.000000 -1.009521 0.111816 -0.015963 0.022349 0.017028 20.100000 39.900002 5.700000
-0.002930 -1.011963 0.111084 -0.012771 0.022349 0.017028 17.100000 39.900002 6.900000
0.008789 -1.004639 0.102051 -0.012771 0.018092 0.019156 17.400000 39.000000 6.600000
-0.006104 -1.009766 0.104004 -0.015963 0.021284 0.015963 18.900000 39.299999 7.500000
0.003906 -1.001953 0.100342 -0.014899 0.020220 0.015963 20.100000 39.900002 6.900000
0.001221 -0.998779 0.110107 -0.014899 0.021284 0.014899 17.400000 39.000000 7.200000
-0.004639 -1.012451 0.106201 -0.014899 0.020220 0.018092 18.000000 40.200001 6.600000
-0.003418 -0.994629 0.099365 -0.014899 0.021284 0.018092 19.500000 38.099998 6.300000
0.002441 -1.005127 0.110596 -0.011706 0.021284 0.015963 18.000000 41.400002 6.600000
0.002930 -1.005615 0.103027 -0.013835 0.020220 0.019156 18.900000 39.900002 6.900000
0.001465 -1.010742 0.106689 -0.010642 0.017028 0.018092 19.500000 41.099998 7.500000
0.000977 -1.006348 0.108643 -0.011706 0.020220 0.017028 18.900000 39.299999 6.300000
-0.003174 -1.007324 0.106445 -0.013835 0.022349 0.018092 20.400000 40.200001 6.600000
-0.001709 -1.009521 0.099609 -0.011706 0.020220 0.017028 19.799999 39.599998 6.600000
-0.006592 -1.010254 0.097168 -0.014899 0.021284 0.018092 17.400000 40.200001 7.800000
0.003174 -1.011475 0.102539 -0.011706 0.021284 0.017028 19.500000 38.099998 5.700000
0.003418 -1.002930 0.097900 -0.010642 0.022349 0.017028 19.799999 40.799999 7.200000
0.000488 -1.007568 0.100342 -0.010642 0.020220 0.018092 19.200001 39.599998 6.600000
-0.005127 -1.015869 0.097168 -0.017028 0.019156 0.019156 19.500000 39.900002 6.900000
0.005371 -0.997803 0.105713 -0.012771 0.020220 0.015963 19.799999 39.000000 5.400000
-0.005859 -1.015625 0.101074 -0.010642 0.020220 0.020220 17.700001 39.900002 7.500000
-0.005127 -1.000977 0.100586 -0.011706 0.023413 0.019156 18.900000 38.099998 6.300000
-0.001221 -1.004395 0.100098 -0.011706 0.022349 0.019156 17.400000 39.000000 7.200000
0.001465 -1.009277 0.095215 -0.010642 0.018092 0.019156 18.900000 39.900002 6.900000
0.001953 -0.996826 0.097656 -0.011706 0.020220 0.013835 18.900000 39.900002 4.500000
0.000488 -1.006592 0.092285 -0.013835 0.021284 0.019156 19.500000 39.299999 6.900000
-0.002441 -1.002197 0.102783 -0.012771 0.017028 0.018092 17.100000 39.299999 6.900000
0.001953 -1.007568 0.097412 -0.019156 0.020220 0.019156 18.000000 39.599998 8.400000
-0.002441 -1.007812 0.114990 -0.014899 0.021284 0.017028 18.600000 39.000000 7.200000
0.005127 -1.003662 0.102295 -0.014899 0.020220 0.015963 19.500000 39.900002 5.700000
0.000732 -1.005127 0.101074 -0.010642 0.021284 0.017028 19.200001 40.799999 6.000000
0.001221 -0.999268 0.111328 -0.011706 0.019156 0.019156 19.200001 39.000000 6.600000
-0.002441 -1.009277 0.102295 -0.013835 0.020220 0.017028 19.200001 40.200001 6.000000
0.001953 -1.002197 0.101807 -0.013835 0.022349 0.017028 19.799999 40.200001 7.800000
0.006104 -1.013672 0.088135 -0.013835 0.019156 0.014899 19.200001 39.000000 7.800000
-0.002197 -1.002930 0.106445 -0.012771 0.018092 0.018092 17.700001 39.900002 7.500000
