0.000000 0.000000 117231714919570814695112704.000000 0.000000 0.000000 0.000000 0.000000 2662405990840142908622677847748640768.000000 3562450976768.000000
-0.052002 -0.994873 0.148438 -0.013835 0.022349 0.020220 -22.500000 39.900002 14.700000
-0.050293 -1.000244 0.139160 -0.014899 0.022349 0.022349 -20.700001 41.099998 15.900000
-0.047852 -1.000244 0.151855 -0.012771 0.023413 0.020220 -21.900000 40.500000 14.100000
-0.051025 -1.003906 0.140381 -0.015963 0.020220 0.017028 -21.000000 39.599998 16.200001
-0.056885 -1.000732 0.146973 -0.013835 0.021284 0.020220 -20.700001 39.900002 14.100000
-0.044434 -0.999268 0.144775 -0.012771 0.021284 0.020220 -21.900000 39.900002 14.700000
-0.042725 -1.005371 0.145996 -0.013835 0.023413 0.018092 -20.700001 39.299999 15.300000
-0.047363 -1.003906 0.144531 -0.014899 0.023413 0.018092 -21.900000 41.099998 15.300000
-0.047363 -0.998535 0.148926 -0.013835 0.020220 0.018092 -21.299999 40.500000 14.700000
-0.051270 -0.991211 0.142578 -0.011706 0.022349 0.019156 -22.500000 41.700001 15.900000
-0.050293 -1.008301 0.146729 -0.012771 0.024477 0.020220 -21.600000 40.200001 14.400000
-0.044678 -0.997559 0.133789 -0.014899 0.022349 0.020220 -22.200001 40.799999 14.400000
-0.049561 -0.998291 0.145752 -0.012771 0.023413 0.019156 -23.700001 41.099998 15.300000
-0.046875 -0.995850 0.141602 -0.012771 0.022349 0.020220 -21.299999 41.700001 15.300000
-0.047852 -0.998291 0.146484 -0.011706 0.023413 0.019156 -21.600000 39.599998 15.600000
-0.047363 -0.999023 0.143799 -0.013835 0.021284 0.018092 -20.400000 41.400002 15.000000
-0.048828 -0.995605 0.141113 -0.013835 0.021284 0.017028 -21.299999 39.299999 14.700000
-0.045410 -0.996338 0.149658 -0.013835 0.023413 0.019156 -22.200001 41.400002 15.000000
-0.046631 -0.991455 0.148682 -0.018092 0.020220 0.020220 -21.299999 39.900002 15.300000
-0.045166 -1.000732 0.145264 -0.015963 0.020220 0.017028 -21.299999 42.299999 15.300000
-0.050537 -1.005371 0.141113 -0.014899 0.022349 0.017028 -21.900000 40.500000 14.700000
-0.049805 -1.000977 0.141846 -0.015963 0.021284 0.019156 -21.900000 42.299999 15.300000
-0.052490 -0.997803 0.140625 -0.015963 0.021284 0.019156 -21.299999 41.099998 14.700000
-0.039307 -1.000488 0.144531 -0.012771 0.021284 0.019156 -21.900000 41.099998 15.900000
-0.050293 -1.004150 0.146240 -0.015963 0.022349 0.018092 -22.500000 41.099998 15.900000
-0.051758 -0.998047 0.139404 -0.014899 0.021284 0.023413 -20.100000 40.500000 14.700000
-0.042480 -1.003174 0.150635 -0.013835 0.023413 0.018092 -21.900000 40.500000 15.900000
-0.050537 -0.998047 0.135986 -0.014899 0.019156 0.021284 -21.900000 40.500000 15.300000
-0.045410 -0.996826 0.156494 -0.012771 0.022349 0.020220 -21.299999 41.099998 15.300000
-0.048096 -0.996338 0.147705 -0.014899 0.022349 0.020220 -22.500000 38.700001 15.300000
-0.053955 -1.002197 0.146484 -0.014899 0.022349 0.018092 -21.900000 40.500000 15.900000
-0.049805 -0.996826 0.144043 -0.015963 0.024477 0.018092 -21.299999 41.099998 15.900000
-0.044434 -0.999756 0.143066 -0.014899 0.022349 0.018092 -22.799999 40.799999 14.400000
-0.044922 -0.995361 0.146729 -0.012771 0.020220 0.020220 -20.100000 41.099998 15.300000
-0.050293 -1.002441 0.143066 -0.011706 0.022349 0.014899 -22.200001 39.599998 14.400000
-0.047852 -1.000732 0.149414 -0.015963 0.020220 0.020220 -21.299999 40.500000 14.100000
-0.046387 -1.003174 0.147705 -0.013835 0.025541 0.019156 -21.299999 39.900002 15.300000
-0.051025 -1.001465 0.143555 -0.014899 0.024477 0.018092 -20.400000 40.799999 13.800000
-0.044678 -1.000977 0.131348 -0.012771 0.020220 0.018092 -21.000000 41.400002 15.600000
-0.052979 -0.996826 0.155273 -0.006385 -0.141542 0.056404 -22.500000 40.500000 17.100000
-0.073730 -0.979980 0.262939 0.001064 -0.225616 0.045762 -21.299999 40.500000 15.300000
-0.125244 -1.038086 0.262695 0.000000 0.024477 0.014899 -22.200001 40.799999 16.799999
-0.045166 -1.058594 0.149170 -0.038312 0.093652 0.017028 -22.200001 39.599998 15.000000
-0.043701 -1.013916 0.101074 0.043633 0.081945 0.128771 -20.400000 42.000000 14.400000
-0.097900 -1.014404 0.157471 -0.034055 -0.160698 0.038312 -21.900000 41.700001 15.300000
-0.090088 -0.898682 0.223633 -0.002128 -0.051083 -0.047890 -23.100000 40.500000 14.700000
-0.072021 -1.062744 0.203613 -0.059597 0.113872 0.011706 -24.600000 40.799999 15.000000
-0.058105 -0.984375 0.133057 -0.051083 0.135156 0.029798 -21.299999 39.900002 14.100000
-0.072754 -0.997559 0.217285 -0.048954 0.191560 0.051083 -21.900000 39.900002 13.500000
-0.081055 -0.984619 0.197266 -0.072367 0.388442 -0.021284 -22.200001 40.799999 14.400000
-0.013184 -0.950928 0.110840 -0.076624 0.626828 -0.171340 -22.799999 40.799999 13.800000
0.025635 -1.247314 0.044189 -0.062789 0.580002 0.042569 -20.400000 41.400002 13.800000
0.121338 -1.205322 0.030762 0.077688 0.262863 -0.110679 -20.100000 42.900002 13.500000
0.094238 -0.872559 -0.016602 0.067046 0.072367 0.064918 -21.000000 41.400002 12.600000
-0.053223 -1.227051 0.154297 0.041505 0.020220 -0.022349 -20.700001 41.099998 12.900000
-0.082031 -0.914307 0.176758 -0.045762 0.034055 0.088331 -19.799999 39.599998 14.400000
-0.014160 -0.906006 0.048096 -0.027670 0.035119 0.019156 -22.200001 40.200001 12.600000
-0.074219 -1.093018 0.215576 0.005321 0.005321 -0.021284 -21.299999 40.500000 12.900000
-0.039307 -0.981689 0.083252 0.007450 0.034055 0.058532 -21.900000 41.700001 12.300000
-0.053955 -0.983398 0.160645 -0.022349 0.030863 0.003193 -21.299999 39.900002 12.300000
-0.046387 -1.047852 0.158203 -0.024477 0.000000 -0.001064 -21.900000 40.500000 12.900000
-0.052002 -1.010742 0.163574 -0.004257 0.036184 0.029798 -19.799999 42.000000 12.600000
-0.038574 -0.963867 0.118408 -0.010642 0.019156 0.035119 -20.400000 41.400002 12.600000
-0.041748 -1.035889 0.156982 -0.018092 0.026606 0.003193 -21.000000 41.400002 12.600000
-0.054199 -0.989258 0.145264 -0.015963 0.025541 0.037248 -20.400000 39.599998 12.000000
-0.042236 -0.984131 0.123047 -0.012771 0.026606 0.011706 -21.000000 40.799999 12.600000
-0.050293 -1.010742 0.155273 -0.013835 0.008514 0.007450 -20.400000 41.400002 11.400000
-0.042236 -1.012939 0.141113 -0.017028 0.027670 0.017028 -20.700001 40.500000 12.900000
-0.044922 -0.991455 0.145020 -0.011706 0.022349 0.027670 -19.799999 40.799999 10.800000
-0.045898 -1.016113 0.144043 -0.011706 0.020220 0.009578 -21.600000 40.200001 12.600000
-0.046875 -1.007568 0.157227 -0.012771 0.025541 0.026606 -23.100000 40.500000 12.900000
-0.050537 -0.987305 0.128174 -0.014899 0.024477 0.025541 -21.900000 39.900002 14.100000
-0.050049 -1.000977 0.146729 -0.014899 0.019156 0.011706 -22.799999 40.200001 12.000000
-0.043701 -1.011475 0.140381 -0.012771 0.022349 0.019156 -20.400000 40.799999 12.600000
-0.050293 -0.991211 0.145752 -0.011706 0.024477 0.023413 -19.799999 40.799999 13.800000
-0.043213 -1.001221 0.134766 -0.013835 0.019156 0.017028 -21.299999 41.099998 12.300000
-0.044434 -0.999512 0.141846 -0.012771 0.024477 0.019156 -21.000000 40.200001 13.200000
-0.048828 -0.997070 0.142090 -0.011706 0.021284 0.021284 -22.200001 41.400002 11.400000
-0.048584 -1.000000 0.137939 -0.013835 0.022349 0.019156 -22.799999 39.599998 12.600000
-0.050781 -1.003662 0.134766 -0.011706 0.018092 0.020220 -19.500000 40.500000 13.500000
-0.049805 -0.998535 0.146240 -0.012771 0.023413 0.019156 -21.900000 41.099998 13.500000
-0.048096 -0.996582 0.139404 -0.010642 0.021284 0.020220 -21.299999 42.299999 12.300000
-0.050537 -0.999268 0.144287 -0.014899 0.024477 0.019156 -21.299999 41.700001 13.500000
-0.047119 -0.997803 0.139160 -0.014899 0.023413 0.017028 -20.700001 39.900002 13.500000
-0.043213 -0.994141 0.138428 -0.014899 0.022349 0.020220 -21.000000 42.000000 13.200000
-0.043701 -1.001465 0.146729 -0.015963 0.022349 0.020220 -20.700001 39.299999 13.500000
-0.046631 -0.997070 0.150391 -0.017028 0.021284 0.019156 -21.900000 41.099998 12.900000
-0.051025 -1.003418 0.132324 -0.012771 0.022349 0.020220 -21.000000 40.200001 12.600000
-0.046143 -1.000977 0.136230 -0.014899 0.021284 0.018092 -21.299999 41.099998 12.900000
-0.052490 -1.006836 0.145996 -0.012771 0.023413 0.017028 -20.100000 40.500000 12.900000
-0.049561 -1.001221 0.135986 -0.011706 0.022349 0.020220 -21.299999 39.900002 12.300000
-0.051514 -1.000732 0.148193 -0.017028 0.021284 0.017028 -21.900000 41.700001 12.300000
-0.050293 -0.997559 0.136230 -0.013835 0.022349 0.018092 -22.200001 40.200001 12.600000
-0.049072 -1.003906 0.133057 -0.018092 0.021284 0.018092 -20.700001 40.500000 13.500000
-0.047119 -1.003418 0.140381 -0.011706 0.023413 0.018092 -21.000000 41.400002 12.600000
-0.043213 -0.993408 0.142090 -0.018092 0.024477 0.018092 -21.600000 40.200001 12.000000
-0.046875 -1.000244 0.141113 -0.011706 0.021284 0.018092 -21.000000 40.799999 12.600000
-0.040771 -1.000244 0.138428 -0.012771 0.024477 0.024477 -23.100000 41.700001 13.500000
-0.047852 -0.995850 0.133789 -0.012771 0.023413 0.017028 -22.500000 41.099998 12.300000
-0.046387 -1.000244 0.147705 -0.013835 0.024477 0.014899 -22.500000 39.900002 13.500000
-0.039307 -0.996338 0.136475 -0.015963 0.020220 0.020220 -21.000000 41.400002 12.600000
-0.052734 -0.995850 0.145508 -0.014899 0.021284 0.018092 -19.500000 39.299999 12.900000
-0.049316 -1.001465 0.146973 -0.015963 0.020220 0.018092 -22.200001 39.599998 12.600000
-0.051270 -0.998535 0.137451 -0.014899 0.021284 0.017028 -20.700001 41.700001 12.300000
-0.047119 -0.999023 0.142578 -0.011706 0.021284 0.017028 -20.400000 41.400002 12.000000
-0.052246 -1.000732 0.145020 -0.012771 0.021284 0.022349 -22.500000 40.500000 12.900000
-0.049072 -0.999023 0.139404 -0.014899 0.023413 0.019156 -20.400000 41.400002 13.200000
-0.043213 -0.998779 0.143799 -0.017028 0.022349 0.020220 -21.299999 41.099998 14.100000
-0.051025 -1.001465 0.130127 -0.015963 0.022349 0.020220 -20.100000 41.099998 12.300000
-0.052979 -1.001221 0.139648 -0.010642 0.023413 0.019156 -21.600000 40.799999 13.200000
-0.042480 -0.998291 0.144775 -0.013835 0.022349 0.019156 -19.799999 40.200001 10.800000
-0.046631 -1.000977 0.147705 -0.012771 0.019156 0.018092 -21.900000 41.099998 11.700000
-0.045410 -0.997803 0.139893 -0.015963 0.023413 0.020220 -19.799999 40.799999 12.000000
-0.044434 -1.001221 0.144531 -0.011706 0.024477 0.019156 -19.500000 40.500000 12.900000
-0.039551 -1.001221 0.140625 -0.012771 0.023413 0.019156 -20.100000 42.900002 12.900000
-0.053467 -0.996338 0.143311 -0.012771 0.020220 0.017028 -20.700001 39.299999 13.500000
-0.051514 -1.000488 0.140625 -0.012771 0.021284 0.019156 -20.700001 40.500000 12.900000
-0.048340 -0.994629 0.138184 -0.014899 0.023413 0.018092 -19.500000 41.099998 14.100000
-0.036133 -0.996094 0.141602 -0.013835 0.021284 0.020220 -21.299999 41.099998 11.700000
-0.045166 -1.005371 0.139404 -0.014899 0.022349 0.019156 -21.900000 41.099998 12.300000
-0.049316 -0.995605 0.144287 -0.014899 0.022349 0.017028 -20.100000 39.900002 12.300000
-0.047852 -1.002930 0.134033 -0.014899 0.024477 0.019156 -20.400000 39.599998 12.600000
-0.053711 -0.993164 0.137451 -0.017028 0.025541 0.017028 -21.900000 41.099998 11.700000
-0.052979 -0.999756 0.141602 -0.013835 0.018092 0.019156 -21.299999 41.099998 14.100000
-0.047363 -1.001221 0.138184 -0.012771 0.021284 0.017028 -19.500000 41.099998 12.900000
-0.045654 -0.995850 0.135986 -0.014899 0.021284 0.017028 -22.200001 39.599998 12.600000
-0.048828 -0.995605 0.145752 -0.012771 0.022349 0.017028 -20.400000 42.000000 10.800000
-0.051270 -0.992676 0.142578 -0.017028 0.021284 0.018092 -20.400000 39.599998 13.800000
-0.048096 -0.992920 0.152100 -0.013835 0.021284 0.018092 -21.299999 42.299999 12.900000
-0.050293 -1.009277 0.140869 -0.018092 0.020220 0.021284 -21.600000 40.200001 13.800000
-0.041748 -0.999512 0.132812 -0.015963 0.022349 0.015963 -21.000000 39.000000 11.400000
-0.047119 -0.994873 0.135010 -0.013835 0.022349 0.019156 -21.299999 40.500000 12.300000
-0.046631 -1.001221 0.138672 -0.018092 0.023413 0.020220 -24.600000 39.599998 13.800000
-0.041748 -0.995117 0.138672 -0.014899 0.021284 0.019156 -21.900000 41.099998 12.900000
-0.053467 -1.006104 0.150879 -0.017028 0.022349 0.017028 -21.000000 40.799999 13.800000
-0.051758 -1.001221 0.137695 -0.014899 0.021284 0.017028 -22.799999 42.000000 12.000000
-0.046875 -0.996582 0.139893 -0.012771 0.023413 0.018092 -21.600000 40.799999 13.200000
-0.048584 -0.998779 0.148438 -0.013835 0.021284 0.018092 -21.299999 41.099998 11.100000
-0.049805 -0.997070 0.150635 -0.012771 0.022349 0.019156 -20.700001 40.500000 11.700000
-0.096680 -1.055420 -0.298340 -0.030863 -0.197946 0.047890 -21.299999 40.500000 14.100000
-0.100830 -1.004639 0.045166 -0.014899 -0.087266 0.015963 -20.100000 40.500000 12.900000
-0.072021 -0.959229 0.051025 0.067046 0.101101 0.017028 -22.500000 39.900002 12.300000
-0.070557 -1.040283 -0.001465 0.034055 0.089395 -0.005321 -21.600000 42.000000 12.000000
-0.057373 -1.019287 0.039795 0.010642 0.052147 0.090459 -21.000000 39.599998 13.800000
-0.116943 -0.971191 0.072266 -0.020220 0.103230 0.030863 -22.500000 40.500000 14.700000
-0.108398 -1.027588 0.145020 -0.050019 0.285212 -0.045762 -22.500000 40.500000 12.300000
-0.149170 -1.081787 -0.129639 -0.036184 0.195817 -0.046826 -22.200001 40.799999 12.600000
-0.110596 -0.897949 0.120361 -0.065982 0.387378 -0.021284 -21.000000 42.599998 13.200000
-0.058838 -1.223633 0.270996 -0.024477 0.518277 -0.020220 -24.000000 42.599998 12.600000
-0.054688 -0.952393 0.060059 0.005321 0.524663 -0.102166 -22.799999 43.200001 14.400000
0.013672 -1.106445 0.222412 0.085138 0.542754 -0.062789 -24.600000 42.599998 12.600000
-0.022949 -1.034668 0.072021 -0.070239 0.406534 -0.064918 -21.000000 41.400002 13.200000
0.056396 -0.961914 0.226074 0.007450 0.302240 -0.046826 -23.100000 42.900002 13.500000
0.035400 -1.218262 0.326416 0.061725 0.237322 0.032991 -22.500000 41.099998 15.900000
0.005127 -1.162598 0.452637 0.048954 0.199010 0.060661 -22.500000 42.900002 15.300000
-0.038818 -0.815186 0.298096 0.097909 -0.045762 0.068110 -21.299999 44.099998 16.500000
-0.015381 -0.985107 0.544678 -0.042569 -0.160698 0.116000 -21.900000 42.900002 16.500000
-0.110107 -1.205566 0.384521 0.174533 0.075560 0.072367 -22.500000 43.500000 15.900000
-0.065918 -1.134521 0.359131 0.050019 0.228808 -0.144735 -21.000000 43.200001 16.200001
-0.011719 -0.961426 0.252441 -0.104294 0.107487 -0.010642 -21.299999 42.900002 17.700001
0.012451 -0.923340 0.146729 0.039376 -0.091523 0.056404 -21.000000 42.599998 16.799999
-0.019775 -0.968506 0.197266 -0.013835 0.003193 -0.015963 -23.100000 42.299999 16.500000
-0.029297 -0.969971 0.153076 -0.035119 0.035119 0.024477 -21.299999 42.299999 15.900000
-0.043213 -0.993652 0.166748 -0.012771 0.018092 0.013835 -22.200001 43.200001 16.799999
-0.045166 -0.993652 0.134766 -0.014899 0.028734 0.025541 -21.900000 44.099998 17.100000
-0.047363 -1.000977 0.136719 -0.011706 0.024477 0.017028 -21.600000 42.599998 17.400000
-0.048828 -1.000488 0.145020 -0.003193 0.052147 0.010642 -21.900000 44.099998 16.500000
-0.039307 -1.000732 0.137207 0.005321 0.052147 0.014899 -20.400000 43.200001 18.600000
-0.035645 -1.003418 0.153320 -0.019156 0.020220 0.027670 -20.700001 44.700001 16.500000
-0.041992 -0.997070 0.128906 -0.009578 0.020220 0.023413 -21.000000 42.000000 17.400000
-0.043701 -1.005859 0.143555 -0.009578 0.021284 0.019156 -21.600000 43.799999 17.400000
-0.048096 -1.003906 0.141846 -0.018092 0.020220 0.021284 -21.000000 45.000000 16.200001
-0.048340 -1.001221 0.151367 -0.015963 0.023413 0.018092 -21.600000 43.200001 16.200001
-0.048340 -0.995850 0.144531 -0.013835 0.022349 0.020220 -22.500000 43.500000 17.700001
-0.044189 -1.001953 0.133301 -0.017028 0.022349 0.015963 -22.200001 43.200001 17.400000
-0.048096 -0.997070 0.133789 -0.014899 0.022349 0.018092 -21.900000 42.299999 16.500000
-0.044189 -0.992676 0.136719 -0.015963 0.023413 0.022349 -21.600000 43.200001 16.799999
-0.043213 -0.992676 0.137207 -0.014899 0.021284 0.018092 -21.900000 42.900002 17.100000
-0.043701 -0.998291 0.129639 -0.015963 0.022349 0.017028 -22.200001 44.400002 16.200001
-0.040527 -1.003662 0.139648 -0.017028 0.021284 0.019156 -22.500000 44.099998 17.100000
-0.044922 -1.005615 0.136230 -0.015963 0.023413 0.014899 -23.400000 43.200001 17.400000
-0.046143 -0.997559 0.142578 -0.013835 0.024477 0.014899 -22.799999 43.799999 18.000000
-0.051514 -0.995361 0.142334 -0.014899 0.024477 0.018092 -22.799999 43.200001 16.200001
-0.043701 -0.999756 0.145996 -0.012771 0.023413 0.017028 -21.600000 43.799999 18.600000
-0.044434 -0.999023 0.128418 -0.013835 0.021284 0.015963 -21.000000 44.400002 16.200001
-0.043213 -0.998291 0.138184 -0.014899 0.023413 0.017028 -21.900000 44.099998 17.700001
-0.044434 -0.998779 0.138916 -0.017028 0.022349 0.018092 -22.500000 42.299999 16.500000
-0.049316 -1.001709 0.136230 -0.015963 0.022349 0.015963 -22.200001 42.599998 17.400000
-0.046387 -0.998291 0.144043 -0.012771 0.020220 0.017028 -20.700001 44.700001 15.900000
-0.044189 -0.995117 0.132812 -0.012771 0.021284 0.022349 -23.700001 42.900002 16.500000
-0.042236 -1.002930 0.136963 -0.013835 0.023413 0.019156 -21.600000 42.599998 16.200001
-0.043945 -1.002197 0.146729 -0.013835 0.021284 0.017028 -20.400000 42.599998 16.799999
-0.047363 -1.001953 0.131836 -0.017028 0.022349 0.015963 -21.600000 44.400002 16.799999
-0.041016 -0.991211 0.136230 -0.013835 0.019156 0.018092 -21.900000 43.500000 17.700001
-0.039795 -1.001221 0.135742 -0.013835 0.019156 0.019156 -22.799999 40.799999 16.200001
-0.038574 -1.001221 0.141357 -0.012771 0.023413 0.019156 -21.900000 42.900002 15.300000
-0.042236 -1.008789 0.136963 -0.012771 0.021284 0.017028 -21.900000 42.900002 16.500000
-0.045410 -1.005859 0.143311 -0.012771 0.022349 0.017028 -22.799999 43.799999 15.600000
-0.048096 -1.000244 0.133301 -0.012771 0.018092 0.019156 -23.100000 43.500000 16.500000
-0.044922 -1.005859 0.138672 -0.015963 0.022349 0.018092 -22.500000 43.500000 16.500000
-0.041748 -1.006348 0.141113 -0.014899 0.021284 0.017028 -21.600000 43.200001 17.400000
-0.043701 -0.999023 0.139160 -0.011706 0.022349 0.019156 -21.900000 42.299999 15.900000
-0.040039 -0.994629 0.140137 -0.011706 0.022349 0.020220 -20.400000 42.599998 15.600000
-0.042725 -0.999512 0.135010 -0.011706 0.022349 0.021284 -22.500000 42.900002 15.900000
-0.045166 -0.999023 0.138672 -0.013835 0.023413 0.018092 -21.600000 43.799999 16.200001
-0.045898 -1.000732 0.139160 -0.012771 0.022349 0.017028 -21.299999 42.900002 18.299999
-0.046387 -1.005859 0.134033 -0.014899 0.022349 0.018092 -23.400000 42.599998 17.400000
-0.041504 -0.995850 0.136475 -0.013835 0.022349 0.017028 -20.400000 43.799999 18.000000
-0.044678 -0.993896 0.140869 -0.011706 0.022349 0.015963 -21.299999 42.900002 16.500000
-0.047852 -0.999512 0.142578 -0.014899 0.022349 0.018092 -22.500000 43.500000 17.700001
-0.044189 -0.998047 0.141113 -0.013835 0.022349 0.015963 -21.299999 43.500000 15.300000
-0.044922 -1.007080 0.135742 -0.017028 0.023413 0.017028 -22.799999 43.200001 15.600000
-0.042480 -0.997070 0.144531 -0.011706 0.021284 0.020220 -21.900000 42.900002 17.100000
-0.041748 -0.998291 0.139160 -0.015963 0.024477 0.020220 -21.000000 43.799999 16.799999
-0.045898 -0.997559 0.139160 -0.013835 0.021284 0.019156 -22.200001 42.000000 16.799999
-0.036865 -1.000000 0.136719 -0.013835 0.021284 0.018092 -21.900000 44.099998 15.900000
-0.046387 -1.008301 0.142334 -0.015963 0.023413 0.020220 -21.299999 43.500000 17.700001
-0.045898 -1.002686 0.130615 -0.012771 0.022349 0.018092 -23.400000 44.400002 15.000000
-0.042969 -0.997559 0.140137 -0.017028 0.024477 0.018092 -21.900000 43.500000 17.700001
-0.040771 -0.996338 0.138672 -0.014899 0.025541 0.018092 -21.600000 44.400002 16.200001
-0.043213 -0.996338 0.136963 -0.019156 0.023413 0.019156 -23.400000 44.400002 16.799999
-0.042969 -0.995850 0.149902 -0.014899 0.022349 0.020220 -21.299999 42.299999 17.100000
-0.036133 -1.001221 0.135010 -0.014899 0.024477 0.019156 -21.299999 41.700001 18.299999
-0.041504 -1.003418 0.138428 -0.010642 0.022349 0.026606 -23.400000 44.400002 16.799999
-0.038574 -0.999756 0.134277 -0.008514 0.022349 0.039376 -22.500000 42.299999 17.700001
-0.032471 -1.010986 0.143555 0.006385 0.023413 0.056404 -22.200001 42.000000 16.799999
-0.074951 -0.979004 0.172852 -0.009578 0.024477 0.022349 -21.900000 42.299999 15.900000
-0.059082 -0.994873 0.149658 -0.012771 0.020220 0.015963 -22.500000 44.099998 17.700001
-0.050781 -0.991455 0.153320 -0.007450 0.021284 0.024477 -22.200001 42.000000 18.600000
-0.040771 -1.002930 0.138916 -0.006385 0.019156 0.023413 -22.200001 43.799999 16.799999
-0.039795 -1.013184 0.138916 -0.004257 0.022349 0.025541 -22.200001 40.799999 17.400000
-0.042969 -1.001221 0.137695 -0.009578 0.021284 0.020220 -20.400000 42.599998 15.600000
-0.044189 -0.995117 0.144775 -0.006385 0.027670 0.023413 -22.500000 44.700001 16.500000
-0.043457 -0.993896 0.165527 -0.003193 0.068110 0.028734 -20.100000 41.700001 15.300000
-0.051270 -0.990479 0.123047 -0.026606 0.014899 -0.005321 -22.200001 42.599998 17.400000
-0.042725 -1.008057 0.136230 0.002128 0.024477 0.035119 -22.799999 43.799999 16.799999
-0.051025 -0.983887 0.153076 -0.027670 0.023413 0.002128 -21.900000 44.099998 16.500000
-0.042480 -1.002686 0.125000 -0.003193 0.025541 0.028734 -23.100000 43.500000 18.299999
-0.049561 -0.990479 0.153076 -0.026606 0.023413 0.009578 -21.299999 42.900002 15.900000
-0.044434 -0.997559 0.141602 -0.012771 0.024477 0.023413 -21.900000 43.500000 17.700001
-0.047607 -0.993652 0.142334 -0.019156 0.023413 0.018092 -22.799999 44.400002 15.600000
-0.049072 -0.997803 0.142578 -0.018092 0.020220 0.015963 -21.900000 42.299999 15.300000
-0.042969 -0.997070 0.142822 -0.011706 0.026606 0.025541 -22.200001 41.400002 16.799999
-0.047363 -0.994873 0.147217 -0.015963 0.015963 0.011706 -22.200001 44.400002 17.400000
-0.050293 -0.999756 0.139893 -0.012771 0.025541 0.018092 -21.900000 44.099998 15.900000
-0.042236 -1.005859 0.138428 -0.010642 0.019156 0.021284 -22.200001 40.799999 17.400000
-0.051270 -0.999023 0.150879 -0.015963 0.024477 0.018092 -21.900000 44.700001 15.900000
-0.047607 -1.002197 0.141602 -0.014899 0.020220 0.021284 -22.500000 42.900002 16.500000
-0.053955 -1.007324 0.133057 -0.017028 0.024477 0.017028 -22.500000 42.900002 17.700001
-0.045410 -0.997559 0.142822 -0.018092 0.019156 0.012771 -21.600000 42.000000 17.400000
-0.046143 -0.991455 0.143066 -0.019156 0.024477 0.011706 -20.700001 41.099998 15.900000
-0.044189 -0.997559 0.138184 -0.015963 0.021284 0.014899 -21.600000 43.799999 15.000000
-0.051025 -1.000488 0.139648 -0.013835 0.021284 0.018092 -22.500000 43.500000 16.500000
-0.045410 -1.000244 0.151855 -0.015963 0.021284 0.017028 -22.500000 42.900002 17.100000
-0.044189 -1.003174 0.137451 -0.013835 0.024477 0.022349 -21.600000 42.599998 15.600000
-0.027344 -0.957275 0.138672 -0.023413 0.023413 0.012771 -21.299999 41.700001 17.100000
-0.044922 -0.994629 0.118652 -0.013835 0.022349 0.014899 -21.900000 43.500000 15.900000
-0.042725 -1.002686 0.143555 -0.019156 0.021284 0.015963 -21.600000 42.599998 16.200001
-0.047607 -0.977783 0.137939 -0.014899 0.023413 0.018092 -21.000000 43.200001 18.000000
-0.047363 -1.004639 0.149170 -0.018092 0.023413 0.019156 -21.000000 43.200001 16.200001
-0.046875 -0.989746 0.146729 -0.013835 0.023413 0.018092 -21.299999 42.900002 17.100000
-0.045898 -0.998047 0.149658 -0.012771 0.020220 0.017028 -21.000000 44.400002 18.000000
-0.043701 -1.003174 0.142822 -0.015963 0.022349 0.018092 -22.200001 42.599998 18.000000
-0.051025 -0.998779 0.135254 -0.014899 0.022349 0.020220 -21.600000 41.400002 15.600000
-0.043945 -1.002930 0.142822 -0.012771 0.022349 0.019156 -21.000000 42.599998 15.600000
-0.040039 -0.993164 0.142578 -0.013835 0.022349 0.019156 -21.299999 44.099998 17.100000
-0.045654 -0.996826 0.143555 -0.014899 0.022349 0.015963 -21.299999 43.500000 15.900000
-0.053223 -1.003418 0.137939 -0.017028 0.024477 0.021284 -21.900000 43.500000 17.100000
-0.045410 -0.998047 0.137939 -0.014899 0.021284 0.020220 -22.200001 42.599998 16.799999
-0.048340 -0.998779 0.144775 -0.017028 0.022349 0.018092 -22.799999 43.799999 17.400000
-0.048828 -1.000000 0.137451 -0.014899 0.022349 0.017028 -22.799999 44.400002 17.400000
-0.051758 -0.998291 0.147705 -0.013835 0.021284 0.015963 -22.799999 42.000000 16.799999
-0.045898 -0.992432 0.141602 -0.014899 0.020220 0.021284 -22.200001 41.400002 17.400000
-0.043945 -1.003906 0.140381 -0.014899 0.022349 0.020220 -22.500000 42.299999 15.300000
-0.046631 -1.003418 0.148438 -0.014899 0.022349 0.018092 -21.600000 42.000000 16.200001
-0.048828 -0.996094 0.132568 -0.013835 0.021284 0.019156 -21.000000 43.799999 16.200001
-0.050049 -0.991455 0.138916 -0.014899 0.019156 0.021284 -22.500000 42.299999 15.900000
-0.044189 -0.992920 0.145508 -0.014899 0.020220 0.020220 -21.900000 42.900002 15.900000
-0.047363 -1.000732 0.144043 -0.012771 0.021284 0.021284 -20.700001 43.500000 15.300000
-0.042236 -1.002197 0.148193 -0.014899 0.021284 0.020220 -20.100000 44.099998 15.900000
-0.049805 -0.997070 0.149414 -0.014899 0.022349 0.019156 -23.400000 42.599998 16.200001
-0.044189 -1.002686 0.144775 -0.013835 0.021284 0.017028 -21.900000 42.900002 17.100000
-0.047607 -0.997559 0.141357 -0.014899 0.022349 0.015963 -21.900000 42.900002 17.700001
-0.048340 -0.990967 0.131836 -0.012771 0.023413 0.020220 -21.600000 45.000000 16.200001
-0.042969 -0.996338 0.140625 -0.012771 0.021284 0.017028 -21.600000 42.000000 17.400000
-0.047607 -0.999512 0.146729 -0.015963 0.021284 0.018092 -22.200001 43.200001 16.799999
-0.047607 -1.004639 0.145752 -0.014899 0.021284 0.022349 -22.500000 43.500000 15.900000
-0.053223 -0.999756 0.142822 -0.013835 0.021284 0.021284 -23.400000 42.599998 16.200001
-0.041016 -0.992188 0.138916 -0.013835 0.022349 0.018092 -21.900000 43.500000 17.700001
-0.048584 -1.004639 0.142822 -0.011706 0.020220 0.023413 -21.900000 42.900002 17.700001
-0.046387 -1.002197 0.146484 -0.013835 0.022349 0.019156 -22.200001 44.400002 16.200001
-0.042480 -0.994385 0.144531 -0.017028 0.022349 0.017028 -21.900000 42.900002 16.500000
-0.051270 -0.999023 0.137939 -0.015963 0.021284 0.017028 -22.200001 43.200001 16.799999
-0.050781 -1.005371 0.144531 -0.014899 0.020220 0.018092 -21.299999 41.700001 17.100000
-0.056396 -0.998047 0.147461 -0.014899 0.022349 0.019156 -23.700001 44.099998 18.299999
-0.046631 -1.000000 0.146484 -0.013835 0.019156 0.020220 -22.200001 43.799999 16.200001
-0.046631 -1.016357 0.145020 -0.014899 0.019156 0.024477 -22.500000 43.500000 16.500000
-0.039551 -1.001709 0.142578 -0.013835 0.021284 0.021284 -21.900000 41.700001 18.299999
-0.041992 -1.012207 0.146240 -0.014899 0.024477 0.017028 -21.600000 42.599998 16.799999
