-0.028809 0.003662 -0.974609 -0.011706 0.022349 0.019156 11.700000 -29.100000 73.500000
-0.025879 0.009033 -0.980713 -0.014899 0.021284 0.017028 9.300000 -29.700001 73.500000
-0.022705 0.006836 -0.972656 -0.012771 0.021284 0.020220 10.200000 -30.000000 73.199997
-0.027344 0.011475 -0.977539 -0.014899 0.022349 0.019156 9.900000 -28.500000 73.500000
-0.027832 0.006348 -0.970459 -0.014899 0.021284 0.018092 11.100000 -29.700001 72.900002
-0.026123 0.005127 -0.979980 -0.014899 0.021284 0.019156 12.000000 -30.600000 74.400002
-0.028564 0.012695 -0.974854 -0.011706 0.022349 0.020220 9.900000 -29.100000 74.699997
-0.027832 0.008057 -0.967041 -0.013835 0.020220 0.020220 12.000000 -30.600000 73.800003
-0.023682 0.009766 -0.975586 -0.013835 0.020220 0.021284 9.900000 -29.700001 74.099998
-0.025879 0.012695 -0.963379 -0.014899 0.023413 0.018092 10.800000 -29.400000 73.199997
-0.031250 0.005615 -0.978027 -0.011706 0.024477 0.018092 11.700000 -29.700001 72.300003
-0.020996 0.007568 -0.976074 -0.011706 0.023413 0.020220 11.100000 -30.900000 72.900002
-0.024902 0.004639 -0.976562 -0.014899 0.020220 0.019156 12.000000 -28.799999 73.800003
-0.026367 0.007324 -0.982910 -0.011706 0.023413 0.019156 12.000000 -29.400000 72.599998
-0.029785 0.010498 -0.974854 -0.013835 0.022349 0.020220 10.500000 -29.700001 72.900002
-0.025391 0.014160 -0.965576 -0.013835 0.022349 0.020220 10.800000 -29.400000 72.599998
-0.030762 0.003662 -0.972656 -0.013835 0.024477 0.015963 11.100000 -29.100000 72.300003
-0.032471 0.006836 -0.982910 -0.013835 0.023413 0.017028 10.500000 -29.100000 72.900002
-0.021729 0.016846 -0.980713 -0.015963 0.022349 0.018092 10.200000 -28.799999 72.000000
-0.028320 0.012695 -0.972900 -0.014899 0.021284 0.021284 10.500000 -30.299999 71.699997
-0.030029 0.010254 -0.977051 -0.014899 0.023413 0.020220 10.800000 -30.000000 72.599998
-0.028809 0.008057 -0.981445 -0.015963 0.023413 0.018092 11.700000 -30.299999 74.099998
-0.029785 0.007568 -0.976318 -0.012771 0.024477 0.018092 11.400000 -28.799999 73.199997
-0.031982 0.013184 -0.986328 -0.014899 0.023413 0.019156 10.200000 -29.400000 74.400002
-0.028809 0.011963 -0.988037 -0.012771 0.023413 0.017028 12.000000 -29.400000 73.199997
-0.027832 0.009766 -0.969238 -0.014899 0.024477 0.018092 10.800000 -30.600000 73.199997
-0.030518 0.013672 -0.975098 -0.012771 0.023413 0.020220 11.400000 -29.400000 73.199997
-0.027344 0.007568 -0.982666 -0.012771 0.024477 0.019156 10.200000 -30.600000 73.199997
-0.026367 0.006348 -0.979980 -0.012771 0.022349 0.018092 12.900000 -29.100000 73.500000
-0.026367 0.012207 -0.979980 -0.012771 0.024477 0.020220 11.100000 -30.299999 72.900002
-0.023926 0.009277 -0.984375 -0.014899 0.024477 0.017028 10.500000 -32.099998 72.900002
-0.025146 0.006836 -0.975830 -0.011706 0.024477 0.019156 9.600000 -30.000000 71.400002
-0.031006 0.010986 -0.969238 -0.013835 0.022349 0.019156 11.100000 -30.299999 72.900002
-0.022217 0.007324 -0.976807 -0.013835 0.023413 0.015963 11.400000 -30.000000 72.599998
-0.026611 0.009033 -0.972168 -0.015963 0.024477 0.020220 12.000000 -29.400000 72.599998
-0.030762 0.012451 -0.977783 -0.014899 0.021284 0.019156 12.600000 -30.000000 73.800003
-0.026367 0.012695 -0.973145 -0.010642 0.023413 0.018092 10.500000 -30.299999 72.900002
-0.026367 0.008057 -0.979492 -0.015963 0.022349 0.018092 11.700000 -29.700001 74.699997
-0.026855 0.007324 -0.968750 0.007450 0.015963 0.035119 9.000000 -30.600000 73.800003
-0.079834 -0.032471 -0.909180 -0.058532 0.090459 0.031927 10.800000 -28.200001 73.800003
0.075195 0.025146 -0.954346 0.097909 -0.038312 0.027670 12.000000 -29.400000 72.599998
-0.035645 -0.073975 -0.976074 -0.029798 0.028734 0.006385 12.000000 -30.600000 74.400002
0.007568 0.016602 -1.077393 -0.035119 0.043633 0.015963 11.100000 -29.100000 71.099998
-0.020752 0.031982 -0.982178 -0.002128 0.015963 0.022349 11.700000 -27.900000 72.900002
-0.024658 0.024902 -0.962646 -0.003193 0.012771 0.028734 11.100000 -29.700001 74.099998
-0.030518 0.012207 -0.957520 -0.004257 0.018092 0.018092 11.100000 -29.700001 73.500000
-0.031982 0.024658 -0.986572 -0.017028 0.027670 0.019156 12.300000 -29.700001 72.900002
-0.024658 0.023193 -0.979492 -0.014899 0.024477 0.015963 10.800000 -31.200001 72.000000
-0.030273 0.008057 -0.966553 -0.011706 0.022349 0.017028 10.800000 -30.000000 73.800003
-0.026611 -0.002197 -0.958740 -0.014899 0.022349 0.017028 12.600000 -30.600000 73.199997
-0.031982 0.007324 -0.960938 -0.014899 0.023413 0.022349 12.000000 -29.400000 72.000000
-0.022217 0.019043 -0.977051 -0.010642 0.018092 0.019156 12.600000 -30.000000 70.800003
-0.032715 0.009766 -0.982910 -0.012771 0.019156 0.018092 10.500000 -29.700001 71.699997
-0.029297 0.002930 -0.988770 -0.012771 0.024477 0.014899 11.700000 -29.700001 72.900002
-0.030029 0.009033 -0.989990 -0.013835 0.024477 0.015963 11.700000 -29.700001 72.900002
-0.032715 0.016357 -0.975586 -0.013835 0.025541 0.018092 10.500000 -29.700001 74.099998
-0.027588 0.019775 -0.976562 -0.013835 0.020220 0.015963 11.700000 -30.299999 72.300003
-0.027100 0.005371 -0.969971 -0.012771 0.023413 0.018092 10.800000 -29.400000 72.599998
-0.022949 0.011230 -0.982178 -0.013835 0.024477 0.018092 11.400000 -28.200001 73.800003
-0.026123 0.003662 -0.971680 -0.012771 0.024477 0.015963 9.900000 -27.299999 73.500000
-0.029541 0.009521 -0.966797 -0.013835 0.024477 0.018092 10.500000 -29.100000 72.900002
-0.022705 0.010498 -0.974121 -0.014899 0.022349 0.019156 11.100000 -30.299999 72.300003
-0.028320 0.002441 -0.980469 -0.011706 0.021284 0.015963 10.800000 -30.000000 72.599998
-0.027832 0.012207 -0.976562 -0.012771 0.024477 0.017028 11.400000 -28.799999 74.400002
-0.027588 0.012695 -0.979492 -0.011706 0.023413 0.019156 12.300000 -30.299999 74.099998
-0.030762 0.014160 -0.977783 -0.014899 0.024477 0.018092 11.700000 -30.900000 73.500000
-0.028320 0.009277 -0.980225 -0.012771 0.021284 0.017028 10.200000 -30.000000 74.400002
-0.026367 0.008057 -0.981201 -0.012771 0.022349 0.015963 9.300000 -29.700001 72.300003
-0.028564 0.008545 -0.977051 -0.011706 0.023413 0.018092 11.100000 -30.299999 74.699997
-0.021240 0.006348 -0.977539 -0.014899 0.025541 0.015963 10.200000 -30.600000 73.199997
-0.030029 0.012451 -0.971924 -0.012771 0.023413 0.017028 10.800000 -30.600000 73.800003
-0.030029 0.005859 -0.971436 -0.014899 0.019156 0.018092 11.100000 -29.100000 74.099998
-0.025146 0.000977 -0.982178 -0.013835 0.022349 0.018092 11.700000 -29.700001 73.500000
-0.027344 0.009766 -0.976807 -0.011706 0.020220 0.018092 10.200000 -30.600000 73.199997
-0.030029 0.008545 -0.974121 -0.012771 0.021284 0.019156 10.200000 -30.600000 74.400002
-0.025146 0.007080 -0.980225 -0.013835 0.023413 0.017028 10.800000 -30.000000 74.400002
-0.027344 0.004395 -0.979980 -0.013835 0.021284 0.020220 12.600000 -29.400000 73.199997
-0.028809 0.002686 -0.980713 -0.013835 0.022349 0.019156 10.800000 -30.000000 73.199997
-0.033447 0.012695 -0.980957 -0.017028 0.024477 0.018092 9.300000 -29.100000 72.300003
-0.028320 0.008545 -0.969971 -0.014899 0.025541 0.017028 11.400000 -30.000000 75.000000
-0.025879 0.006836 -0.984375 -0.015963 0.021284 0.014899 10.800000 -28.799999 73.199997
-0.026611 0.009033 -0.979980 -0.013835 0.024477 0.019156 11.400000 -30.000000 72.599998
-0.027588 0.008301 -0.976318 -0.011706 0.021284 0.017028 10.200000 -29.400000 72.599998
-0.024902 0.009521 -0.975098 -0.013835 0.022349 0.021284 10.500000 -28.500000 74.699997
-0.023682 0.006348 -0.979004 -0.012771 0.024477 0.019156 11.700000 -27.299999 73.500000
-0.031006 0.009521 -0.966064 -0.014899 0.021284 0.021284 12.300000 -29.700001 72.300003
-0.027588 0.005859 -0.974365 -0.013835 0.025541 0.015963 9.600000 -29.400000 72.000000
-0.019775 0.011230 -0.978027 -0.011706 0.021284 0.015963 9.600000 -30.600000 73.199997
-0.024902 0.003906 -0.971191 -0.014899 0.024477 0.018092 11.400000 -30.600000 71.400002
-0.028564 0.010010 -0.969238 -0.014899 0.023413 0.018092 10.200000 -29.400000 72.599998
-0.023193 0.010498 -0.971191 -0.015963 0.021284 0.018092 11.100000 -29.700001 72.900002
-0.024658 0.007568 -0.971436 -0.013835 0.021284 0.018092 10.800000 -30.000000 73.199997
-0.031494 0.008057 -0.977051 -0.010642 0.021284 0.021284 9.300000 -29.700001 72.900002
-0.028809 0.005127 -0.979980 -0.009578 0.023413 0.019156 10.500000 -29.700001 73.500000
-0.022949 0.002441 -0.969971 -0.012771 0.020220 0.020220 11.100000 -29.100000 74.099998
-0.022705 0.010010 -0.969727 -0.014899 0.023413 0.019156 11.400000 -28.799999 74.400002
-0.026367 0.007080 -0.980469 -0.013835 0.023413 0.018092 10.800000 -29.400000 73.800003
-0.030518 0.007812 -0.978271 -0.013835 0.023413 0.015963 12.600000 -29.400000 73.199997
-0.028564 0.009766 -0.975830 -0.013835 0.022349 0.019156 12.000000 -28.799999 72.599998
-0.032471 0.010010 -0.972656 -0.013835 0.023413 0.018092 11.400000 -31.200001 74.400002
-0.022949 0.006836 -0.975098 -0.014899 0.021284 0.018092 12.000000 -30.000000 73.199997
-0.027832 0.007080 -0.961182 -0.012771 0.023413 0.017028 10.500000 -29.700001 74.099998
-0.027832 0.009033 -0.979980 -0.012771 0.024477 0.020220 11.700000 -29.100000 73.500000
-0.033691 0.005127 -0.979980 -0.014899 0.022349 0.015963 11.700000 -28.500000 72.300003
-0.027344 0.008545 -0.983154 -0.018092 0.021284 0.019156 9.900000 -29.700001 71.699997
-0.021484 0.011475 -0.977539 -0.011706 0.021284 0.018092 10.800000 -29.400000 72.599998
-0.033936 0.012207 -0.978760 -0.012771 0.024477 0.019156 11.400000 -30.000000 72.599998
-0.032227 0.008301 -0.970703 -0.013835 0.020220 0.019156 12.600000 -28.799999 73.199997
-0.025879 0.010742 -0.969238 -0.013835 0.021284 0.017028 9.000000 -30.600000 73.199997
-0.029541 0.005859 -0.970215 -0.015963 0.023413 0.019156 11.400000 -29.400000 74.400002
-0.028076 0.010254 -0.975342 -0.013835 0.023413 0.020220 11.700000 -30.299999 73.500000
-0.027344 0.009033 -0.976562 -0.012771 0.023413 0.019156 10.500000 -29.100000 71.699997
-0.026123 0.010254 -0.970459 -0.014899 0.020220 0.018092 12.300000 -29.700001 73.500000
-0.029297 0.005615 -0.971436 0.103230 0.022349 0.024477 9.300000 -29.700001 72.900002
0.093262 -0.087891 -0.770996 -0.078753 0.040441 0.392699 10.200000 -28.799999 73.199997
-0.102295 0.178955 -1.025635 0.010642 -0.045762 0.523598 9.000000 -30.600000 72.000000
-0.150146 0.162354 -1.494629 0.080881 -0.110679 0.415047 10.200000 -29.400000 72.599998
0.046143 0.211182 -0.965820 0.054275 0.096844 0.211781 9.900000 -29.700001 74.099998
-0.040283 0.090820 -1.026123 -0.053211 0.095780 0.038312 10.200000 -31.200001 73.199997
-0.027344 -0.036377 -0.761475 0.007450 0.057468 0.013835 9.000000 -29.400000 72.599998
-0.029297 0.097656 -1.012939 0.005321 0.027670 0.031927 7.800000 -30.600000 72.599998
-0.050781 0.009521 -0.904053 -0.007450 0.030863 0.014899 9.900000 -30.299999 72.300003
-0.029053 0.031250 -0.972656 -0.018092 0.030863 0.010642 10.800000 -30.600000 73.199997
-0.031982 -0.006592 -0.954590 -0.009578 0.005321 0.015963 9.000000 -30.600000 74.400002
-0.025146 0.007080 -0.993896 -0.029798 0.023413 0.020220 9.300000 -29.100000 73.500000
-0.016846 0.006348 -0.970703 -0.012771 0.013835 0.017028 10.500000 -31.500000 74.099998
-0.028320 0.000488 -0.983154 -0.019156 0.019156 0.018092 8.700000 -30.299999 72.900002
-0.023682 0.010986 -0.993164 -0.012771 0.022349 0.017028 9.000000 -30.600000 72.599998
-0.027100 -0.002197 -0.976562 -0.009578 0.023413 0.021284 9.900000 -30.299999 74.099998
-0.023926 0.009033 -0.970215 -0.015963 0.027670 0.020220 9.300000 -30.900000 72.300003
-0.030273 0.006348 -0.985596 -0.010642 0.023413 0.020220 10.500000 -30.900000 72.900002
-0.026855 0.012207 -0.983887 -0.012771 0.026606 0.018092 10.500000 -30.299999 73.500000
-0.026855 0.010498 -0.983154 -0.009578 0.021284 0.017028 11.100000 -29.700001 73.500000
-0.024902 0.005859 -0.978516 -0.012771 0.020220 0.018092 6.900000 -29.700001 74.099998
-0.028320 0.008301 -0.987793 -0.014899 0.022349 0.018092 9.300000 -30.900000 73.500000
-0.030762 0.008789 -0.987549 -0.012771 0.024477 0.019156 9.900000 -32.099998 72.900002
-0.025391 0.007324 -0.974854 -0.012771 0.022349 0.019156 9.000000 -30.000000 73.800003
-0.023682 0.005371 -0.977051 -0.012771 0.026606 0.017028 8.700000 -30.299999 72.900002
-0.032959 0.005127 -0.973389 -0.014899 0.023413 0.014899 9.900000 -30.900000 72.900002
-0.028320 0.014404 -0.980469 -0.011706 0.022349 0.017028 11.100000 -31.500000 73.500000
-0.027832 0.000488 -0.971436 -0.017028 0.021284 0.015963 8.400000 -29.400000 72.000000
-0.028809 0.010010 -0.978516 -0.014899 0.024477 0.019156 9.300000 -30.299999 74.099998
-0.025391 0.005615 -0.975098 -0.013835 0.023413 0.018092 10.200000 -29.400000 72.000000
-0.021240 0.006592 -0.980713 -0.013835 0.024477 0.019156 9.900000 -29.700001 73.500000
-0.024170 0.004639 -0.973389 -0.013835 0.022349 0.020220 8.700000 -29.700001 72.300003
-0.029053 0.011963 -0.978271 -0.014899 0.019156 0.022349 10.500000 -32.099998 74.099998
-0.025391 0.006104 -0.970215 -0.014899 0.024477 0.020220 9.900000 -29.100000 71.699997
-0.027588 0.009033 -0.979492 -0.015963 0.019156 0.019156 10.800000 -30.000000 72.599998
-0.026123 0.009521 -0.974365 -0.013835 0.022349 0.014899 9.300000 -29.700001 74.099998
-0.026367 0.008789 -0.973145 -0.014899 0.021284 0.018092 7.500000 -30.900000 72.900002
-0.030518 0.010742 -0.971436 -0.012771 0.023413 0.015963 10.500000 -30.900000 73.500000
-0.031982 0.006348 -0.986572 -0.011706 0.023413 0.017028 9.300000 -30.299999 72.900002
-0.029541 0.008789 -0.981201 -0.013835 0.022349 0.018092 9.600000 -30.600000 72.599998
-0.027100 0.003662 -0.984863 -0.013835 0.021284 0.019156 9.900000 -31.500000 72.300003
-0.025146 0.008301 -0.987793 -0.012771 0.021284 0.020220 8.400000 -31.799999 73.800003
-0.029541 0.008789 -0.976562 -0.018092 0.023413 0.017028 8.400000 -30.600000 71.400002
-0.026367 0.011719 -0.981445 -0.010642 0.023413 0.018092 8.700000 -29.100000 72.300003
-0.032227 0.000732 -0.977539 -0.012771 0.022349 0.020220 9.600000 -30.600000 73.199997
-0.018555 0.005371 -0.968750 -0.007450 0.025541 0.018092 10.200000 -30.000000 73.800003
-0.027344 0.009277 -0.978516 -0.010642 0.021284 0.021284 8.700000 -29.700001 73.500000
-0.026367 0.017578 -0.976807 -0.013835 0.020220 0.015963 9.600000 -30.000000 72.599998
-0.030518 0.009766 -0.982910 -0.012771 0.022349 0.020220 10.200000 -30.600000 73.199997
-0.025391 0.014160 -0.981934 -0.014899 0.024477 0.019156 8.700000 -30.900000 72.300003
-0.022705 0.008301 -0.972656 -0.011706 0.022349 0.015963 8.700000 -30.299999 74.099998
-0.026123 0.008301 -0.979736 -0.013835 0.021284 0.015963 9.300000 -30.900000 71.099998
-0.030518 0.009766 -0.975586 -0.008514 0.023413 0.021284 8.400000 -30.000000 72.599998
-0.030762 0.007324 -0.971191 -0.011706 0.021284 0.015963 8.700000 -29.700001 73.500000
-0.024902 0.011230 -0.976562 -0.013835 0.023413 0.018092 9.300000 -29.700001 74.099998
-0.028809 0.013916 -0.981689 -0.012771 0.022349 0.018092 9.600000 -30.000000 73.199997
-0.024170 0.014404 -0.978271 -0.012771 0.023413 0.019156 9.000000 -30.600000 73.800003
-0.020264 0.016357 -0.982666 -0.013835 0.023413 0.018092 9.600000 -30.600000 73.800003
-0.036133 0.008545 -0.968994 -0.014899 0.020220 0.019156 9.900000 -30.299999 73.500000
-0.029297 0.006348 -0.979980 -0.012771 0.022349 0.018092 10.800000 -30.600000 72.599998
-0.028564 0.009033 -0.972656 -0.012771 0.022349 0.018092 10.500000 -29.700001 73.500000
-0.027832 0.005615 -0.974365 -0.015963 0.021284 0.020220 10.500000 -30.900000 72.900002
-0.028564 0.006836 -0.983887 -0.014899 0.022349 0.018092 9.600000 -29.400000 74.400002
-0.021973 0.014893 -0.979004 -0.014899 0.021284 0.018092 8.700000 -29.700001 72.900002
-0.029541 0.007812 -0.969238 -0.014899 0.023413 0.019156 7.800000 -30.000000 73.800003
-0.032959 0.012207 -0.974609 -0.013835 0.022349 0.018092 8.700000 -30.900000 73.500000
-0.025391 0.009033 -0.982666 -0.012771 0.024477 0.018092 8.100000 -32.099998 72.900002
-0.019531 0.006592 -0.973389 -0.013835 0.022349 0.019156 10.800000 -30.000000 73.800003
-0.022705 0.005859 -0.983154 -0.014899 0.024477 0.018092 9.900000 -30.299999 72.300003
-0.033203 0.012695 -0.974121 -0.012771 0.024477 0.017028 9.000000 -30.600000 73.199997
-0.031006 0.013184 -0.976318 -0.012771 0.024477 0.017028 10.800000 -30.000000 72.000000
-0.027588 0.011963 -0.978760 -0.014899 0.023413 0.019156 9.300000 -30.900000 73.500000
-0.030273 0.007812 -0.973877 -0.014899 0.022349 0.017028 9.900000 -29.700001 72.300003
-0.030518 0.009033 -0.984619 -0.013835 0.023413 0.018092 11.400000 -30.000000 73.199997
-0.028809 0.010498 -0.978516 -0.015963 0.023413 0.017028 9.600000 -30.000000 72.000000
-0.024902 0.010498 -0.975586 -0.014899 0.023413 0.020220 8.400000 -30.600000 72.000000
-0.027588 0.010010 -0.974854 -0.014899 0.021284 0.019156 8.400000 -30.600000 74.400002
-0.029541 0.004639 -0.977051 -0.010642 0.024477 0.020220 9.600000 -30.600000 73.800003
-0.020020 0.007568 -0.975342 -0.296919 0.021284 0.047890 10.500000 -29.700001 72.900002
0.075928 0.070068 -1.101562 0.195817 -0.151120 0.023413 9.900000 -29.700001 74.099998
0.115234 0.120605 -0.903076 0.064918 -0.015963 0.037248 9.300000 -29.700001 74.699997
0.101074 0.007568 -1.094482 -0.038312 0.046826 0.035119 9.000000 -30.000000 72.599998
-0.005371 -0.074219 -0.943848 -0.059597 0.007450 0.021284 8.400000 -29.400000 73.199997
0.027100 0.013672 -1.059326 -0.015963 -0.026606 0.023413 9.300000 -31.500000 73.500000
0.003662 -0.037109 -1.007812 -0.055340 0.017028 0.014899 8.700000 -30.900000 72.900002
-0.011230 -0.010254 -0.991943 -0.015963 -0.012771 0.025541 9.300000 -29.700001 74.699997
-0.007568 -0.014648 -0.992920 -0.026606 0.010642 0.019156 10.200000 -29.400000 73.800003
-0.005371 0.011230 -1.011230 -0.020220 0.017028 0.020220 9.600000 -30.000000 73.199997
-0.019775 -0.013184 -0.974121 -0.014899 0.018092 0.019156 9.600000 -30.000000 74.400002
-0.024170 0.006104 -0.969482 -0.010642 0.032991 0.017028 10.200000 -30.600000 73.199997
-0.032227 0.014893 -0.975098 -0.004257 0.027670 0.020220 9.900000 -30.900000 73.500000
-0.035156 0.012695 -0.963135 -0.010642 0.025541 0.018092 10.200000 -30.000000 73.800003
-0.033936 0.015869 -0.979492 -0.013835 0.024477 0.018092 8.100000 -29.700001 72.300003
-0.031250 0.014160 -0.961182 -0.014899 0.020220 0.017028 10.200000 -32.400002 73.800003
-0.025391 0.004395 -0.981689 -0.015963 0.021284 0.017028 9.300000 -30.299999 73.500000
-0.027100 0.004150 -0.974609 -0.013835 0.021284 0.018092 10.800000 -28.799999 72.599998
-0.020996 0.002197 -0.979980 -0.013835 0.019156 0.018092 10.500000 -30.299999 72.900002
-0.027100 0.004883 -0.975342 -0.011706 0.022349 0.018092 9.900000 -31.500000 72.300003
-0.035156 0.013428 -0.968750 -0.009578 0.024477 0.017028 8.400000 -32.400002 72.599998
-0.026367 0.012207 -0.975098 -0.012771 0.024477 0.014899 9.300000 -29.100000 72.900002
-0.025146 0.011963 -0.983154 -0.012771 0.024477 0.018092 10.200000 -30.000000 72.599998
-0.027588 0.008301 -0.978516 -0.013835 0.022349 0.020220 7.500000 -29.100000 74.099998
-0.030762 0.003174 -0.969482 -0.014899 0.023413 0.018092 7.800000 -30.000000 73.800003
-0.031006 0.007568 -0.979736 -0.015963 0.025541 0.014899 9.000000 -30.600000 73.199997
-0.030273 0.009521 -0.985352 -0.013835 0.022349 0.018092 10.200000 -28.799999 72.000000
-0.030029 0.011719 -0.984131 -0.011706 0.023413 0.017028 9.300000 -30.900000 72.900002
-0.021973 0.009766 -0.966797 -0.012771 0.023413 0.018092 10.200000 -28.200001 73.199997
-0.031738 0.008057 -0.968994 -0.011706 0.021284 0.020220 10.500000 -31.500000 72.300003
-0.031494 0.010010 -0.978760 -0.010642 0.022349 0.019156 9.600000 -31.200001 72.000000
-0.028320 0.012207 -0.981689 -0.013835 0.023413 0.017028 11.700000 -30.299999 71.099998
-0.027832 0.007080 -0.985107 -0.013835 0.022349 0.018092 9.600000 -30.000000 74.400002
-0.031250 0.003418 -0.976318 -0.014899 0.021284 0.018092 9.600000 -30.600000 74.400002
-0.026123 0.012451 -0.980469 -0.012771 0.022349 0.021284 11.100000 -29.100000 74.099998
-0.028320 0.004639 -0.974854 -0.014899 0.022349 0.018092 10.500000 -30.299999 72.900002
-0.028809 0.001221 -0.978027 -0.013835 0.023413 0.020220 10.200000 -30.000000 73.199997
-0.026855 0.011230 -0.973877 -0.011706 0.024477 0.018092 10.200000 -28.799999 72.599998
-0.022461 0.008057 -0.979004 -0.013835 0.024477 0.017028 8.400000 -30.600000 73.199997
-0.029785 0.008057 -0.972656 -0.014899 0.022349 0.017028 10.800000 -29.400000 73.199997
-0.031738 0.005371 -0.978027 -0.013835 0.023413 0.018092 9.900000 -30.299999 72.300003
-0.026367 0.010986 -0.971191 -0.012771 0.023413 0.017028 9.300000 -31.500000 71.699997
-0.023926 0.012695 -0.975098 -0.012771 0.023413 0.018092 9.600000 -30.600000 73.800003
-0.029785 0.015625 -0.972168 -0.011706 0.023413 0.020220 10.500000 -30.900000 74.099998
-0.028076 0.008789 -0.982910 -0.011706 0.022349 0.015963 10.500000 -29.100000 73.500000
-0.028320 0.011719 -0.975586 -0.013835 0.022349 0.019156 9.600000 -29.400000 73.199997
-0.020020 0.014648 -0.975830 -0.010642 0.022349 0.018092 8.100000 -30.299999 72.900002
-0.030273 0.007812 -0.976074 -0.013835 0.026606 0.017028 11.100000 -29.700001 72.900002
-0.033691 0.012451 -0.985107 -0.013835 0.023413 0.014899 8.100000 -29.100000 74.099998
-0.027588 0.009277 -0.970215 -0.012771 0.024477 0.020220 10.200000 -28.799999 72.599998
-0.032715 0.012939 -0.985840 -0.014899 0.025541 0.018092 9.600000 -28.799999 72.599998
-0.028076 0.009033 -0.972656 -0.014899 0.022349 0.019156 8.400000 -30.000000 72.000000
-0.026855 0.013672 -0.973877 -0.011706 0.023413 0.018092 9.900000 -30.299999 74.699997
-0.033447 0.006836 -0.977051 -0.011706 0.024477 0.017028 10.200000 -28.799999 73.800003
-0.030518 0.009766 -0.976807 -0.011706 0.023413 0.018092 7.500000 -32.099998 73.500000
-0.027832 0.004883 -0.981934 -0.014899 0.021284 0.015963 9.600000 -30.000000 75.000000
-0.025635 0.006836 -0.979980 -0.013835 0.023413 0.018092 10.200000 -30.000000 72.000000
-0.023438 0.009033 -0.970703 -0.014899 0.021284 0.017028 9.300000 -30.900000 71.699997
-0.029541 0.006104 -0.964844 -0.010642 0.022349 0.021284 9.300000 -29.100000 74.099998
-0.024902 0.010498 -0.975098 -0.014899 0.023413 0.019156 8.100000 -30.900000 72.900002
-0.020996 0.011963 -0.969238 -0.013835 0.024477 0.015963 8.400000 -30.000000 73.199997
-0.024902 0.012695 -0.988525 -0.013835 0.024477 0.018092 10.500000 -30.299999 72.300003
-0.034668 0.012451 -0.984375 -0.014899 0.021284 0.018092 10.200000 -31.200001 72.599998
-0.026123 0.011719 -0.971191 -0.012771 0.025541 0.019156 9.300000 -29.700001 74.699997
-0.028564 0.016846 -0.976074 -0.014899 0.023413 0.022349 11.700000 -31.500000 74.099998
-0.026367 0.007812 -0.978516 -0.015963 0.020220 0.019156 9.600000 -29.400000 73.199997
-0.028564 0.009277 -0.979980 -0.013835 0.022349 0.018092 9.000000 -30.000000 73.800003
-0.030029 0.003906 -0.985352 -0.011706 0.023413 0.020220 9.600000 -30.000000 72.599998
-0.028320 0.007080 -0.974365 -0.009578 0.025541 0.019156 10.200000 -31.799999 72.599998
-0.022705 0.015381 -0.976807 -0.012771 0.021284 0.018092 11.400000 -29.400000 73.800003
-0.029053 0.009766 -0.977295 -0.012771 0.023413 0.013835 9.600000 -30.600000 73.800003
-0.028809 0.011475 -0.973633 -0.011706 0.022349 0.017028 9.000000 -30.600000 73.199997
-0.025391 0.012207 -0.979004 -0.013835 0.023413 0.018092 9.300000 -29.700001 71.699997
-0.024414 0.003906 -0.972412 -0.012771 0.025541 0.018092 8.100000 -30.299999 71.699997
-0.022949 0.010010 -0.975586 -0.011706 0.022349 0.018092 9.300000 -30.900000 74.099998
-0.028809 0.013184 -0.983154 -0.011706 0.024477 0.019156 9.600000 -29.400000 73.800003
-0.025879 0.004883 -0.982910 -0.014899 0.022349 0.018092 9.600000 -31.200001 73.800003
-0.032471 0.007324 -0.973633 -0.014899 0.024477 0.021284 11.100000 -30.900000 71.699997
-0.029053 0.004395 -0.977539 -0.013835 0.021284 0.018092 9.900000 -30.299999 72.300003
-0.033447 0.004150 -0.973145 -0.014899 0.023413 0.019156 9.000000 -30.000000 73.199997
-0.025879 0.005371 -0.985840 -0.014899 0.021284 0.020220 9.600000 -29.400000 73.800003
-0.023682 0.012695 -0.975586 -0.093652 -0.063853 0.106422 6.900000 -30.900000 72.900002
0.232422 0.062500 -1.050293 -0.136221 -0.163891 0.094716 8.100000 -30.900000 72.900002
-0.038574 0.108398 -0.892822 0.040441 0.111744 0.207524 9.000000 -31.200001 72.599998
0.020752 0.010742 -1.120605 -0.091523 -0.112808 0.103230 9.300000 -30.299999 74.099998
0.047363 0.107666 -0.909424 0.001064 -0.018092 0.017028 7.500000 -31.500000 72.900002
-0.099121 0.039795 -0.960938 -0.038312 0.073431 -0.004257 9.600000 -30.600000 72.599998
-0.077881 0.074707 -0.966797 0.021284 0.018092 0.026606 9.600000 -29.400000 73.800003
-0.057373 0.060547 -0.951904 -0.011706 0.064918 0.012771 8.400000 -31.799999 73.800003
-0.047852 0.037109 -0.938965 0.007450 0.021284 0.017028 10.500000 -30.299999 72.900002
-0.043457 -0.000977 -0.956055 -0.017028 0.018092 0.012771 7.500000 -30.900000 72.900002
-0.023438 0.020264 -0.985352 -0.018092 0.015963 0.019156 11.400000 -30.600000 74.400002
-0.027588 0.001221 -0.981689 -0.015963 0.014899 0.018092 8.400000 -30.600000 73.800003
-0.013428 0.007812 -0.999268 -0.028734 0.018092 0.021284 9.600000 -29.400000 72.599998
-0.021973 0.000977 -0.995117 -0.014899 0.019156 0.018092 8.100000 -32.700001 72.300003
-0.024902 -0.001221 -0.981201 -0.017028 0.022349 0.018092 9.000000 -30.600000 72.599998
-0.025391 -0.000977 -0.973633 -0.013835 0.026606 0.018092 9.300000 -30.900000 74.099998
-0.026367 0.013184 -0.968506 -0.008514 0.026606 0.018092 8.700000 -29.700001 73.500000
-0.033203 0.007324 -0.972412 -0.009578 0.027670 0.021284 9.900000 -29.700001 74.099998
-0.033936 0.013916 -0.970947 -0.011706 0.026606 0.019156 10.500000 -30.900000 72.300003
-0.035889 0.011719 -0.966309 -0.013835 0.024477 0.018092 8.400000 -28.200001 74.400002
-0.029053 0.007324 -0.979736 -0.012771 0.022349 0.019156 8.700000 -31.500000 73.500000
-0.031494 0.009277 -0.976318 -0.014899 0.022349 0.021284 9.000000 -30.600000 73.800003
-0.029053 0.010254 -0.975098 -0.013835 0.023413 0.018092 8.700000 -30.900000 71.699997
-0.027588 0.008057 -0.976318 -0.014899 0.022349 0.019156 9.300000 -30.299999 72.900002
-0.028076 0.006104 -0.982666 -0.013835 0.025541 0.020220 8.700000 -29.100000 72.300003
-0.027832 0.011475 -0.979248 -0.014899 0.022349 0.020220 8.400000 -29.400000 72.000000
-0.028809 0.008545 -0.970947 -0.012771 0.024477 0.019156 9.900000 -29.700001 73.500000
-0.023926 0.012939 -0.976562 -0.013835 0.024477 0.019156 8.400000 -31.200001 73.199997
