-0.027100 0.008057 -0.974609 -0.011706 0.024477 0.019156 -6.900000 -27.900000 73.500000
-0.028320 0.007080 -0.965820 -0.015963 0.027670 0.015963 -6.000000 -28.799999 73.199997
-0.024414 0.013184 -0.978271 -0.012771 0.025541 0.019156 -6.000000 -27.600000 73.800003
-0.028076 0.006592 -0.977051 -0.009578 0.025541 0.018092 -6.000000 -29.400000 72.599998
-0.024414 0.002686 -0.980713 -0.013835 0.026606 0.020220 -6.300000 -26.700001 74.099998
-0.025146 0.006104 -0.974609 -0.012771 0.024477 0.017028 -8.400000 -27.600000 72.000000
-0.025635 0.004639 -0.973633 -0.014899 0.025541 0.018092 -8.400000 -28.200001 73.800003
-0.025146 0.002197 -0.974121 -0.015963 0.024477 0.017028 -6.600000 -28.200001 73.199997
-0.032471 0.005127 -0.979492 -0.012771 0.024477 0.017028 -6.300000 -29.700001 72.900002
-0.020996 0.005371 -0.968750 -0.012771 0.023413 0.018092 -7.800000 -28.200001 74.400002
-0.024170 0.010010 -0.973145 -0.011706 0.025541 0.017028 -7.200000 -27.600000 72.000000
-0.025391 0.004395 -0.970459 -0.014899 0.027670 0.020220 -7.500000 -28.500000 74.099998
-0.027832 0.007568 -0.978760 -0.013835 0.024477 0.017028 -6.300000 -27.900000 72.900002
-0.021484 0.005371 -0.984375 -0.014899 0.024477 0.017028 -6.300000 -28.500000 72.900002
-0.029541 0.010254 -0.967529 -0.011706 0.023413 0.015963 -6.600000 -26.400000 73.199997
-0.031738 0.009033 -0.970215 -0.010642 0.024477 0.017028 -6.900000 -29.100000 72.300003
-0.026367 0.005127 -0.980713 -0.015963 0.023413 0.018092 -6.600000 -28.200001 74.400002
-0.028320 0.001953 -0.974609 -0.012771 0.024477 0.018092 -6.600000 -29.400000 72.000000
-0.026123 0.009277 -0.968506 -0.015963 0.025541 0.017028 -6.900000 -27.900000 73.500000
-0.021240 0.010498 -0.966797 -0.013835 0.025541 0.018092 -5.400000 -27.600000 73.199997
-0.031250 0.006348 -0.968506 -0.013835 0.024477 0.018092 -5.400000 -28.200001 73.199997
-0.028564 0.006836 -0.973633 -0.012771 0.025541 0.015963 -8.100000 -27.900000 72.900002
-0.027832 0.007568 -0.959961 -0.011706 0.024477 0.017028 -6.000000 -27.000000 73.800003
-0.027832 0.012207 -0.962891 -0.017028 0.024477 0.018092 -7.800000 -28.799999 72.599998
-0.027832 0.004883 -0.976074 -0.013835 0.024477 0.017028 -6.600000 -28.200001 72.000000
-0.035400 0.007812 -0.963623 -0.015963 0.024477 0.017028 -6.900000 -27.900000 73.500000
-0.031006 0.000732 -0.968750 -0.013835 0.024477 0.022349 -7.800000 -27.600000 72.599998
-0.027832 0.014404 -0.968750 -0.011706 0.026606 0.019156 -7.800000 -28.799999 72.599998
-0.030029 0.009766 -0.976807 -0.012771 0.023413 0.018092 -6.600000 -28.200001 73.800003
-0.025879 0.001465 -0.968994 -0.014899 0.022349 0.019156 -6.600000 -28.200001 73.199997
-0.026367 0.008057 -0.969727 -0.010642 0.025541 0.019156 -7.200000 -28.799999 73.199997
-0.034424 0.010010 -0.975342 -0.012771 0.023413 0.014899 -6.600000 -28.799999 73.199997
-0.022217 0.008545 -0.961182 -0.015963 0.026606 0.020220 -7.800000 -28.200001 72.599998
-0.031982 0.006348 -0.981689 -0.011706 0.022349 0.019156 -6.600000 -28.799999 73.199997
-0.011963 0.001709 -0.968262 -0.012771 0.024477 0.018092 -7.200000 -28.200001 74.400002
-0.027832 0.009033 -0.979248 -0.014899 0.026606 0.017028 -6.600000 -28.200001 73.800003
-0.029541 0.005615 -0.965332 -0.013835 0.025541 0.019156 -8.100000 -26.100000 74.099998
-0.024902 0.009521 -0.979492 -0.011706 0.025541 0.018092 -6.900000 -28.500000 73.500000
-0.025635 0.006836 -0.971680 -0.014899 0.023413 0.018092 -6.900000 -26.700001 72.900002
-0.025146 0.007080 -0.974365 -0.015963 0.026606 0.013835 -7.800000 -28.799999 73.199997
-0.024658 0.003906 -0.972168 -0.014899 0.026606 0.018092 -7.500000 -28.500000 72.900002
-0.026123 0.014160 -0.966797 -0.013835 0.023413 0.019156 -6.600000 -28.200001 72.599998
-0.024902 0.009033 -0.965088 -0.014899 0.022349 0.015963 -5.400000 -28.200001 73.199997
-0.024902 0.007568 -0.975830 -0.011706 0.022349 0.019156 -7.200000 -29.400000 72.599998
-0.031738 0.005859 -0.965576 -0.014899 0.023413 0.020220 -8.100000 -26.700001 72.900002
-0.022461 0.001465 -0.963135 -0.012771 0.024477 0.017028 -7.500000 -27.299999 72.300003
-0.016846 0.010742 -0.972168 -0.013835 0.025541 0.021284 -6.000000 -27.600000 73.199997
-0.023682 0.006348 -0.977783 -0.013835 0.024477 0.018092 -6.300000 -27.900000 72.900002
-0.025391 0.008545 -0.972168 -0.014899 0.024477 0.019156 -5.100000 -29.100000 74.699997
-0.027100 0.007812 -0.971191 -0.015963 0.023413 0.015963 -7.200000 -30.000000 73.199997
-0.021240 0.013184 -0.972168 -0.011706 0.023413 0.018092 -7.800000 -27.000000 71.400002
-0.032227 0.007812 -0.970459 -0.014899 0.025541 0.015963 -6.000000 -27.000000 73.800003
-0.028809 0.006836 -0.970459 -0.011706 0.022349 0.020220 -6.900000 -26.100000 73.500000
-0.025391 0.006836 -0.972412 -0.014899 0.025541 0.022349 -6.600000 -28.799999 72.599998
-0.034424 0.016113 -0.971191 -0.013835 0.022349 0.018092 -4.200000 -28.799999 73.199997
-0.026123 0.003662 -0.977295 -0.013835 0.025541 0.018092 -6.600000 -27.000000 74.400002
-0.022461 0.003662 -0.975830 -0.010642 0.025541 0.021284 -6.000000 -29.400000 73.199997
-0.021484 -0.001221 -0.979004 -0.012771 0.025541 0.017028 -5.400000 -27.600000 73.800003
-0.025635 -0.002930 -0.966553 -0.014899 0.028734 0.017028 -6.000000 -27.000000 73.800003
-0.027344 0.005615 -0.972168 -0.012771 0.023413 0.020220 -5.700000 -27.299999 72.300003
-0.027832 0.000488 -0.971924 -0.011706 0.024477 0.018092 -5.100000 -28.500000 74.099998
-0.028564 -0.000488 -0.974121 -0.015963 0.024477 0.015963 -7.800000 -28.799999 73.800003
-0.023682 0.005615 -0.976318 -0.013835 0.024477 0.023413 -6.300000 -28.500000 73.500000
-0.025391 0.011475 -0.976562 -0.015963 0.026606 0.015963 -7.200000 -28.200001 73.800003
-0.028809 0.002441 -0.981445 -0.013835 0.025541 0.017028 -6.600000 -28.799999 72.000000
-0.031738 0.006592 -0.972168 -0.011706 0.023413 0.018092 -6.000000 -27.600000 73.800003
-0.029785 0.006836 -0.973877 -0.010642 0.025541 0.018092 -6.300000 -28.500000 74.099998
-0.030518 0.003418 -0.964355 -0.015963 0.022349 0.014899 -4.200000 -28.799999 74.400002
-0.030762 0.011475 -0.967529 -0.012771 0.023413 0.017028 -6.000000 -27.600000 72.599998
-0.029785 0.003174 -0.971680 -0.012771 0.026606 0.019156 -7.200000 -27.600000 73.800003
-0.026123 0.016113 -0.978516 -0.012771 0.025541 0.019156 -6.900000 -29.700001 72.900002
-0.027100 0.006104 -0.966309 -0.013835 0.024477 0.020220 -6.300000 -27.900000 73.500000
-0.028320 0.009521 -0.973633 -0.011706 0.023413 0.017028 -6.900000 -27.900000 74.699997
-0.020508 0.000977 -0.970215 -0.015963 0.023413 0.018092 -6.600000 -30.000000 72.599998
-0.028809 0.013184 -0.979492 -0.010642 0.023413 0.020220 -6.900000 -28.500000 72.900002
-0.024902 0.004883 -0.964844 -0.010642 0.025541 0.018092 -5.400000 -28.799999 72.599998
-0.023682 0.001709 -0.967773 -0.015963 0.022349 0.019156 -5.400000 -28.200001 73.199997
-0.021973 0.007324 -0.968750 -0.014899 0.023413 0.018092 -6.600000 -28.200001 73.800003
-0.023438 0.007568 -0.970703 -0.011706 0.026606 0.015963 -6.900000 -27.900000 72.300003
-0.026123 -0.000244 -0.971924 -0.013835 0.022349 0.018092 -6.000000 -29.400000 73.199997
-0.033936 0.007568 -0.971191 -0.013835 0.023413 0.020220 -6.600000 -28.200001 73.199997
-0.026855 0.006348 -0.972656 -0.014899 0.023413 0.019156 -4.200000 -28.200001 75.000000
-0.024658 0.005859 -0.981689 -0.013835 0.027670 0.019156 -5.100000 -28.500000 72.900002
-0.027588 0.003662 -0.979736 -0.012771 0.025541 0.018092 -6.000000 -27.600000 73.199997
-0.024170 0.005859 -0.970703 -0.012771 0.023413 0.017028 -6.600000 -27.000000 74.400002
-0.027100 0.004639 -0.962158 -0.014899 0.027670 0.017028 -5.400000 -28.200001 73.199997
-0.023926 0.006836 -0.976562 -0.012771 0.024477 0.015963 -5.700000 -28.500000 73.500000
-0.028564 0.001221 -0.972168 -0.010642 0.022349 0.018092 -6.000000 -27.600000 73.199997
-0.020020 0.002441 -0.963135 -0.012771 0.023413 0.018092 -6.000000 -28.200001 72.599998
-0.027832 0.007324 -0.975098 -0.011706 0.023413 0.020220 -7.500000 -28.500000 74.099998
-0.029053 0.012695 -0.970459 -0.012771 0.027670 0.019156 -6.000000 -29.400000 73.199997
-0.027832 0.001709 -0.964355 -0.013835 0.025541 0.020220 -8.400000 -29.400000 73.199997
-0.025879 0.003174 -0.977295 -0.011706 0.023413 0.018092 -5.700000 -28.500000 72.300003
-0.024170 0.003906 -0.966309 -0.015963 0.027670 0.018092 -5.400000 -30.000000 73.199997
-0.023682 0.007812 -0.958008 -0.013835 0.023413 0.019156 -6.600000 -27.600000 73.199997
-0.019775 0.011719 -0.979004 -0.010642 0.024477 0.018092 -7.800000 -28.799999 73.199997
-0.031738 0.012207 -0.963135 -0.013835 0.024477 0.018092 -4.800000 -28.200001 75.599998
-0.024902 0.010010 -0.971436 -0.012771 0.024477 0.014899 -6.900000 -29.100000 73.500000
-0.026367 0.005615 -0.975830 -0.012771 0.024477 0.017028 -8.100000 -27.299999 74.099998
-0.029541 0.007080 -0.970215 -0.013835 0.025541 0.020220 -5.100000 -29.100000 73.500000
-0.029785 0.001953 -0.971436 -0.013835 0.023413 0.018092 -6.300000 -28.500000 73.500000
-0.026367 0.006348 -0.978027 -0.020220 0.023413 0.017028 -6.000000 -28.200001 73.199997
-0.036133 0.009766 -1.001221 -0.020220 0.032991 0.027670 -6.300000 -30.299999 72.900002
-0.037109 0.003418 -0.901855 -0.015963 0.040441 0.008514 -7.200000 -29.400000 73.800003
-0.027832 0.016602 -1.062744 -0.006385 0.010642 0.017028 -6.000000 -27.600000 72.599998
-0.024902 0.010742 -0.942383 -0.012771 0.038312 0.014899 -5.100000 -28.500000 74.699997
-0.026367 0.014160 -0.976074 -0.002128 0.017028 0.015963 -7.200000 -27.600000 73.800003
-0.041260 0.028320 -1.150879 -0.014899 0.039376 0.017028 -5.700000 -29.100000 74.099998
-0.076660 -0.013184 -0.730713 -0.008514 0.002128 0.013835 -6.300000 -27.900000 71.699997
0.011475 -0.019775 -1.040039 -0.013835 -0.002128 0.024477 -6.000000 -29.400000 72.000000
-0.029053 0.017578 -0.873779 -0.023413 0.051083 0.024477 -7.500000 -27.299999 72.900002
-0.014648 0.010010 -0.996826 -0.014899 0.000000 0.021284 -5.700000 -29.100000 72.300003
-0.013428 -0.001465 -0.989990 -0.028734 0.046826 0.015963 -4.500000 -26.700001 71.699997
-0.037354 -0.002197 -0.930908 -0.007450 0.005321 0.018092 -7.200000 -27.000000 72.000000
-0.012451 0.010742 -1.020264 -0.015963 0.038312 0.014899 -5.700000 -26.100000 74.699997
-0.047119 0.010742 -0.938232 -0.011706 0.027670 0.020220 -6.600000 -29.400000 72.000000
-0.022217 0.020264 -0.992188 -0.006385 0.014899 0.019156 -5.400000 -28.200001 74.400002
-0.019531 0.007080 -0.992432 -0.018092 0.034055 0.017028 -6.900000 -27.900000 72.900002
-0.035645 0.001465 -0.939941 -0.017028 0.029798 0.021284 -7.800000 -28.799999 73.800003
-0.020020 0.006104 -0.992432 -0.012771 0.014899 0.022349 -5.700000 -27.299999 74.099998
-0.029297 0.001953 -0.969971 -0.017028 0.034055 0.018092 -4.800000 -30.000000 72.000000
-0.034668 0.007568 -0.974121 -0.013835 0.015963 0.018092 -6.000000 -29.400000 72.599998
-0.029541 0.013184 -0.979492 -0.014899 0.031927 0.017028 -6.300000 -29.700001 74.099998
-0.037109 0.006348 -0.954834 -0.009578 0.024477 0.017028 -6.300000 -28.500000 71.699997
-0.024414 0.003418 -0.968506 -0.011706 0.019156 0.020220 -6.000000 -28.200001 72.000000
-0.028564 -0.001221 -0.975586 -0.013835 0.028734 0.018092 -5.700000 -29.100000 75.900002
-0.038818 0.006592 -0.967529 -0.010642 0.020220 0.017028 -5.700000 -27.299999 75.900002
-0.022705 0.008545 -0.977051 -0.015963 0.022349 0.020220 -5.100000 -26.700001 72.300003
-0.028809 0.004639 -0.968262 -0.014899 0.028734 0.020220 -5.700000 -28.500000 72.900002
-0.030518 0.004150 -0.978271 -0.010642 0.022349 0.020220 -5.400000 -27.600000 71.400002
-0.028564 0.008789 -0.978027 -0.013835 0.028734 0.015963 -6.300000 -29.100000 72.300003
-0.027100 0.005127 -0.974609 -0.010642 0.022349 0.020220 -7.200000 -28.799999 74.400002
-0.024902 0.002197 -0.975586 -0.017028 0.025541 0.015963 -6.000000 -28.200001 74.400002
-0.027100 0.003174 -0.968262 -0.014899 0.024477 0.020220 -6.300000 -27.900000 73.500000
-0.022949 0.004150 -0.977051 -0.010642 0.022349 0.021284 -7.800000 -29.400000 72.000000
-0.025635 0.007324 -0.976318 -0.013835 0.023413 0.019156 -8.100000 -29.100000 73.500000
-0.022705 0.000488 -0.972412 -0.013835 0.026606 0.018092 -6.000000 -28.799999 72.000000
-0.029297 0.007568 -0.974854 -0.012771 0.024477 0.014899 -6.300000 -27.900000 74.099998
-0.025635 0.002930 -0.977051 -0.012771 0.025541 0.019156 -6.000000 -29.400000 71.400002
-0.024414 0.004395 -0.964111 -0.013835 0.025541 0.019156 -5.100000 -27.900000 72.900002
-0.029785 0.008301 -0.966309 -0.012771 0.026606 0.020220 -6.900000 -28.500000 72.300003
-0.024170 0.005859 -0.974365 -0.014899 0.024477 0.018092 -4.800000 -28.200001 72.000000
-0.022705 0.006348 -0.973145 -0.014899 0.025541 0.017028 -6.600000 -28.200001 73.800003
-0.026123 0.009521 -0.976562 -0.012771 0.024477 0.018092 -5.100000 -29.100000 72.900002
-0.023926 0.005615 -0.965820 -0.015963 0.022349 0.018092 -6.900000 -27.900000 74.099998
-0.023193 0.005859 -0.962402 -0.013835 0.025541 0.017028 -5.100000 -29.700001 72.900002
-0.027100 0.009521 -0.965332 -0.011706 0.025541 0.019156 -6.000000 -28.200001 72.000000
-0.021973 0.007324 -0.973877 -0.013835 0.027670 0.018092 -6.300000 -27.900000 73.500000
-0.024658 0.010254 -0.966553 -0.014899 0.024477 0.014899 -6.600000 -27.000000 72.000000
-0.028076 0.006592 -0.978027 -0.012771 0.026606 0.019156 -7.200000 -27.600000 71.400002
-0.023193 0.011719 -0.967773 -0.014899 0.026606 0.019156 -6.300000 -27.900000 73.500000
-0.025391 0.010742 -0.986084 -0.010642 0.024477 0.019156 -6.600000 -27.000000 73.800003
-0.026611 0.010498 -0.980957 -0.012771 0.026606 0.018092 -6.600000 -28.799999 72.599998
-0.018799 0.010010 -0.973633 -0.010642 0.022349 0.017028 -7.800000 -29.400000 72.599998
-0.028809 -0.000488 -0.973877 -0.012771 0.024477 0.021284 -6.300000 -29.100000 74.099998
-0.025879 0.006348 -0.985596 -0.011706 0.025541 0.015963 -8.100000 -27.900000 72.900002
-0.029785 0.010010 -0.978027 -0.013835 0.028734 0.017028 -7.200000 -27.000000 73.800003
-0.025146 0.001465 -0.968262 -0.013835 0.024477 0.019156 -6.000000 -28.200001 73.199997
-0.029541 0.002930 -0.980713 -0.012771 0.025541 0.018092 -4.500000 -29.100000 73.500000
-0.030518 0.006348 -0.970703 -0.013835 0.026606 0.019156 -7.800000 -27.600000 73.800003
-0.025635 0.006348 -0.968750 -0.014899 0.023413 0.017028 -7.200000 -28.799999 73.199997
-0.025635 0.006348 -0.964111 -0.011706 0.026606 0.017028 -6.600000 -27.600000 72.599998
-0.029053 0.006592 -0.974854 -0.014899 0.025541 0.015963 -5.400000 -28.200001 74.400002
-0.022705 0.002441 -0.968018 -0.015963 0.027670 0.019156 -6.600000 -28.200001 73.199997
-0.022461 0.006348 -0.977051 -0.014899 0.024477 0.018092 -5.100000 -27.900000 72.300003
-0.030273 -0.002441 -0.985107 -0.013835 0.024477 0.020220 -5.100000 -27.299999 72.900002
-0.031982 0.005615 -0.977051 -0.018092 0.024477 0.018092 -6.000000 -28.799999 72.599998
-0.026367 0.007812 -0.970703 -0.014899 0.025541 0.020220 -5.700000 -27.900000 73.500000
-0.023926 0.009521 -0.972656 -0.012771 0.025541 0.017028 -6.000000 -27.600000 73.800003
-0.025391 0.006104 -0.966553 -0.012771 0.023413 0.015963 -5.400000 -28.799999 72.599998
-0.024414 0.008057 -0.974854 -0.013835 0.023413 0.018092 -6.300000 -29.700001 74.099998
-0.025635 0.010010 -0.974854 -0.015963 0.023413 0.017028 -6.300000 -27.299999 71.699997
-0.028076 0.005615 -0.969482 -0.015963 0.021284 0.018092 -5.100000 -27.900000 73.500000
-0.023438 0.005127 -0.971924 -0.013835 0.024477 0.019156 -5.400000 -28.200001 73.800003
-0.032715 0.010986 -0.971191 -0.011706 0.025541 0.022349 -4.800000 -28.200001 73.199997
-0.024414 0.004639 -0.972656 -0.015963 0.023413 0.018092 -5.700000 -27.299999 73.500000
-0.025635 0.003174 -0.972412 -0.014899 0.025541 0.018092 -5.100000 -27.299999 72.900002
-0.027344 0.003906 -0.970215 -0.012771 0.023413 0.021284 -7.200000 -28.200001 73.199997
-0.023438 0.002197 -0.976562 -0.012771 0.021284 0.017028 -6.300000 -28.500000 74.099998
-0.026123 0.001953 -0.967285 -0.012771 0.025541 0.019156 -6.900000 -27.299999 74.099998
-0.030762 0.005371 -0.979004 -0.014899 0.022349 0.018092 -6.600000 -29.400000 73.199997
-0.027344 0.009033 -0.971191 -0.011706 0.022349 0.019156 -6.000000 -30.000000 73.199997
-0.032471 0.007812 -0.969971 -0.012771 0.026606 0.022349 -6.900000 -29.100000 73.500000
-0.026367 0.008301 -0.967529 -0.013835 0.024477 0.017028 -5.100000 -26.700001 74.099998
-0.031738 0.006348 -0.972168 -0.013835 0.023413 0.017028 -5.100000 -28.500000 74.099998
-0.021729 0.006348 -0.981201 -0.012771 0.027670 0.017028 -5.700000 -29.700001 72.300003
-0.026611 0.004883 -0.969482 -0.015963 0.024477 0.019156 -6.300000 -27.900000 72.300003
-0.026123 0.005127 -0.975098 -0.013835 0.021284 0.020220 -6.000000 -28.799999 72.000000
-0.027344 0.003174 -0.976807 -0.011706 0.024477 0.018092 -6.900000 -29.100000 74.099998
-0.023682 0.001221 -0.957275 -0.015963 0.025541 0.019156 -6.600000 -27.600000 73.199997
-0.020508 0.005371 -0.976074 -0.014899 0.022349 0.017028 -5.100000 -27.900000 73.500000
-0.027832 0.002197 -0.961426 -0.015963 0.027670 0.020220 -7.200000 -27.600000 72.599998
-0.027832 0.001953 -0.970459 -0.011706 0.027670 0.019156 -7.200000 -28.200001 71.400002
-0.023682 0.012207 -0.972412 -0.015963 0.020220 0.020220 -6.300000 -28.500000 72.900002
-0.021240 0.013916 -0.976318 -0.014899 0.028734 0.018092 -6.300000 -29.100000 73.500000
-0.035889 0.002930 -0.964111 -0.014899 0.022349 0.015963 -6.600000 -28.200001 72.599998
-0.028320 0.004883 -0.988281 -0.011706 0.023413 0.014899 -5.100000 -30.900000 72.900002
-0.029297 0.001953 -0.983887 -0.013835 0.025541 0.017028 -4.500000 -27.900000 72.300003
-0.029297 0.002686 -0.968506 -0.012771 0.023413 0.019156 -6.600000 -28.799999 73.199997
-0.022217 0.008789 -0.969482 -0.011706 0.023413 0.018092 -6.600000 -28.799999 72.000000
-0.022705 0.007812 -0.961670 -0.013835 0.026606 0.020220 -6.300000 -27.900000 72.300003
-0.029297 0.012451 -0.974609 -0.013835 0.024477 0.017028 -5.400000 -28.799999 71.400002
-0.017334 0.000244 -0.928711 -0.018092 0.008514 0.013835 -4.200000 -28.799999 73.199997
-0.044922 0.003662 -0.974609 -0.022349 0.053211 0.015963 -6.300000 -28.500000 72.300003
-0.021484 0.003662 -0.967285 -0.008514 -0.005321 0.027670 -6.000000 -28.799999 72.000000
-0.036865 0.009033 -0.966064 -0.026606 0.053211 0.019156 -6.000000 -30.000000 74.400002
-0.026611 0.005615 -0.965332 -0.012771 0.011706 0.023413 -5.700000 -29.100000 73.500000
-0.027588 0.008057 -0.997559 -0.015963 0.029798 0.017028 -6.300000 -28.500000 72.300003
-0.037842 0.000732 -0.950439 -0.015963 0.034055 0.015963 -5.100000 -28.500000 71.699997
0.012451 0.005371 -0.820312 -0.024477 0.005321 0.019156 -6.000000 -28.200001 73.199997
-0.021484 -0.022949 -0.908936 -0.017028 0.087266 0.019156 -6.600000 -29.400000 72.599998
-0.039795 0.027588 -0.894531 -0.002128 -0.010642 0.025541 -5.100000 -29.100000 72.900002
0.015381 0.010254 -1.051025 -0.020220 0.029798 0.011706 -6.900000 -27.900000 73.500000
-0.048340 -0.016357 -0.936768 -0.019156 0.038312 0.017028 -5.400000 -28.799999 72.599998
-0.015137 0.012939 -1.026367 -0.007450 0.005321 0.020220 -6.000000 -28.200001 72.000000
-0.032471 0.005859 -0.979492 -0.019156 0.048954 0.015963 -6.300000 -31.500000 72.300003
-0.030518 0.016846 -0.981445 -0.003193 0.006385 0.020220 -5.700000 -27.900000 72.900002
-0.020020 0.019531 -0.988770 -0.013835 0.035119 0.013835 -7.500000 -28.500000 72.300003
-0.041748 -0.003174 -0.959229 -0.012771 0.026606 0.014899 -6.900000 -27.900000 72.900002
-0.015381 0.005371 -1.003418 -0.011706 0.026606 0.013835 -5.400000 -27.600000 72.000000
-0.039551 0.009033 -0.958496 -0.012771 0.022349 0.021284 -4.800000 -28.200001 74.400002
-0.015381 0.011475 -0.992676 -0.014899 0.024477 0.019156 -6.900000 -27.299999 73.500000
-0.025635 -0.006592 -0.970703 -0.015963 0.029798 0.015963 -6.300000 -28.500000 72.900002
-0.027832 0.012695 -0.974121 -0.015963 0.015963 0.019156 -6.000000 -27.600000 72.599998
-0.028809 0.009766 -0.981201 -0.015963 0.029798 0.019156 -6.000000 -28.799999 73.800003
-0.036377 0.004150 -0.962158 -0.012771 0.025541 0.018092 -7.200000 -29.400000 73.199997
-0.029541 0.005615 -0.993896 -0.015963 0.025541 0.020220 -6.000000 -28.200001 72.599998
-0.031738 0.007324 -0.964844 -0.015963 0.027670 0.017028 -6.000000 -27.000000 73.800003
-0.030029 0.010254 -0.972168 -0.012771 0.023413 0.018092 -5.100000 -27.299999 72.300003
-0.022705 0.010742 -0.977539 -0.013835 0.022349 0.019156 -4.800000 -28.799999 73.199997
-0.027344 0.002686 -0.965576 -0.012771 0.024477 0.017028 -6.600000 -28.200001 73.199997
-0.031006 0.004150 -0.975342 -0.013835 0.024477 0.018092 -5.400000 -28.799999 73.199997
-0.028076 0.001465 -0.971924 -0.015963 0.025541 0.019156 -6.000000 -27.000000 72.599998
-0.023193 -0.000732 -0.971680 -0.013835 0.024477 0.020220 -6.000000 -27.600000 73.800003
-0.031250 0.010010 -0.965820 -0.014899 0.026606 0.021284 -4.500000 -27.900000 73.500000
-0.023926 0.007568 -0.969238 -0.015963 0.024477 0.014899 -7.200000 -28.200001 73.199997
-0.027344 0.001953 -0.967773 -0.017028 0.026606 0.014899 -6.000000 -28.200001 72.599998
-0.024902 0.009766 -0.966309 -0.012771 0.023413 0.019156 -6.000000 -28.200001 73.199997
-0.024658 0.013184 -0.982178 -0.010642 0.024477 0.019156 -6.000000 -28.200001 72.000000
-0.030029 0.010742 -0.972656 -0.015963 0.023413 0.017028 -6.900000 -29.100000 72.900002
-0.021973 0.007812 -0.972168 -0.012771 0.023413 0.018092 -7.800000 -30.000000 72.599998
-0.031006 0.004150 -0.966064 -0.011706 0.025541 0.019156 -5.100000 -27.900000 73.500000
-0.026367 0.005371 -0.972900 -0.015963 0.022349 0.017028 -6.300000 -29.100000 72.300003
-0.023926 0.001953 -0.984863 -0.014899 0.023413 0.021284 -6.300000 -27.900000 74.099998
-0.025391 0.002686 -0.972168 -0.014899 0.024477 0.018092 -7.500000 -28.500000 71.699997
-0.023438 0.006104 -0.973145 -0.015963 0.023413 0.018092 -7.200000 -28.200001 72.599998
-0.025146 0.008789 -0.971924 -0.015963 0.025541 0.020220 -4.800000 -29.400000 72.599998
-0.027100 0.004639 -0.976807 -0.015963 0.024477 0.018092 -5.100000 -29.100000 72.300003
-0.029541 0.002441 -0.978027 -0.011706 0.023413 0.014899 -5.700000 -29.100000 71.099998
-0.029053 0.006104 -0.977295 -0.012771 0.025541 0.014899 -6.600000 -28.799999 73.800003
-0.026123 -0.001709 -0.974121 -0.012771 0.023413 0.017028 -6.000000 -29.400000 73.199997
-0.028809 0.012207 -0.968506 -0.012771 0.025541 0.014899 -6.300000 -27.299999 73.500000
-0.025391 0.007568 -0.972168 -0.012771 0.023413 0.017028 -6.600000 -28.799999 72.000000
-0.030029 0.003662 -0.976318 -0.014899 0.027670 0.015963 -6.300000 -29.100000 73.500000
-0.027344 0.001465 -0.969482 -0.013835 0.024477 0.020220 -7.500000 -29.100000 73.500000
-0.026367 0.003662 -0.966553 -0.015963 0.023413 0.020220 -6.000000 -28.799999 74.400002
-0.022217 -0.004883 -0.965576 -0.012771 0.025541 0.019156 -5.700000 -27.900000 73.500000
-0.028564 0.005615 -0.975586 -0.011706 0.022349 0.017028 -6.600000 -30.600000 72.599998
-0.026367 0.004150 -0.968018 -0.014899 0.024477 0.019156 -5.100000 -27.900000 74.699997
-0.024170 0.004150 -0.976807 -0.013835 0.022349 0.019156 -6.300000 -26.700001 74.099998
-0.025391 0.002197 -0.980225 -0.014899 0.023413 0.017028 -5.700000 -27.299999 73.500000
-0.025635 0.014893 -0.981689 -0.012771 0.023413 0.019156 -6.000000 -28.799999 72.599998
-0.023438 0.009521 -0.968262 -0.011706 0.026606 0.018092 -6.600000 -28.799999 72.599998
-0.022705 0.001709 -0.972656 -0.013835 0.022349 0.017028 -6.900000 -27.900000 72.900002
-0.031494 0.007324 -0.982178 -0.015963 0.025541 0.015963 -6.600000 -27.600000 72.000000
-0.023438 0.003174 -0.976074 -0.014899 0.022349 0.020220 -6.000000 -29.400000 72.000000
-0.030029 0.013428 -0.968262 -0.011706 0.026606 0.019156 -5.700000 -26.700001 73.500000
-0.027344 0.009033 -0.975342 -0.013835 0.026606 0.018092 -5.700000 -30.299999 71.099998
-0.021240 0.004639 -0.968262 -0.013835 0.024477 0.020220 -6.000000 -28.799999 72.599998
-0.029297 0.006348 -0.967529 -0.013835 0.022349 0.017028 -5.700000 -26.700001 72.900002
-0.027588 0.010742 -0.967773 -0.010642 0.024477 0.019156 -4.500000 -27.900000 74.099998
-0.026123 0.008545 -0.962158 -0.013835 0.022349 0.017028 -5.100000 -28.500000 72.300003
-0.025391 0.010986 -0.969238 -0.012771 0.025541 0.019156 -6.000000 -31.799999 72.599998
-0.029053 0.007568 -0.971191 -0.009578 0.021284 0.018092 -5.100000 -28.500000 74.099998
-0.022705 0.001465 -0.973145 -0.015963 0.027670 0.019156 -7.200000 -27.600000 73.800003
-0.030029 0.007812 -0.973633 -0.012771 0.024477 0.019156 -5.700000 -27.299999 72.900002
-0.026611 0.004639 -0.965332 -0.013835 0.023413 0.018092 -4.500000 -28.500000 74.099998
-0.027588 -0.000977 -0.969727 -0.012771 0.025541 0.020220 -6.900000 -27.900000 73.500000
-0.024658 0.015381 -0.969482 -0.012771 0.024477 0.015963 -6.300000 -28.500000 72.900002
-0.028809 0.010010 -0.968750 -0.014899 0.023413 0.019156 -6.000000 -28.200001 73.800003
-0.027344 0.005371 -0.968994 -0.014899 0.022349 0.019156 -7.200000 -26.400000 71.400002
-0.025391 0.006592 -0.967773 -0.014899 0.025541 0.015963 -5.400000 -28.200001 73.800003
-0.025635 0.005859 -0.978760 -0.014899 0.027670 0.019156 -6.600000 -27.600000 70.800003
-0.029541 0.011475 -0.971191 -0.015963 0.023413 0.017028 -6.600000 -27.000000 73.199997
-0.029785 0.003174 -0.972168 -0.013835 0.026606 0.017028 -5.700000 -28.500000 73.500000
-0.025391 0.007812 -0.982178 -0.011706 0.026606 0.019156 -6.000000 -28.799999 73.800003
-0.026855 0.009521 -0.977539 -0.014899 0.026606 0.017028 -6.300000 -29.100000 74.699997
-0.023926 0.007568 -0.972656 -0.013835 0.024477 0.020220 -6.600000 -28.200001 73.199997
-0.022705 0.010986 -0.974365 -0.013835 0.025541 0.022349 -7.500000 -27.900000 73.500000
-0.026611 0.010986 -0.974609 -0.014899 0.024477 0.022349 -8.100000 -29.100000 72.300003
-0.031250 0.005127 -0.981689 -0.012771 0.022349 0.020220 -5.700000 -27.299999 74.099998
-0.027100 0.006592 -0.970215 -0.011706 0.026606 0.019156 -6.600000 -27.000000 73.199997
-0.030762 0.002930 -0.974121 -0.015963 0.023413 0.017028 -6.000000 -28.200001 73.199997
-0.028809 0.003906 -0.976562 -0.014899 0.025541 0.017028 -6.300000 -29.100000 72.300003
-0.022705 0.007812 -0.974609 -0.014899 0.024477 0.019156 -6.600000 -28.200001 73.800003
-0.027832 0.009033 -0.967773 -0.015963 0.022349 0.018092 -6.600000 -28.200001 75.000000
-0.026123 0.010010 -0.971924 -0.015963 0.025541 0.018092 -6.600000 -29.400000 72.599998
-0.023926 0.005371 -0.971924 -0.013835 0.022349 0.017028 -5.100000 -29.100000 74.099998
-0.023926 0.001709 -0.984131 -0.013835 0.023413 0.020220 -6.300000 -27.299999 73.500000
-0.026123 0.004150 -0.972656 -0.011706 0.025541 0.018092 -6.000000 -28.799999 72.599998
