0.018066 0.977539 -0.119141 -0.013835 0.020220 0.017028 31.799999 -46.200001 58.799999
0.010986 0.979492 -0.115967 -0.017028 0.018092 0.018092 30.900000 -47.099998 59.099998
0.016602 0.974121 -0.116943 -0.013835 0.024477 0.019156 31.500000 -46.500000 58.500000
0.023438 0.978760 -0.124023 -0.011706 0.020220 0.017028 30.900000 -47.700001 60.299999
0.011230 0.977051 -0.119385 -0.015963 0.021284 0.020220 31.500000 -45.900002 59.099998
0.021729 0.971924 -0.124512 -0.012771 0.019156 0.021284 31.200001 -46.799999 58.200001
0.012695 0.976318 -0.126709 -0.014899 0.022349 0.018092 31.500000 -45.299999 59.099998
0.016357 0.971191 -0.125732 -0.017028 0.020220 0.018092 32.099998 -48.299999 59.099998
0.019531 0.977539 -0.118164 -0.014899 0.020220 0.019156 30.600000 -46.799999 57.599998
0.013184 0.977539 -0.118164 -0.012771 0.018092 0.020220 32.099998 -47.099998 59.700001
0.017334 0.969238 -0.122070 -0.010642 0.019156 0.017028 31.799999 -45.599998 59.400002
0.017090 0.975342 -0.125000 -0.012771 0.020220 0.018092 31.799999 -45.599998 58.799999
0.022949 0.973877 -0.120361 -0.015963 0.020220 0.017028 31.200001 -47.400002 60.000000
0.018066 0.978516 -0.112793 -0.018092 0.021284 0.015963 32.400002 -45.000000 58.200001
0.012695 0.974365 -0.114746 -0.014899 0.021284 0.014899 31.500000 -45.900002 59.700001
0.016846 0.975342 -0.120605 -0.015963 0.018092 0.017028 31.500000 -45.299999 59.099998
0.013916 0.980713 -0.109131 -0.012771 0.022349 0.019156 31.500000 -47.099998 60.299999
0.019775 0.974365 -0.125977 -0.013835 0.023413 0.020220 32.400002 -46.799999 58.200001
0.015625 0.978760 -0.124023 -0.017028 0.018092 0.017028 31.799999 -46.799999 58.799999
0.007812 0.979980 -0.122070 -0.013835 0.021284 0.015963 31.500000 -46.500000 58.500000
0.016357 0.972412 -0.124756 -0.012771 0.021284 0.019156 30.900000 -46.500000 58.500000
0.017334 0.977295 -0.121582 -0.011706 0.020220 0.019156 32.700001 -47.099998 58.500000
0.014160 0.973145 -0.128906 -0.014899 0.021284 0.017028 33.000000 -47.400002 58.200001
0.019043 0.980713 -0.121582 -0.013835 0.019156 0.015963 31.200001 -46.799999 59.400002
0.012695 0.970703 -0.121338 -0.015963 0.021284 0.018092 31.500000 -47.700001 60.299999
0.018066 0.979736 -0.122559 -0.014899 0.022349 0.021284 31.500000 -46.500000 59.099998
0.012451 0.976562 -0.125000 -0.015963 0.022349 0.018092 32.099998 -47.099998 58.500000
0.019287 0.973145 -0.122559 -0.015963 0.021284 0.019156 32.400002 -46.799999 58.799999
0.013184 0.967041 -0.125732 -0.014899 0.019156 0.018092 31.500000 -47.099998 57.900002
0.013428 0.976807 -0.117676 -0.011706 0.023413 0.015963 31.500000 -47.700001 57.900002
0.017334 0.973633 -0.118408 -0.013835 0.021284 0.019156 31.200001 -46.799999 58.200001
0.017334 0.974854 -0.122559 -0.012771 0.020220 0.015963 30.600000 -46.200001 58.799999
0.017334 0.976562 -0.114990 -0.014899 0.022349 0.013835 32.400002 -45.000000 59.400002
0.009277 0.975098 -0.120117 -0.012771 0.020220 0.019156 33.000000 -47.400002 58.799999
0.016113 0.971436 -0.122559 -0.012771 0.021284 0.021284 31.500000 -47.099998 59.099998
0.013672 0.974121 -0.118896 -0.013835 0.018092 0.015963 31.200001 -46.799999 58.799999
0.016113 0.973389 -0.119873 -0.015963 0.020220 0.019156 32.099998 -47.099998 59.700001
0.019287 0.975586 -0.116943 -0.013835 0.019156 0.018092 30.600000 -47.400002 59.400002
0.014160 0.970947 -0.126709 -0.012771 0.021284 0.015963 30.900000 -46.500000 57.299999
0.015381 0.972656 -0.122559 -0.015963 0.019156 0.017028 31.200001 -46.799999 57.000000
0.014893 0.974854 -0.119629 -0.015963 0.019156 0.018092 33.599998 -46.799999 58.799999
0.015381 0.973633 -0.113037 -0.014899 0.019156 0.018092 32.099998 -46.500000 57.900002
0.015381 0.977539 -0.121582 -0.017028 0.019156 0.018092 30.600000 -46.799999 57.000000
0.016846 0.971680 -0.115234 -0.013835 0.021284 0.019156 33.000000 -46.200001 60.000000
0.020020 0.975342 -0.111328 -0.015963 0.020220 0.015963 30.900000 -45.900002 59.099998
0.017334 0.976318 -0.120850 -0.014899 0.019156 0.017028 31.500000 -47.700001 59.700001
0.018066 0.977539 -0.122559 -0.017028 0.021284 0.017028 31.200001 -46.799999 58.200001
0.014648 0.970947 -0.119385 -0.014899 0.019156 0.017028 32.400002 -46.799999 58.799999
0.015625 0.973145 -0.120605 -0.012771 0.023413 0.018092 31.200001 -46.200001 58.200001
0.016846 0.976074 -0.117920 -0.015963 0.020220 0.018092 31.200001 -46.200001 58.799999
0.016602 0.976074 -0.120361 -0.019156 0.023413 0.019156 32.099998 -47.099998 57.900002
0.020020 0.969727 -0.123047 -0.011706 0.019156 0.020220 32.400002 -46.200001 58.799999
0.015625 0.977295 -0.119629 -0.010642 0.019156 0.020220 31.500000 -45.299999 58.500000
0.021484 0.979492 -0.116211 -0.012771 0.018092 0.018092 33.299999 -46.500000 59.099998
0.021729 0.977051 -0.123047 -0.012771 0.020220 0.021284 31.200001 -46.200001 58.799999
0.017822 0.981934 -0.120850 -0.020220 0.019156 0.022349 31.500000 -46.500000 58.500000
0.016602 0.972168 -0.113525 -0.013835 0.007450 0.020220 30.600000 -45.599998 59.400002
0.018066 0.973633 -0.125977 -0.019156 0.001064 0.019156 32.099998 -47.700001 59.099998
0.011963 0.969482 -0.100342 -0.013835 0.012771 0.020220 30.600000 -46.799999 58.799999
0.014404 0.989990 -0.106201 -0.022349 0.004257 0.019156 34.500000 -47.099998 57.900002
0.020264 0.975830 -0.106201 -0.009578 0.043633 0.013835 31.500000 -46.500000 59.099998
0.017578 0.963135 -0.092529 -0.012771 0.036184 0.013835 32.400002 -46.200001 59.400002
0.016113 0.956543 -0.094238 -0.007450 0.047890 0.012771 31.200001 -48.599998 58.799999
0.017334 0.984863 -0.115479 -0.017028 0.062789 0.011706 30.600000 -49.799999 58.200001
0.014648 0.979980 -0.119385 -0.017028 0.051083 0.011706 31.200001 -46.200001 58.799999
0.004639 0.983398 -0.148438 -0.018092 -0.064918 0.028734 31.200001 -47.400002 58.200001
0.012939 0.929932 -0.069580 -0.015963 -0.045762 0.029798 32.099998 -47.700001 58.500000
0.005615 0.965088 -0.110107 -0.021284 0.037248 0.010642 32.700001 -47.099998 57.900002
0.015625 0.964844 -0.123291 -0.023413 0.009578 0.022349 31.200001 -46.200001 57.599998
0.016357 0.920166 -0.098389 -0.018092 -0.009578 0.019156 30.900000 -47.099998 58.500000
0.013916 0.989502 -0.116699 -0.030863 -0.042569 0.024477 30.900000 -47.700001 58.500000
0.024414 0.974121 -0.115234 -0.015963 -0.041505 0.026606 32.099998 -47.700001 58.500000
0.013428 0.967041 -0.131348 0.000000 -0.070239 0.027670 30.299999 -46.500000 59.099998
0.017090 0.956055 -0.106445 -0.012771 -0.044697 0.027670 31.799999 -46.799999 58.200001
0.021484 0.950195 -0.072266 -0.024477 0.026606 0.015963 31.500000 -46.500000 58.500000
0.016602 0.968262 -0.123047 -0.032991 0.014899 0.020220 32.400002 -46.200001 58.200001
0.020020 0.988525 -0.107910 -0.009578 0.077688 0.014899 32.400002 -45.599998 57.599998
0.016357 0.944824 -0.118652 -0.006385 0.027670 0.017028 32.400002 -46.799999 59.400002
0.024170 0.980225 -0.116943 -0.013835 -0.014899 0.021284 32.099998 -46.500000 57.299999
0.016113 1.013672 -0.135986 -0.020220 0.002128 0.021284 31.799999 -46.200001 57.000000
0.008545 0.976074 -0.116455 -0.031927 -0.011706 0.018092 30.600000 -46.799999 60.000000
0.017822 0.953857 -0.122070 -0.004257 -0.019156 0.021284 33.599998 -48.000000 57.599998
0.020996 1.009277 -0.104248 -0.021284 0.043633 0.009578 31.500000 -44.700001 56.700001
0.012451 1.003174 -0.135010 -0.022349 0.025541 0.018092 31.799999 -46.799999 58.200001
0.008545 0.960693 -0.116455 -0.022349 0.022349 0.015963 33.299999 -47.700001 57.299999
-0.003662 0.968018 -0.077393 -0.006385 0.031927 0.015963 33.000000 -47.400002 58.200001
-0.003174 1.003662 -0.006836 -0.027670 0.119193 0.007450 32.700001 -46.500000 59.700001
-0.020752 1.012451 0.000977 -0.056404 0.110679 0.007450 33.000000 -47.400002 58.799999
-0.048828 1.166260 -0.001953 -0.045762 -0.004257 0.017028 31.799999 -46.799999 55.200001
-0.059570 0.935791 0.109375 -0.061725 -0.064918 0.021284 33.000000 -47.400002 57.599998
0.004150 1.407471 -0.108398 -0.041505 -0.094716 0.021284 32.700001 -47.099998 57.299999
-0.029053 0.117432 0.321777 0.008514 -0.246900 0.044697 32.400002 -46.200001 58.200001
-0.034424 0.895996 -0.021729 0.042569 -0.328845 0.051083 33.000000 -46.799999 55.799999
-0.024902 1.007324 -0.125244 0.035119 -0.469323 0.063853 33.599998 -46.799999 56.400002
0.067383 1.110352 -0.169922 -0.040441 -0.503378 0.084074 33.000000 -47.400002 57.000000
0.071045 1.361572 -0.316406 0.059597 -0.365029 0.060661 33.299999 -48.299999 54.299999
0.027832 1.037598 -0.300049 -0.020220 -0.274570 0.064918 35.099998 -47.700001 54.900002
0.056641 1.053955 -0.384033 -0.013835 -0.429947 0.078753 33.599998 -47.400002 54.599998
0.058350 0.979004 -0.329834 -0.046826 -0.308625 0.053211 35.400002 -46.799999 53.400002
0.020508 0.909912 -0.279541 -0.004257 -0.138349 0.031927 33.599998 -46.799999 54.599998
0.027344 0.943115 -0.243408 0.004257 -0.019156 0.028734 34.799999 -48.599998 55.200001
0.050293 0.913086 -0.215332 -0.005321 0.076624 0.013835 33.599998 -48.000000 53.400002
0.028076 0.939697 -0.230957 -0.002128 0.055340 0.011706 35.099998 -47.700001 54.299999
0.029541 0.951904 -0.186279 -0.013835 -0.003193 0.019156 34.799999 -46.799999 54.599998
0.020264 0.981689 -0.109619 -0.018092 0.017028 0.015963 35.400002 -47.400002 54.599998
0.013916 0.977295 -0.121826 -0.011706 0.014899 0.022349 33.299999 -47.099998 53.700001
-0.002441 0.981445 -0.137695 -0.012771 -0.065982 0.027670 33.900002 -46.500000 53.700001
0.006104 0.978027 -0.135742 -0.017028 0.018092 0.017028 33.900002 -45.900002 54.900002
0.008545 0.977051 -0.120850 -0.011706 0.018092 0.018092 34.799999 -45.599998 54.000000
0.015869 0.978027 -0.123047 -0.018092 0.020220 0.017028 33.900002 -47.700001 54.299999
0.015869 0.978027 -0.132812 -0.013835 0.018092 0.015963 33.900002 -47.099998 53.700001
0.011719 0.973877 -0.116699 -0.012771 0.021284 0.018092 33.299999 -45.299999 54.900002
0.006836 0.979248 -0.109619 -0.013835 0.020220 0.019156 34.799999 -46.799999 54.000000
0.016357 0.975586 -0.128906 -0.015963 0.018092 0.019156 33.900002 -45.900002 53.700001
0.014160 0.970215 -0.124512 -0.015963 0.019156 0.018092 33.900002 -46.500000 53.700001
0.005127 0.971924 -0.117432 -0.014899 0.019156 0.020220 34.799999 -46.799999 54.599998
0.012695 0.977539 -0.110840 -0.011706 0.021284 0.017028 34.799999 -47.400002 54.599998
0.018311 0.983887 -0.107178 -0.014899 0.021284 0.017028 35.400002 -44.400002 54.000000
0.011475 0.977051 -0.120605 -0.012771 0.020220 0.020220 35.700001 -47.099998 54.299999
0.013184 0.974365 -0.122559 -0.013835 0.022349 0.019156 35.400002 -48.000000 53.400002
0.014648 0.975830 -0.120117 -0.009578 0.022349 0.019156 34.500000 -47.700001 54.900002
0.011963 0.979736 -0.109863 -0.013835 0.019156 0.020220 33.299999 -47.099998 53.099998
0.007324 0.974854 -0.124512 -0.011706 0.018092 0.018092 34.799999 -46.200001 54.599998
0.012451 0.977783 -0.107666 -0.012771 0.020220 0.021284 33.299999 -46.500000 54.299999
0.010742 0.979980 -0.123535 -0.013835 0.021284 0.017028 34.500000 -48.299999 53.099998
0.015625 0.975586 -0.120850 -0.015963 0.019156 0.017028 35.700001 -47.700001 54.900002
0.012451 0.974121 -0.116455 -0.013835 0.021284 0.018092 34.799999 -45.599998 55.200001
0.011230 0.974365 -0.115723 -0.018092 0.019156 0.015963 35.099998 -47.099998 54.900002
0.008057 0.968506 -0.124512 -0.015963 0.020220 0.018092 33.599998 -46.799999 55.200001
0.010498 0.972412 -0.120117 -0.014899 0.020220 0.019156 35.099998 -46.500000 54.299999
0.012207 0.977783 -0.117432 -0.012771 0.021284 0.015963 33.900002 -47.099998 53.700001
0.011719 0.974609 -0.120361 -0.013835 0.022349 0.017028 33.000000 -47.400002 53.400002
0.014160 0.964355 -0.119629 -0.010642 0.021284 0.018092 35.700001 -47.700001 54.900002
0.005127 0.977539 -0.118164 -0.015963 0.018092 0.020220 34.200001 -45.599998 56.400002
0.007324 0.972900 -0.110352 -0.012771 0.019156 0.019156 33.599998 -47.400002 55.200001
0.012695 0.973389 -0.109863 -0.014899 0.023413 0.018092 34.500000 -47.099998 53.700001
0.017578 0.976074 -0.129150 -0.011706 0.018092 0.019156 35.099998 -47.099998 54.299999
0.009766 0.971924 -0.103516 -0.011706 0.021284 0.020220 35.400002 -45.599998 52.799999
0.010986 0.978271 -0.121582 -0.015963 0.022349 0.019156 34.799999 -45.599998 55.799999
0.010498 0.976318 -0.124512 -0.014899 0.021284 0.019156 34.200001 -46.799999 54.000000
0.019287 0.974854 -0.124756 -0.013835 0.020220 0.017028 33.000000 -48.000000 54.000000
0.012695 0.955811 -0.108398 -0.010642 0.022349 0.018092 34.799999 -45.599998 54.000000
0.019531 0.984619 -0.117188 -0.015963 0.018092 0.018092 34.500000 -46.500000 54.900002
0.008301 0.972168 -0.118164 -0.015963 0.018092 0.017028 33.599998 -47.400002 55.200001
0.011963 0.969482 -0.126221 -0.014899 0.021284 0.015963 34.500000 -45.299999 54.299999
0.011719 0.974365 -0.121582 -0.014899 0.020220 0.018092 33.900002 -47.700001 54.900002
0.013916 0.977783 -0.111816 -0.013835 0.020220 0.020220 33.900002 -47.700001 55.500000
0.013672 0.975586 -0.117676 -0.014899 0.018092 0.018092 33.900002 -45.900002 55.500000
0.012207 0.973389 -0.117920 -0.011706 0.018092 0.014899 34.500000 -47.099998 53.700001
0.010010 0.972900 -0.113770 -0.014899 0.019156 0.012771 34.200001 -47.400002 55.200001
0.015381 0.979004 -0.123535 -0.014899 0.020220 0.015963 33.900002 -45.900002 53.700001
0.012451 0.971924 -0.118652 -0.012771 0.018092 0.021284 34.500000 -45.900002 53.700001
0.015137 0.973877 -0.113037 -0.014899 0.022349 0.015963 32.700001 -45.900002 54.900002
0.013672 0.978271 -0.112549 -0.012771 0.020220 0.021284 34.200001 -46.200001 55.200001
0.013184 0.975342 -0.114746 -0.011706 0.020220 0.018092 33.599998 -48.000000 54.599998
0.017334 0.973389 -0.116699 -0.010642 0.021284 0.015963 34.799999 -46.799999 54.000000
0.015625 0.976074 -0.120361 -0.012771 0.021284 0.018092 34.500000 -47.099998 55.500000
0.014404 0.972656 -0.126953 -0.017028 0.018092 0.017028 34.200001 -46.799999 54.000000
0.011719 0.982422 -0.116455 -0.014899 0.019156 0.018092 34.500000 -46.500000 54.299999
0.015625 0.976562 -0.122070 -0.014899 0.020220 0.021284 34.200001 -47.400002 53.400002
0.015625 0.977295 -0.114502 -0.014899 0.020220 0.019156 34.500000 -45.299999 54.299999
0.016602 0.976318 -0.120117 -0.011706 0.018092 0.020220 33.599998 -47.400002 55.799999
0.011475 0.977295 -0.118652 -0.014899 0.022349 0.014899 34.799999 -46.200001 54.599998
0.014160 0.972168 -0.121826 -0.009578 0.019156 0.020220 35.700001 -45.900002 53.700001
0.009766 0.982910 -0.122559 -0.011706 0.020220 0.018092 34.500000 -47.099998 53.700001
0.013428 0.976807 -0.114990 -0.013835 0.019156 0.019156 35.099998 -46.500000 54.299999
0.014893 0.970215 -0.124756 -0.011706 0.021284 0.021284 33.299999 -47.099998 55.500000
0.014160 0.974609 -0.121338 -0.011706 0.020220 0.019156 35.099998 -46.500000 52.500000
0.008789 0.977051 -0.126221 -0.017028 0.018092 0.017028 35.099998 -45.900002 53.700001
0.013428 0.974609 -0.123535 -0.014899 0.020220 0.021284 33.299999 -45.900002 54.299999
0.008301 0.977539 -0.111816 -0.017028 0.020220 0.017028 34.200001 -46.799999 53.400002
0.011963 0.976074 -0.111328 -0.011706 0.017028 0.019156 35.700001 -45.299999 52.500000
0.018555 0.971924 -0.118408 -0.013835 0.023413 0.017028 33.900002 -45.900002 53.700001
0.011475 0.979492 -0.127197 -0.014899 0.020220 0.019156 35.400002 -46.200001 54.000000
0.009521 0.980469 -0.108398 -0.013835 0.021284 0.015963 33.000000 -46.799999 55.799999
0.010742 0.968506 -0.116943 -0.015963 0.020220 0.019156 35.099998 -47.099998 54.900002
0.012207 0.978516 -0.114014 -0.014899 0.018092 0.019156 34.799999 -46.200001 54.599998
0.013916 0.978271 -0.112793 -0.017028 0.019156 0.023413 35.099998 -47.099998 53.099998
0.015625 0.972900 -0.119141 -0.012771 0.018092 0.018092 35.400002 -46.799999 54.000000
0.011719 0.977783 -0.119873 -0.014899 0.018092 0.019156 34.500000 -47.099998 53.700001
0.018066 0.980957 -0.127197 -0.014899 0.021284 0.018092 34.799999 -46.200001 52.799999
0.011719 0.972656 -0.120117 -0.011706 0.019156 0.019156 34.500000 -47.700001 54.299999
0.014404 0.976562 -0.118652 -0.014899 0.021284 0.019156 35.400002 -45.000000 54.599998
0.014648 0.983643 -0.117188 -0.015963 0.020220 0.017028 32.700001 -45.299999 54.299999
0.018066 0.973145 -0.117188 -0.012771 0.020220 0.017028 37.200001 -46.799999 54.599998
0.012939 0.979248 -0.122070 -0.017028 0.019156 0.018092 34.500000 -45.299999 53.099998
0.016113 0.968750 -0.107666 -0.013835 0.021284 0.020220 35.099998 -45.900002 54.900002
0.012451 0.975830 -0.119141 -0.015963 0.017028 0.018092 34.500000 -47.099998 56.099998
0.010742 0.975586 -0.109131 -0.013835 0.022349 0.021284 34.500000 -47.700001 55.500000
0.011963 0.974854 -0.113770 -0.011706 0.020220 0.015963 35.400002 -46.799999 55.200001
0.014648 0.977295 -0.118164 -0.017028 0.018092 0.017028 35.099998 -45.299999 53.099998
0.011475 0.968506 -0.119385 -0.014899 0.020220 0.021284 34.500000 -46.500000 53.700001
0.016113 0.974854 -0.126465 -0.014899 0.020220 0.017028 33.900002 -47.700001 53.700001
0.010498 0.972168 -0.115723 -0.012771 0.018092 0.019156 33.299999 -45.900002 53.700001
0.014160 0.979004 -0.118164 -0.011706 0.019156 0.015963 35.700001 -45.900002 53.700001
0.013916 0.976807 -0.113525 -0.012771 0.020220 0.017028 33.299999 -47.099998 54.900002
0.010986 0.974854 -0.122559 -0.017028 0.019156 0.022349 35.099998 -47.099998 55.500000
0.017090 0.975830 -0.123535 -0.015963 0.022349 0.017028 35.700001 -47.099998 54.900002
0.017822 0.975098 -0.111816 -0.014899 0.019156 0.021284 35.700001 -47.700001 54.900002
0.011230 0.977539 -0.120117 -0.017028 0.021284 0.018092 33.599998 -46.799999 55.200001
0.008545 0.978027 -0.117432 -0.012771 0.020220 0.017028 33.599998 -46.200001 54.599998
0.012451 0.977783 -0.120850 -0.015963 0.021284 0.017028 34.200001 -46.799999 54.000000
0.012695 0.979980 -0.131104 -0.013835 0.019156 0.017028 34.799999 -46.200001 55.200001
0.016357 0.974609 -0.108887 -0.014899 0.018092 0.018092 33.599998 -47.400002 54.599998
0.017090 0.977295 -0.109863 -0.009578 0.022349 0.017028 35.400002 -44.400002 53.400002
0.017090 0.974365 -0.116699 -0.011706 0.022349 0.019156 34.799999 -48.599998 55.200001
0.013672 0.967773 -0.117432 -0.013835 0.022349 0.019156 35.099998 -45.900002 56.099998
0.008789 0.977295 -0.123779 -0.014899 0.020220 0.018092 33.000000 -45.000000 54.599998
0.010742 0.978027 -0.119385 -0.015963 0.018092 0.020220 33.000000 -46.200001 55.200001
0.009766 0.976318 -0.110596 -0.012771 0.022349 0.015963 35.099998 -47.099998 56.099998
0.010986 0.971436 -0.111572 -0.012771 0.019156 0.017028 33.599998 -46.799999 53.400002
0.018555 0.975586 -0.119629 -0.014899 0.020220 0.019156 36.000000 -47.400002 54.599998
0.012939 0.974365 -0.117188 -0.014899 0.021284 0.017028 34.200001 -46.200001 55.799999
0.013672 0.979492 -0.114990 -0.014899 0.021284 0.018092 35.099998 -47.099998 54.299999
0.013672 0.981689 -0.113770 -0.017028 0.023413 0.020220 34.799999 -46.799999 54.000000
0.008545 0.977539 -0.123535 -0.011706 0.020220 0.018092 32.700001 -46.500000 53.700001
0.019775 0.981201 -0.118896 -0.012771 0.018092 0.019156 33.000000 -46.799999 54.000000
0.017578 0.978027 -0.111328 -0.011706 0.020220 0.019156 34.500000 -46.500000 53.099998
0.012451 0.972900 -0.121094 -0.013835 0.019156 0.017028 33.599998 -46.200001 54.000000
0.010254 0.979492 -0.126465 -0.013835 0.020220 0.018092 35.700001 -45.299999 54.900002
0.014648 0.973877 -0.115234 -0.015963 0.020220 0.018092 35.400002 -48.000000 54.599998
0.014648 0.972168 -0.112793 -0.011706 0.022349 0.014899 33.299999 -47.099998 54.900002
0.013672 0.971680 -0.114014 -0.014899 0.019156 0.015963 34.799999 -47.400002 54.000000
0.013184 0.974365 -0.110596 -0.014899 0.020220 0.020220 34.200001 -46.799999 54.000000
0.010498 0.976318 -0.122559 -0.013835 0.021284 0.019156 35.099998 -47.099998 55.500000
0.013916 0.972900 -0.117676 -0.012771 0.020220 0.019156 34.799999 -46.799999 54.599998
0.013428 0.973389 -0.115723 -0.014899 0.021284 0.015963 34.200001 -48.000000 54.000000
0.013428 0.981934 -0.115234 -0.013835 0.021284 0.014899 34.799999 -45.599998 55.200001
0.008545 0.979248 -0.117188 -0.014899 0.022349 0.015963 34.799999 -46.799999 54.000000
0.006592 0.971191 -0.113770 -0.017028 0.021284 0.020220 34.799999 -45.599998 53.400002
0.011475 0.974854 -0.123291 -0.011706 0.020220 0.018092 33.000000 -46.200001 54.599998
0.015869 0.974365 -0.122070 -0.013835 0.020220 0.017028 34.799999 -48.599998 55.200001
0.012451 0.975098 -0.125488 -0.014899 0.021284 0.022349 33.599998 -44.400002 54.599998
0.010498 0.972900 -0.113525 -0.010642 0.022349 0.018092 35.700001 -47.099998 53.700001
0.017578 0.968750 -0.115723 -0.012771 0.021284 0.014899 34.500000 -47.099998 53.700001
0.007324 0.972412 -0.118164 -0.012771 0.018092 0.018092 34.500000 -48.299999 55.500000
0.014160 0.974365 -0.122070 -0.011706 0.015963 0.018092 32.400002 -48.000000 54.599998
0.012207 0.978760 -0.119629 -0.015963 0.019156 0.019156 33.900002 -47.099998 53.099998
0.013184 0.975098 -0.117676 -0.011706 0.024477 0.021284 33.900002 -47.099998 54.299999
0.018799 0.970947 -0.121338 -0.012771 0.018092 0.018092 34.500000 -47.099998 53.700001
0.014648 0.978516 -0.123535 -0.015963 0.019156 0.017028 34.799999 -47.400002 55.200001
0.013428 0.982910 -0.118652 -0.014899 0.018092 0.020220 34.500000 -47.700001 54.299999
0.009766 0.978760 -0.115967 -0.011706 0.020220 0.019156 34.500000 -45.900002 54.900002
0.011475 0.967285 -0.112305 -0.015963 0.017028 0.017028 36.599998 -46.200001 54.000000
0.014404 0.987061 -0.123291 -0.017028 0.020220 0.020220 36.299999 -45.299999 56.099998
0.018311 0.979492 -0.122559 -0.015963 0.018092 0.018092 36.000000 -46.799999 54.599998
0.012207 0.961914 -0.114502 -0.012771 0.019156 0.020220 35.099998 -47.099998 53.099998
0.011963 0.980469 -0.109863 -0.014899 0.021284 0.017028 33.900002 -46.500000 55.500000
0.014893 0.978271 -0.115967 -0.012771 0.019156 0.014899 33.599998 -46.799999 54.000000
0.012451 0.982910 -0.120117 -0.015963 0.020220 0.015963 34.500000 -47.099998 54.900002
0.019531 0.974854 -0.117432 -0.019156 0.019156 0.015963 33.299999 -46.500000 55.500000
0.011230 0.971680 -0.116455 -0.012771 0.023413 0.015963 35.400002 -46.200001 53.400002
0.013672 0.977051 -0.123535 -0.014899 0.021284 0.015963 34.500000 -45.299999 54.299999
0.010010 0.973145 -0.125977 -0.013835 0.023413 0.018092 35.400002 -45.000000 52.799999
0.015137 0.979248 -0.116211 -0.018092 0.021284 0.017028 35.099998 -47.099998 54.299999
0.015137 0.971436 -0.122803 -0.015963 0.019156 0.019156 33.900002 -46.500000 54.299999
0.014404 0.976074 -0.117920 -0.012771 0.022349 0.018092 33.000000 -46.200001 54.000000
0.014893 0.978516 -0.123291 -0.013835 0.019156 0.019156 35.700001 -46.500000 54.900002
0.013672 0.980225 -0.129150 -0.012771 0.019156 0.018092 33.900002 -47.700001 54.299999
0.007568 0.982910 -0.120605 -0.013835 0.019156 0.020220 34.799999 -46.799999 54.000000
0.006348 0.974121 -0.121582 -0.013835 0.019156 0.019156 33.000000 -47.400002 54.000000
0.011719 0.977295 -0.117920 -0.014899 0.022349 0.018092 34.500000 -47.700001 56.700001
0.016357 0.980713 -0.113281 -0.017028 0.018092 0.017028 35.099998 -45.900002 54.900002
0.013916 0.980957 -0.106934 -0.011706 0.022349 0.015963 35.700001 -47.099998 55.500000
0.015137 0.975830 -0.128906 -0.013835 0.022349 0.018092 35.099998 -47.099998 54.299999
0.010498 0.979004 -0.118408 -0.012771 0.021284 0.014899 34.500000 -44.700001 54.900002
0.016846 0.975586 -0.117432 -0.012771 0.019156 0.019156 33.000000 -46.799999 54.599998
0.011475 0.970703 -0.119629 -0.015963 0.019156 0.019156 34.799999 -45.599998 54.599998
0.013672 0.984619 -0.121338 -0.015963 0.018092 0.018092 35.700001 -45.900002 54.299999
0.013428 0.977539 -0.109375 -0.013835 0.021284 0.018092 36.000000 -46.799999 54.599998
0.017334 0.974365 -0.126709 -0.013835 0.021284 0.020220 33.900002 -46.500000 53.700001
0.013428 0.977295 -0.113281 -0.011706 0.020220 0.013835 35.099998 -45.299999 54.900002
0.012207 0.978027 -0.122070 -0.013835 0.019156 0.017028 34.200001 -48.000000 53.400002
0.013184 0.978271 -0.118896 -0.014899 0.020220 0.017028 34.799999 -47.400002 54.000000
0.013916 0.974609 -0.117676 -0.014899 0.021284 0.019156 34.200001 -46.200001 54.599998
0.012695 0.974609 -0.112793 -0.015963 0.021284 0.018092 34.500000 -45.900002 54.900002
0.012207 0.979736 -0.125488 -0.011706 0.015963 0.019156 34.200001 -46.200001 54.000000
0.016602 0.972656 -0.125000 -0.012771 0.024477 0.018092 35.099998 -47.099998 54.900002
0.017822 0.973145 -0.114990 -0.011706 0.020220 0.017028 35.099998 -46.500000 52.500000
0.011963 0.981689 -0.117676 -0.014899 0.020220 0.018092 34.200001 -47.400002 55.799999
0.011963 0.978027 -0.119873 -0.017028 0.023413 0.018092 33.599998 -46.200001 52.799999
0.015381 0.974854 -0.114990 -0.011706 0.020220 0.017028 35.099998 -46.500000 54.900002
0.020996 0.977783 -0.124512 -0.013835 0.021284 0.015963 34.200001 -46.799999 55.799999
0.009766 0.970703 -0.124268 -0.013835 0.021284 0.017028 34.200001 -45.599998 54.000000
0.015137 0.980713 -0.114258 -0.013835 0.020220 0.019156 36.599998 -47.400002 55.799999
0.012207 0.972412 -0.114990 -0.017028 0.021284 0.019156 36.000000 -46.200001 54.000000
0.013428 0.975342 -0.113770 -0.012771 0.020220 0.018092 34.799999 -47.400002 54.599998
0.017578 0.976074 -0.125244 -0.014899 0.019156 0.017028 32.400002 -45.599998 55.200001
0.017090 0.973389 -0.113037 -0.012771 0.018092 0.019156 35.400002 -46.200001 55.200001
0.010986 0.978760 -0.120850 -0.010642 0.019156 0.019156 34.200001 -46.200001 54.599998
0.012939 0.975342 -0.117188 -0.015963 0.020220 0.018092 35.700001 -46.500000 54.299999
0.015869 0.976074 -0.123291 -0.014899 0.018092 0.015963 35.400002 -45.599998 54.000000
0.015625 0.975586 -0.117188 -0.014899 0.021284 0.019156 33.900002 -47.700001 54.900002
0.013184 0.975586 -0.119141 -0.014899 0.018092 0.018092 33.599998 -47.400002 54.000000
0.014160 0.979248 -0.116211 -0.011706 0.023413 0.015963 35.400002 -46.799999 55.200001
0.013672 0.972412 -0.115967 -0.011706 0.018092 0.018092 35.700001 -47.099998 55.500000
0.011963 0.975342 -0.112061 -0.011706 0.021284 0.019156 34.500000 -45.299999 54.299999
0.014404 0.978516 -0.117188 -0.015963 0.020220 0.018092 34.500000 -47.700001 53.099998
0.012207 0.977051 -0.126465 -0.015963 0.020220 0.018092 34.200001 -47.400002 54.599998
0.018555 0.973633 -0.119629 -0.011706 0.022349 0.018092 36.000000 -45.599998 54.599998
