-0.024414 -0.007812 -0.985107 -0.014899 0.021284 0.023413 21.299999 -18.299999 71.699997
-0.030762 -0.012695 -0.968262 -0.014899 0.023413 0.015963 21.900000 -18.299999 72.300003
-0.026123 -0.007568 -0.986328 -0.015963 0.023413 0.020220 21.000000 -18.600000 74.400002
-0.031250 -0.008301 -0.974365 -0.012771 0.022349 0.017028 20.700001 -19.500000 71.099998
-0.030273 -0.010254 -0.985840 -0.011706 0.025541 0.021284 21.900000 -19.500000 71.099998
-0.025635 -0.005859 -0.979248 -0.012771 0.023413 0.018092 21.900000 -19.500000 72.300003
-0.025146 -0.005859 -0.980957 -0.014899 0.025541 0.015963 21.900000 -19.500000 72.900002
-0.026123 -0.008301 -0.979248 -0.012771 0.025541 0.019156 22.200001 -18.600000 72.599998
-0.024658 -0.012451 -0.975098 -0.012771 0.024477 0.020220 22.200001 -19.200001 72.599998
-0.024658 -0.014160 -0.971924 -0.013835 0.022349 0.018092 21.299999 -18.900000 72.300003
-0.023682 -0.012695 -0.967529 -0.011706 0.022349 0.018092 22.200001 -18.600000 72.000000
-0.027832 -0.011230 -0.979004 -0.011706 0.026606 0.019156 20.700001 -18.900000 70.500000
-0.022949 -0.014648 -0.981201 -0.017028 0.022349 0.017028 22.500000 -18.299999 72.300003
-0.030029 -0.010742 -0.983887 -0.014899 0.025541 0.018092 21.000000 -17.400000 70.800003
-0.031494 -0.015381 -0.987305 -0.010642 0.023413 0.019156 21.900000 -18.900000 71.099998
-0.028809 -0.006592 -0.976318 -0.017028 0.022349 0.020220 21.000000 -18.000000 72.000000
-0.021484 -0.008057 -0.980469 -0.014899 0.025541 0.019156 20.400000 -19.799999 70.800003
-0.024170 -0.012207 -0.977295 -0.013835 0.020220 0.015963 21.299999 -17.700001 71.099998
-0.025635 -0.013184 -0.981934 -0.013835 0.022349 0.018092 21.600000 -18.600000 72.599998
-0.025635 -0.013672 -0.975830 -0.015963 0.024477 0.022349 23.100000 -18.299999 71.699997
-0.023682 -0.005371 -0.988525 -0.011706 0.023413 0.014899 20.700001 -16.500000 71.099998
-0.024414 -0.013428 -0.972656 -0.010642 0.024477 0.018092 21.299999 -18.900000 71.699997
-0.022217 -0.010254 -0.973145 -0.012771 0.020220 0.021284 22.200001 -19.200001 72.599998
-0.021729 -0.009277 -0.986572 -0.013835 0.019156 0.020220 21.900000 -18.900000 71.699997
-0.026123 -0.011719 -0.979980 -0.013835 0.021284 0.020220 21.000000 -18.600000 72.599998
-0.026611 -0.010254 -0.978027 -0.014899 0.022349 0.017028 20.100000 -18.299999 71.699997
-0.021729 -0.011963 -0.974121 -0.013835 0.022349 0.021284 22.500000 -20.100000 70.500000
-0.025879 -0.009033 -0.969971 -0.014899 0.023413 0.020220 21.600000 -18.000000 71.400002
-0.026367 -0.014404 -0.981689 -0.013835 0.021284 0.018092 20.400000 -19.200001 72.599998
-0.023682 -0.008789 -0.973633 -0.012771 0.022349 0.017028 21.900000 -18.900000 72.300003
-0.024658 -0.016113 -0.977295 -0.013835 0.023413 0.020220 21.600000 -18.600000 72.000000
-0.022461 -0.001465 -0.982422 -0.012771 0.022349 0.019156 21.900000 -17.100000 72.900002
-0.024658 -0.010254 -0.977295 -0.015963 0.021284 0.020220 22.500000 -18.900000 72.300003
-0.028076 -0.014160 -0.983398 -0.014899 0.023413 0.020220 21.299999 -17.700001 72.900002
-0.025879 -0.006592 -0.980225 -0.013835 0.022349 0.022349 21.600000 -18.600000 72.599998
-0.025635 -0.008057 -0.977539 -0.011706 0.025541 0.019156 21.600000 -19.799999 72.000000
-0.025879 -0.004395 -0.987549 -0.017028 0.023413 0.019156 20.700001 -19.500000 73.500000
-0.025391 -0.013916 -0.980225 -0.012771 0.023413 0.020220 20.700001 -19.500000 71.699997
-0.025146 -0.010742 -0.974854 -0.013835 0.025541 0.018092 21.299999 -20.700001 71.699997
-0.029785 -0.008789 -0.973633 -0.010642 0.028734 0.017028 21.000000 -18.000000 72.000000
-0.028076 -0.008545 -0.979492 -0.009578 0.025541 0.017028 21.000000 -18.600000 70.199997
-0.026611 -0.011719 -0.978760 -0.008514 0.026606 0.018092 21.600000 -18.600000 72.000000
-0.024902 -0.005859 -0.982910 -0.008514 0.025541 0.018092 22.500000 -19.500000 71.099998
-0.025146 -0.014648 -0.984375 -0.009578 0.028734 0.019156 21.600000 -19.200001 73.199997
-0.025879 -0.006592 -0.976074 -0.008514 0.026606 0.018092 21.000000 -18.600000 72.000000
-0.025635 -0.010254 -0.978271 -0.012771 0.030863 0.019156 22.200001 -19.799999 70.199997
-0.020264 -0.014893 -0.978271 -0.010642 0.025541 0.017028 20.700001 -20.100000 72.900002
-0.019043 -0.009277 -0.973877 -0.009578 0.028734 0.020220 20.100000 -18.299999 73.500000
-0.022949 -0.010742 -0.979492 -0.013835 0.024477 0.022349 21.900000 -17.700001 71.699997
-0.016846 -0.012451 -0.975830 -0.009578 0.020220 0.018092 22.799999 -19.200001 71.400002
0.149414 -0.013672 -1.058838 -0.024477 -0.035119 -0.005321 21.299999 -19.500000 72.300003
0.124023 0.035156 -0.950195 -0.010642 0.040441 -0.034055 21.900000 -18.299999 71.699997
0.205566 -0.004150 -0.976562 -0.017028 0.012771 -0.009578 22.799999 -18.600000 70.800003
0.220459 -0.016602 -1.005127 -0.021284 0.028734 0.029798 20.700001 -18.900000 71.699997
0.259033 -0.009277 -0.982910 -0.022349 0.024477 0.070239 21.000000 -18.600000 72.000000
0.276611 0.021729 -0.984619 -0.020220 0.019156 0.034055 20.400000 -18.600000 71.400002
0.259521 -0.047852 -0.989014 -0.012771 0.032991 0.080881 21.600000 -18.000000 69.599998
0.246338 -0.049561 -0.968262 -0.005321 0.032991 0.106422 21.000000 -17.400000 71.400002
0.189453 -0.042725 -0.973145 0.004257 0.026606 0.150056 22.500000 -18.299999 69.300003
0.162598 -0.049072 -0.993896 -0.006385 0.044697 0.229872 21.900000 -15.300000 70.500000
0.113525 -0.067871 -0.987793 -0.009578 0.024477 0.307561 24.600000 -16.200001 69.599998
0.090820 0.023193 -0.942627 -0.020220 0.029798 0.300111 24.299999 -15.900000 69.900002
-0.035889 0.006348 -0.963379 -0.029798 0.032991 0.301175 25.799999 -15.000000 68.400002
-0.045166 0.013672 -0.960205 -0.012771 0.012771 0.299047 24.600000 -15.000000 69.599998
-0.104492 0.053955 -0.974365 0.015963 0.045762 0.223487 24.600000 -15.600000 70.199997
-0.205322 0.095215 -0.937988 0.006385 0.034055 0.146863 25.799999 -13.800000 70.199997
-0.176270 0.081787 -0.978271 -0.006385 0.031927 -0.032991 26.700001 -14.700000 70.500000
-0.267822 0.006836 -0.984375 -0.021284 0.035119 -0.100037 27.299999 -15.300000 71.699997
-0.317383 -0.009033 -0.988281 -0.017028 0.005321 -0.141542 27.299999 -13.500000 71.699997
-0.360596 0.016113 -0.943604 -0.017028 0.029798 -0.124514 27.600000 -13.800000 72.000000
-0.360596 -0.039795 -0.966553 -0.022349 0.014899 -0.070239 27.299999 -14.100000 71.099998
-0.365479 -0.000488 -0.976562 -0.014899 0.021284 -0.061725 27.000000 -14.400000 70.199997
-0.296143 0.010742 -0.961182 -0.011706 0.031927 -0.080881 27.299999 -12.300000 71.699997
-0.241455 -0.012207 -0.980713 -0.004257 0.042569 -0.032991 27.900000 -14.100000 72.300003
0.013916 -0.040527 -0.998535 -0.014899 0.006385 0.022349 28.799999 -15.600000 72.000000
-0.029297 0.005371 -0.983887 -0.011706 0.029798 0.028734 26.700001 -13.500000 71.699997
-0.015625 0.008545 -0.978516 -0.013835 0.025541 0.020220 27.900000 -12.300000 71.699997
-0.019043 -0.029053 -0.979980 -0.014899 0.019156 0.010642 28.200001 -13.800000 72.000000
-0.030762 -0.025635 -0.980957 -0.014899 0.021284 0.011706 27.900000 -13.500000 72.900002
-0.034180 -0.017334 -0.977539 -0.013835 0.025541 0.018092 27.600000 -12.600000 72.000000
-0.018311 -0.001953 -0.984619 -0.014899 0.024477 0.024477 29.700001 -12.900000 74.099998
-0.022705 0.004150 -0.976318 -0.014899 0.023413 0.026606 27.600000 -12.600000 72.000000
-0.022217 -0.007324 -0.979492 -0.018092 0.020220 0.018092 27.000000 -13.800000 72.000000
-0.021484 -0.015869 -0.976318 -0.020220 0.022349 0.015963 28.200001 -13.200000 73.199997
-0.017822 -0.012207 -0.980225 -0.013835 0.022349 0.019156 27.000000 -15.000000 72.599998
-0.015869 -0.010010 -0.994873 -0.014899 0.020220 0.019156 27.900000 -13.500000 72.300003
-0.026855 -0.005371 -0.977051 -0.015963 0.020220 0.020220 27.000000 -14.400000 72.000000
-0.026123 -0.014160 -0.973633 -0.017028 0.021284 0.019156 28.200001 -12.600000 70.800003
-0.022949 -0.014160 -0.971436 -0.011706 0.021284 0.013835 27.900000 -12.900000 72.300003
-0.022949 -0.020264 -0.989502 -0.015963 0.022349 0.019156 28.500000 -12.900000 72.900002
-0.027100 -0.013672 -0.983154 -0.014899 0.022349 0.022349 28.799999 -13.200000 72.000000
-0.024170 -0.001221 -0.984375 -0.017028 0.024477 0.017028 27.900000 -12.300000 71.699997
-0.020508 -0.015625 -0.981934 -0.017028 0.026606 0.014899 26.400000 -12.600000 72.000000
-0.024170 -0.016113 -0.977783 -0.017028 0.023413 0.017028 27.000000 -13.800000 72.000000
-0.021973 -0.014893 -0.979980 -0.017028 0.023413 0.018092 29.100000 -11.700000 72.300003
-0.024170 -0.012695 -0.982666 -0.014899 0.023413 0.019156 28.200001 -13.200000 70.800003
-0.019287 -0.013428 -0.978516 -0.015963 0.023413 0.019156 28.500000 -12.300000 72.900002
-0.025391 -0.012451 -0.975098 -0.015963 0.024477 0.019156 29.400000 -13.800000 72.000000
-0.024658 -0.007080 -0.976807 -0.017028 0.021284 0.020220 27.000000 -13.200000 71.400002
-0.023926 -0.001709 -0.981689 -0.012771 0.024477 0.017028 27.600000 -13.200000 72.000000
-0.027588 -0.004883 -0.979004 -0.012771 0.024477 0.022349 26.400000 -11.400000 71.400002
-0.022949 -0.018311 -0.977783 -0.012771 0.025541 0.017028 28.799999 -14.400000 70.800003
-0.015869 -0.010254 -0.979004 -0.010642 0.023413 0.019156 28.500000 -12.900000 71.699997
-0.020752 -0.003906 -0.980469 -0.012771 0.020220 0.017028 27.299999 -14.700000 71.099998
-0.021729 -0.006836 -0.969482 -0.012771 0.024477 0.019156 27.600000 -14.400000 71.400002
-0.019287 -0.012939 -0.986328 -0.012771 0.023413 0.019156 27.600000 -13.800000 72.000000
-0.028809 -0.010498 -0.980225 -0.014899 0.023413 0.015963 28.500000 -12.900000 71.699997
-0.020508 -0.004639 -0.980225 -0.010642 0.025541 0.020220 28.200001 -15.600000 73.199997
-0.023682 -0.003418 -0.972900 -0.010642 0.025541 0.017028 28.799999 -14.400000 72.000000
-0.022705 -0.011719 -0.983643 -0.007450 0.026606 0.018092 27.900000 -12.300000 71.699997
-0.026367 -0.011230 -0.977051 -0.014899 0.022349 0.021284 27.000000 -14.400000 72.599998
-0.025391 -0.006104 -0.984375 -0.011706 0.026606 0.019156 28.200001 -12.600000 73.199997
-0.017090 -0.012939 -0.980469 -0.011706 0.024477 0.020220 27.900000 -13.500000 72.900002
-0.020264 -0.017090 -0.989502 -0.015963 0.022349 0.021284 26.100000 -12.900000 74.099998
-0.023926 -0.008301 -0.978760 -0.018092 0.022349 0.018092 28.799999 -12.000000 73.199997
-0.022217 -0.007080 -0.975830 -0.011706 0.022349 0.017028 27.600000 -13.200000 72.000000
-0.021729 -0.009521 -0.979736 -0.011706 0.025541 0.015963 28.500000 -13.500000 72.300003
-0.025635 -0.008301 -0.970703 -0.012771 0.026606 0.019156 28.200001 -13.800000 70.800003
-0.026123 -0.007568 -0.971436 -0.013835 0.026606 0.017028 27.900000 -12.900000 72.300003
-0.024658 -0.010742 -0.977295 -0.014899 0.022349 0.019156 27.000000 -13.800000 72.599998
-0.025146 -0.011719 -0.976074 -0.012771 0.025541 0.018092 27.600000 -14.400000 72.000000
-0.024414 -0.011719 -0.973877 -0.015963 0.025541 0.021284 27.900000 -12.300000 72.300003
-0.021973 -0.009521 -0.975586 -0.014899 0.024477 0.021284 27.600000 -12.600000 71.400002
-0.023926 -0.002686 -0.983154 -0.010642 0.023413 0.015963 26.400000 -12.600000 73.800003
-0.030273 -0.014160 -0.972412 -0.011706 0.025541 0.021284 28.200001 -13.200000 74.400002
-0.024414 -0.016357 -0.969727 -0.009578 0.023413 0.021284 28.200001 -12.600000 72.000000
-0.021973 -0.010498 -0.990967 -0.012771 0.023413 0.019156 27.900000 -14.100000 70.500000
-0.027344 -0.010498 -0.977295 -0.009578 0.025541 0.017028 27.900000 -12.900000 70.500000
-0.018066 -0.014160 -0.971191 -0.013835 0.027670 0.015963 27.000000 -13.800000 72.000000
-0.019775 -0.015869 -0.975098 -0.012771 0.022349 0.019156 28.500000 -14.100000 72.900002
-0.026123 -0.010742 -0.980225 -0.012771 0.024477 0.018092 26.400000 -12.600000 73.199997
-0.024414 -0.015137 -0.972412 -0.014899 0.026606 0.017028 26.700001 -12.900000 71.699997
-0.022949 -0.009766 -0.981201 -0.013835 0.023413 0.018092 29.700001 -12.900000 71.699997
-0.022461 -0.008301 -0.974121 -0.015963 0.022349 0.018092 27.600000 -13.200000 73.199997
-0.021240 -0.016113 -0.979492 -0.013835 0.026606 0.018092 27.299999 -13.500000 71.699997
-0.022461 -0.010498 -0.971436 -0.013835 0.025541 0.020220 27.900000 -14.100000 73.500000
-0.022217 -0.014404 -0.980225 -0.012771 0.022349 0.019156 28.799999 -13.800000 72.000000
-0.018799 -0.005859 -0.977295 -0.014899 0.026606 0.021284 28.200001 -15.000000 72.599998
-0.016846 -0.009521 -0.977783 -0.015963 0.022349 0.020220 26.400000 -12.600000 72.000000
-0.015625 -0.012695 -0.966064 -0.010642 0.025541 0.018092 27.299999 -13.500000 73.500000
-0.020996 -0.005859 -0.985596 -0.013835 0.023413 0.018092 28.200001 -13.200000 71.400002
-0.027344 -0.010254 -0.974854 -0.014899 0.027670 0.018092 27.000000 -12.000000 72.599998
-0.018311 -0.010742 -0.973877 -0.013835 0.023413 0.020220 28.200001 -13.800000 70.199997
-0.021240 -0.010742 -0.984863 -0.010642 0.023413 0.018092 27.600000 -12.000000 74.400002
-0.020996 -0.010254 -0.980713 -0.012771 0.024477 0.018092 27.000000 -13.200000 72.000000
-0.027100 -0.008057 -0.976562 -0.015963 0.024477 0.022349 29.400000 -13.200000 73.199997
-0.021729 -0.007812 -0.968262 -0.011706 0.020220 0.020220 28.500000 -12.300000 72.300003
-0.028076 0.000000 -0.974854 -0.012771 0.024477 0.018092 28.500000 -13.500000 71.699997
-0.023926 -0.009033 -0.975342 -0.012771 0.026606 0.018092 28.200001 -13.200000 72.599998
-0.026611 -0.012695 -0.986572 -0.018092 0.021284 0.022349 27.600000 -13.800000 72.599998
-0.024170 -0.008301 -0.972656 -0.011706 0.023413 0.020220 27.000000 -13.200000 72.599998
-0.021729 -0.006836 -0.971680 -0.012771 0.020220 0.017028 27.299999 -12.900000 72.300003
-0.021973 -0.005615 -0.978027 -0.012771 0.026606 0.019156 25.799999 -13.200000 71.400002
-0.026367 -0.008789 -0.978516 -0.013835 0.025541 0.018092 28.500000 -13.500000 71.699997
-0.025146 -0.011719 -0.971436 -0.011706 0.021284 0.015963 27.900000 -12.900000 71.099998
-0.029297 -0.011230 -0.984131 -0.013835 0.024477 0.020220 27.900000 -14.700000 72.900002
-0.023926 -0.007080 -0.974609 -0.012771 0.022349 0.018092 27.600000 -13.200000 72.599998
-0.023926 -0.015869 -0.980713 -0.010642 0.024477 0.019156 28.200001 -13.200000 71.400002
-0.021484 -0.010986 -0.985107 -0.012771 0.025541 0.015963 27.900000 -14.100000 72.300003
-0.021973 -0.005859 -0.969482 -0.014899 0.021284 0.021284 27.299999 -14.700000 70.500000
-0.028320 -0.013428 -0.975586 -0.011706 0.023413 0.020220 27.299999 -13.500000 69.900002
-0.028564 -0.015137 -0.983398 -0.017028 0.023413 0.015963 27.600000 -13.200000 72.000000
-0.020752 -0.016357 -0.980713 -0.013835 0.024477 0.019156 27.600000 -13.800000 72.599998
-0.021484 -0.012695 -0.981934 -0.013835 0.023413 0.019156 27.900000 -12.300000 73.500000
-0.018066 -0.013428 -0.985596 -0.011706 0.023413 0.015963 28.500000 -14.100000 73.500000
-0.021484 -0.013428 -0.981934 -0.015963 0.022349 0.017028 27.600000 -12.600000 72.000000
-0.024170 -0.006836 -0.985107 -0.010642 0.025541 0.019156 27.600000 -14.400000 72.000000
-0.023926 -0.014160 -0.967285 -0.012771 0.026606 0.018092 27.900000 -14.100000 71.699997
-0.020996 -0.006836 -0.977539 -0.013835 0.023413 0.021284 27.000000 -13.200000 72.599998
-0.022949 -0.008789 -0.985840 -0.015963 0.024477 0.020220 29.400000 -13.800000 72.599998
-0.030273 -0.006104 -0.986816 -0.012771 0.027670 0.021284 26.400000 -12.600000 72.000000
-0.026367 -0.012939 -0.974121 -0.009578 0.028734 0.015963 27.900000 -11.700000 73.500000
-0.019531 -0.011719 -0.971680 -0.014899 0.023413 0.015963 27.000000 -13.800000 71.400002
-0.022217 -0.012695 -0.978027 -0.022349 -0.083009 0.070239 29.100000 -12.900000 71.699997
-0.151855 -0.065918 -1.034668 -0.004257 -0.023413 0.158569 28.799999 -13.800000 72.000000
-0.273438 -0.023193 -0.937988 -0.023413 0.050019 0.318203 27.000000 -15.000000 71.400002
-0.404785 0.140625 -1.028564 -0.027670 0.024477 -0.113872 27.900000 -14.100000 73.500000
-0.128418 0.115723 -1.046143 -0.021284 -0.079817 -0.371414 28.500000 -14.700000 72.300003
-0.323730 -0.062256 -1.039795 -0.028734 0.023413 -0.311818 27.900000 -12.300000 71.699997
-0.297119 0.001709 -0.974609 -0.002128 0.008514 -0.240515 28.200001 -12.000000 70.199997
-0.423584 -0.015381 -0.974854 -0.038312 0.065982 -0.628957 25.799999 -13.200000 70.800003
-0.279785 -0.024414 -0.998047 -0.023413 0.041505 -0.588516 26.400000 -12.000000 70.199997
-0.146240 0.046875 -0.978760 -0.020220 0.006385 -0.475708 28.500000 -12.300000 70.500000
-0.192139 -0.080322 -0.967285 -0.058532 0.005321 -0.163891 26.400000 -12.600000 70.199997
-0.051514 0.076172 -0.906982 -0.007450 0.002128 -0.257542 26.700001 -14.100000 69.900002
-0.090332 0.036865 -0.968750 0.001064 0.006385 -0.404405 23.700001 -14.100000 70.500000
-0.138916 -0.018799 -1.010986 -0.018092 -0.009578 -0.545947 24.600000 -14.400000 69.000000
-0.038086 -0.055664 -1.009033 -0.025541 -0.019156 -0.514020 26.400000 -12.600000 71.400002
0.025879 -0.020264 -0.975586 -0.034055 0.045762 -0.567232 23.700001 -13.500000 69.900002
0.171631 -0.029541 -0.995850 -0.029798 0.007450 -0.431011 24.000000 -13.200000 69.000000
0.164551 -0.139893 -1.012207 -0.018092 0.014899 -0.055340 22.500000 -14.700000 69.900002
0.265625 -0.041992 -0.967529 -0.001064 0.086202 0.150056 23.400000 -13.800000 71.400002
0.325928 -0.006348 -1.046143 -0.017028 0.032991 0.201138 23.100000 -15.900000 72.900002
0.320068 0.004150 -0.961670 -0.029798 0.027670 0.292662 24.600000 -16.200001 72.000000
0.339355 0.033691 -0.977051 -0.001064 0.029798 0.344809 22.799999 -17.400000 73.199997
0.313477 0.033203 -0.988281 -0.005321 -0.015963 0.356515 24.900000 -15.900000 72.900002
0.223877 0.035156 -0.977783 -0.007450 0.012771 0.322460 23.100000 -17.100000 72.900002
0.140625 0.065430 -0.952148 -0.014899 0.007450 0.192625 23.400000 -16.799999 71.400002
0.048828 0.064941 -0.976562 -0.009578 0.009578 0.029798 23.700001 -17.100000 72.900002
-0.037598 0.008057 -0.970947 -0.007450 0.021284 0.021284 23.700001 -16.500000 73.500000
-0.036865 -0.010254 -0.973877 -0.014899 0.022349 0.023413 23.700001 -18.900000 71.699997
-0.031006 -0.004395 -0.972900 -0.015963 0.023413 0.018092 24.000000 -18.000000 72.599998
-0.019775 -0.013428 -0.974854 -0.013835 0.025541 0.014899 23.100000 -16.500000 71.099998
-0.027344 -0.014893 -0.982422 -0.013835 0.019156 0.021284 24.299999 -18.299999 72.300003
-0.034180 -0.016602 -0.977539 -0.018092 0.021284 0.022349 21.299999 -15.900000 71.699997
-0.027100 -0.005371 -0.972412 -0.014899 0.023413 0.013835 22.500000 -17.700001 72.900002
-0.024902 -0.005615 -0.988525 -0.014899 0.022349 0.018092 23.100000 -17.100000 72.300003
-0.019775 -0.012695 -0.976074 -0.014899 0.020220 0.014899 21.299999 -17.700001 72.900002
-0.031494 -0.014893 -0.981445 -0.019156 0.019156 0.018092 23.400000 -18.000000 72.599998
-0.037109 -0.028076 -0.993164 -0.021284 0.018092 0.018092 24.900000 -17.100000 72.300003
-0.024902 0.001465 -0.975586 -0.015963 0.013835 0.019156 24.000000 -16.799999 73.199997
-0.017822 -0.006836 -0.979980 -0.019156 0.014899 0.018092 22.799999 -17.400000 72.599998
-0.023193 -0.007080 -0.979004 -0.020220 0.023413 0.018092 23.100000 -16.500000 72.300003
-0.031982 -0.023926 -0.973389 -0.013835 0.019156 0.017028 23.700001 -17.100000 71.099998
-0.023926 -0.011963 -0.977295 -0.014899 0.024477 0.020220 24.299999 -17.100000 72.300003
-0.022217 -0.007324 -0.973389 -0.012771 0.022349 0.020220 23.400000 -17.400000 73.199997
-0.028076 -0.010742 -0.987305 -0.014899 0.021284 0.017028 22.500000 -16.500000 71.699997
-0.031738 -0.013428 -0.974121 -0.013835 0.022349 0.019156 24.000000 -16.799999 71.400002
-0.027588 -0.010010 -0.977783 -0.015963 0.023413 0.020220 22.500000 -18.900000 72.900002
-0.022705 -0.002441 -0.976074 -0.014899 0.021284 0.017028 24.600000 -17.400000 71.400002
-0.025146 -0.006104 -0.975830 -0.011706 0.023413 0.019156 24.000000 -17.400000 70.800003
-0.033936 -0.016357 -0.978027 -0.015963 0.023413 0.018092 24.000000 -18.000000 72.000000
-0.024658 -0.010742 -0.984863 -0.012771 0.024477 0.018092 23.700001 -17.100000 71.699997
-0.022461 -0.007568 -0.984131 -0.011706 0.023413 0.017028 21.900000 -17.100000 72.300003
-0.022949 -0.012451 -0.977539 -0.017028 0.024477 0.019156 22.799999 -16.799999 72.000000
-0.026855 -0.009521 -0.980713 -0.010642 0.024477 0.021284 23.100000 -17.700001 72.300003
-0.031982 -0.012939 -0.979248 -0.011706 0.025541 0.019156 24.000000 -16.799999 70.199997
-0.019043 -0.004883 -0.977783 -0.011706 0.022349 0.020220 23.400000 -18.000000 72.599998
-0.027832 -0.010742 -0.983398 -0.014899 0.021284 0.019156 22.799999 -17.400000 74.400002
-0.026611 -0.009766 -0.983643 -0.011706 0.022349 0.019156 22.200001 -16.799999 71.400002
-0.025391 -0.007324 -0.972900 -0.013835 0.024477 0.019156 24.299999 -16.500000 72.900002
-0.022949 -0.009277 -0.981445 -0.014899 0.021284 0.020220 23.100000 -14.700000 71.699997
-0.031250 -0.010254 -0.987305 -0.013835 0.023413 0.018092 24.299999 -17.100000 72.900002
-0.029297 -0.012207 -0.989014 -0.014899 0.024477 0.015963 23.700001 -16.500000 71.699997
-0.024414 -0.011719 -0.983643 -0.014899 0.024477 0.018092 23.400000 -18.600000 71.400002
-0.028320 -0.010010 -0.976318 -0.013835 0.022349 0.019156 24.000000 -18.000000 73.800003
-0.030518 -0.009521 -0.977539 -0.017028 0.023413 0.017028 21.900000 -18.299999 72.900002
-0.035645 -0.015137 -0.981689 -0.015963 0.023413 0.019156 24.000000 -18.600000 72.599998
-0.031738 -0.006592 -0.984375 -0.012771 0.024477 0.020220 23.400000 -15.600000 72.000000
-0.022217 -0.006592 -0.972412 -0.017028 0.023413 0.017028 24.299999 -16.500000 72.900002
-0.028564 -0.012207 -0.979980 -0.013835 0.021284 0.018092 24.000000 -16.799999 73.199997
-0.032227 -0.009766 -0.973389 -0.011706 0.018092 0.020220 24.000000 -17.400000 73.800003
-0.027832 -0.016602 -0.974365 -0.011706 0.023413 0.018092 23.700001 -17.700001 71.699997
-0.023438 -0.010986 -0.982178 -0.015963 0.026606 0.021284 22.799999 -16.799999 72.599998
-0.027344 -0.010498 -0.985107 -0.012771 0.026606 0.021284 21.600000 -16.799999 72.000000
-0.023438 -0.007080 -0.966309 -0.008514 0.021284 0.018092 23.400000 -16.200001 72.599998
-0.024658 -0.007568 -0.984863 -0.010642 0.022349 0.020220 23.100000 -17.700001 72.300003
-0.026855 -0.011475 -0.980469 -0.014899 0.023413 0.018092 23.100000 -17.700001 71.699997
-0.024170 -0.011719 -0.983887 -0.015963 0.026606 0.014899 23.400000 -17.400000 71.400002
-0.034180 -0.007568 -0.980469 -0.013835 0.025541 0.018092 23.700001 -16.500000 72.900002
-0.020508 -0.009033 -0.976318 -0.013835 0.022349 0.018092 23.700001 -16.500000 72.300003
-0.027344 -0.010498 -0.977783 -0.013835 0.022349 0.019156 23.100000 -18.299999 73.500000
-0.024658 -0.008545 -0.979004 -0.013835 0.021284 0.020220 23.100000 -16.500000 73.500000
-0.025879 -0.013428 -0.972412 -0.012771 0.025541 0.017028 24.000000 -16.799999 72.000000
-0.023193 -0.012207 -0.981689 -0.013835 0.025541 0.020220 24.900000 -16.500000 72.900002
-0.028564 -0.011963 -0.983887 -0.012771 0.023413 0.021284 24.299999 -16.500000 73.500000
-0.023682 -0.012451 -0.964600 -0.014899 0.022349 0.017028 23.100000 -17.700001 72.900002
-0.020996 -0.014893 -0.977295 -0.011706 0.023413 0.019156 23.700001 -15.900000 71.699997
-0.026367 -0.014160 -0.978271 -0.013835 0.022349 0.019156 23.700001 -16.500000 71.099998
-0.025879 -0.010254 -0.982666 -0.012771 0.025541 0.019156 22.500000 -17.700001 71.699997
-0.027344 -0.013428 -0.977539 -0.014899 0.022349 0.021284 23.700001 -18.299999 72.300003
-0.027100 -0.005371 -0.969971 -0.009578 0.024477 0.021284 23.700001 -17.100000 73.500000
-0.028564 -0.016357 -0.971924 -0.010642 0.023413 0.020220 23.400000 -17.400000 72.000000
-0.024902 -0.014160 -0.975830 -0.014899 0.023413 0.018092 24.299999 -16.500000 71.699997
-0.029541 -0.009277 -0.985107 -0.015963 0.025541 0.017028 25.799999 -16.200001 71.400002
-0.025635 -0.014404 -0.972900 -0.018092 0.023413 0.017028 23.100000 -16.500000 73.500000
-0.024170 -0.013184 -0.982178 -0.017028 0.022349 0.019156 23.100000 -17.100000 71.699997
-0.031738 -0.008057 -0.978271 -0.014899 0.025541 0.019156 22.799999 -17.400000 72.000000
-0.026367 -0.008789 -0.980469 -0.013835 0.024477 0.020220 24.000000 -16.799999 71.400002
-0.028320 -0.010742 -0.982910 -0.013835 0.024477 0.018092 21.900000 -17.700001 72.900002
-0.024902 -0.015625 -0.976562 -0.018092 0.024477 0.019156 22.799999 -18.600000 73.199997
-0.020020 -0.009766 -0.981445 -0.013835 0.022349 0.019156 23.400000 -17.400000 72.599998
-0.023682 -0.010742 -0.978271 -0.014899 0.022349 0.018092 23.100000 -17.100000 71.699997
-0.023926 -0.011475 -0.975830 -0.011706 0.024477 0.018092 23.100000 -17.100000 72.300003
-0.027344 -0.009277 -0.982910 -0.014899 0.025541 0.019156 23.700001 -17.700001 72.900002
-0.028564 -0.009033 -0.970947 -0.012771 0.022349 0.019156 24.000000 -16.799999 70.199997
-0.033936 -0.011475 -0.974121 -0.013835 0.022349 0.022349 23.700001 -17.700001 72.300003
-0.029297 -0.011719 -0.984131 -0.012771 0.022349 0.019156 22.799999 -18.000000 72.000000
-0.029053 -0.013672 -0.982178 -0.014899 0.022349 0.021284 24.000000 -18.000000 72.599998
-0.025879 -0.012207 -0.986572 -0.017028 0.024477 0.018092 24.000000 -15.600000 71.400002
-0.022705 -0.009521 -0.974365 -0.012771 0.023413 0.021284 23.100000 -17.700001 72.300003
-0.026123 -0.015137 -0.980225 -0.010642 0.023413 0.018092 23.400000 -17.400000 70.800003
-0.030273 -0.011475 -0.980225 -0.010642 0.023413 0.018092 23.400000 -18.600000 72.000000
-0.027344 -0.013672 -0.981934 -0.012771 0.024477 0.017028 22.200001 -17.400000 72.000000
-0.028809 -0.009033 -0.967285 -0.013835 0.022349 0.020220 22.799999 -17.400000 72.000000
-0.028320 -0.010254 -0.976318 -0.014899 0.025541 0.020220 24.299999 -19.500000 72.900002
-0.028809 -0.011230 -0.972412 -0.013835 0.022349 0.019156 23.400000 -18.000000 70.199997
-0.030762 -0.009033 -0.969727 -0.012771 0.024477 0.019156 24.900000 -17.700001 72.300003
-0.026123 -0.014648 -0.982910 -0.010642 0.022349 0.019156 24.299999 -18.900000 72.300003
-0.021729 -0.013672 -0.971191 -0.013835 0.021284 0.017028 22.799999 -17.400000 72.599998
-0.033936 -0.015869 -0.978760 -0.015963 0.023413 0.017028 21.900000 -17.700001 72.900002
-0.022217 -0.012451 -0.981689 -0.014899 0.022349 0.024477 23.400000 -18.000000 73.199997
-0.028809 -0.008545 -0.978271 -0.015963 0.023413 0.018092 24.900000 -15.900000 72.300003
-0.019775 -0.002686 -0.975586 -0.013835 0.025541 0.018092 22.799999 -16.799999 72.000000
-0.023682 -0.013672 -0.987549 -0.013835 0.022349 0.018092 24.600000 -16.799999 70.800003
-0.026123 -0.010254 -0.983643 -0.014899 0.024477 0.021284 23.100000 -18.299999 71.699997
-0.029541 -0.004883 -0.979004 -0.010642 0.023413 0.020220 23.400000 -17.400000 72.000000
-0.019775 -0.008057 -0.986084 -0.011706 0.024477 0.018092 24.000000 -17.400000 72.000000
-0.026611 -0.014160 -0.967773 -0.014899 0.023413 0.020220 22.500000 -17.700001 71.699997
-0.034668 -0.011719 -0.978516 -0.010642 0.024477 0.019156 22.799999 -18.000000 72.000000
