0.016357 0.009033 1.028320 -0.011706 0.024477 0.020220 33.299999 3.900000 -4.500000
0.019043 0.005615 1.032227 -0.014899 0.013835 0.020220 33.900002 3.300000 -2.700000
0.013672 0.009766 1.017090 -0.021284 0.007450 0.018092 34.500000 5.100000 -3.900000
0.017334 0.003906 1.041016 -0.013835 0.021284 0.019156 35.400002 4.800000 -4.200000
0.016113 0.015625 1.028564 -0.014899 0.019156 0.019156 34.500000 2.700000 -5.100000
0.016113 0.005615 1.014160 -0.019156 0.015963 0.020220 33.000000 3.000000 -3.000000
0.008789 0.009033 1.028320 -0.013835 0.017028 0.019156 34.500000 3.900000 -4.500000
0.017822 0.009766 1.038086 -0.018092 0.012771 0.020220 34.200001 4.800000 -4.800000
0.018799 0.002930 1.036133 -0.019156 0.021284 0.019156 34.799999 4.200000 -4.800000
0.018555 0.012207 1.028564 -0.013835 0.017028 0.018092 33.299999 4.500000 -3.900000
0.015137 0.003174 1.026855 -0.015963 0.006385 0.018092 32.400002 1.800000 -4.200000
0.014160 0.003418 1.040283 -0.012771 0.023413 0.017028 34.200001 3.600000 -3.000000
0.017334 0.005859 1.022217 -0.012771 0.018092 0.018092 33.299999 4.500000 -3.900000
0.020752 0.007812 1.021484 -0.025541 -0.006385 0.020220 34.200001 3.600000 -4.200000
0.019775 0.005615 1.028809 -0.019156 0.006385 0.024477 34.500000 4.500000 -5.100000
0.018555 0.005371 1.029297 -0.018092 0.020220 0.015963 32.700001 5.100000 -3.900000
0.012207 0.007568 1.021973 -0.020220 0.011706 0.026606 33.299999 3.300000 -5.100000
0.016357 0.002686 1.020020 -0.019156 0.012771 0.030863 34.799999 1.200000 -4.200000
0.013916 0.012695 1.029053 -0.020220 0.011706 0.024477 33.000000 2.400000 -3.600000
0.017334 -0.002197 1.032715 -0.017028 0.017028 0.029798 34.799999 2.400000 -3.600000
0.018555 0.009033 1.027588 -0.022349 0.008514 0.015963 33.599998 3.600000 -4.200000
0.025879 0.005371 1.022705 -0.022349 0.008514 0.014899 34.200001 3.000000 -3.600000
0.023193 0.006836 1.038086 -0.008514 0.027670 0.020220 33.000000 3.600000 -3.600000
0.020508 0.010254 1.020020 -0.006385 0.028734 0.026606 32.700001 2.700000 -4.500000
0.023926 0.002197 1.026855 -0.021284 0.004257 0.025541 34.200001 3.600000 -3.000000
0.034180 0.015137 1.035400 -0.001064 0.027670 0.019156 32.700001 2.700000 -3.900000
0.023926 -0.002686 1.022461 -0.038312 0.028734 -0.001064 33.599998 4.800000 -4.200000
0.020020 0.018555 1.030273 -0.007450 0.011706 -0.001064 35.099998 2.700000 -4.500000
0.014160 0.000977 1.043213 -0.006385 0.019156 0.039376 36.000000 3.000000 -2.400000
0.024658 0.022461 1.040527 -0.006385 0.036184 0.017028 34.200001 3.000000 -3.600000
0.023193 0.010010 1.035889 -0.027670 0.039376 0.018092 34.200001 4.200000 -4.200000
0.024414 0.004639 1.025391 -0.003193 0.034055 0.026606 34.799999 3.600000 -3.600000
0.018555 0.009277 1.053711 -0.021284 0.037248 0.017028 33.900002 5.100000 -3.300000
0.017578 -0.034912 1.045166 0.005321 0.030863 0.018092 33.900002 2.700000 -3.900000
0.009521 0.010986 1.037842 0.012771 0.038312 -0.001064 34.799999 3.000000 -4.200000
0.018066 0.009521 1.030762 -0.006385 0.019156 0.009578 34.500000 2.700000 -3.900000
0.018311 0.001953 1.009766 0.010642 0.014899 0.043633 33.299999 3.300000 -3.900000
0.022217 0.036621 1.010010 -0.003193 0.014899 0.011706 36.000000 3.000000 -2.400000
0.009277 0.020264 1.049805 -0.008514 0.013835 -0.002128 33.900002 3.900000 -4.500000
0.016113 0.013672 1.032715 -0.027670 0.019156 0.006385 34.799999 1.800000 -3.600000
0.025146 -0.006592 1.003174 -0.008514 0.014899 0.004257 35.400002 3.600000 -2.400000
0.020264 -0.026367 1.033203 0.000000 0.010642 0.015963 33.000000 2.400000 -4.200000
0.029297 0.028564 1.026611 -0.009578 0.025541 -0.008514 33.299999 4.500000 -4.500000
0.017334 0.017090 1.047363 -0.012771 0.020220 0.026606 35.400002 2.400000 -5.400000
0.020996 0.017334 1.015625 -0.031927 0.035119 0.051083 33.900002 4.500000 -3.300000
0.016357 0.008545 1.059082 -0.036184 0.041505 0.013835 33.900002 3.900000 -3.900000
0.012939 0.021240 1.002930 -0.044697 0.028734 0.023413 32.400002 3.600000 -3.600000
0.016357 0.000488 1.019287 -0.047890 0.024477 0.054275 33.299999 3.300000 -3.900000
0.024170 0.018555 1.007812 -0.004257 0.039376 0.044697 33.599998 3.600000 -4.800000
0.023682 -0.011719 1.018066 -0.019156 0.036184 0.019156 33.599998 2.400000 -3.000000
0.017334 -0.019043 1.007080 -0.004257 0.014899 0.032991 34.500000 3.900000 -2.100000
0.022949 -0.004150 1.010010 -0.042569 0.020220 0.043633 33.599998 4.200000 -4.200000
0.025146 -0.011963 1.035400 -0.030863 0.017028 0.019156 33.900002 2.700000 -3.300000
0.023438 -0.012451 1.035400 -0.013835 0.026606 0.007450 33.299999 2.700000 -3.300000
0.015381 0.027588 0.987549 0.002128 0.030863 -0.009578 33.900002 2.100000 -3.300000
0.016357 0.020996 0.996582 0.037248 0.018092 -0.025541 35.099998 2.700000 -4.500000
0.009521 -0.013428 1.044189 -0.023413 0.013835 0.000000 34.500000 3.900000 -3.300000
0.017334 0.000000 0.992188 0.053211 0.002128 0.014899 33.900002 2.700000 -3.900000
0.017822 -0.015869 1.060303 0.000000 0.019156 0.020220 36.000000 2.400000 -3.600000
0.014648 0.004639 1.042480 -0.023413 0.013835 0.007450 34.500000 3.900000 -5.100000
0.010498 -0.002197 1.074463 -0.026606 0.017028 0.000000 34.500000 2.700000 -3.900000
0.019287 -0.007812 1.025879 -0.005321 0.020220 0.025541 33.000000 4.800000 -6.000000
0.019775 0.013672 1.020508 -0.008514 0.005321 0.044697 36.599998 3.600000 -4.200000
0.020020 0.044189 1.022217 -0.029798 0.002128 0.020220 33.900002 3.300000 -4.500000
0.019043 -0.002930 1.053467 0.020220 -0.011706 0.024477 33.599998 3.000000 -4.200000
0.029053 -0.013428 1.029785 -0.008514 0.001064 0.055340 33.599998 3.600000 -4.200000
0.021973 -0.067139 1.110840 0.043633 0.021284 0.025541 33.299999 4.500000 -4.500000
0.021973 0.010010 1.035889 0.026606 0.011706 0.014899 32.400002 3.000000 -4.800000
0.021729 -0.010742 1.043701 -0.015963 -0.003193 0.020220 32.700001 2.100000 -3.300000
0.022217 -0.006592 1.058838 -0.041505 -0.026606 0.028734 34.200001 2.400000 -3.600000
0.029297 0.024658 1.012207 -0.029798 -0.040441 0.010642 32.700001 3.900000 -3.900000
0.029785 -0.016846 1.043945 -0.053211 -0.006385 0.014899 32.099998 3.900000 -4.500000
0.032471 0.001953 1.042969 -0.001064 0.028734 0.008514 32.099998 3.300000 -4.500000
0.028564 0.000977 1.022705 -0.048954 0.029798 -0.008514 34.200001 3.600000 -3.600000
0.031738 -0.029541 1.017578 0.010642 0.010642 -0.004257 33.900002 3.900000 -5.100000
0.035400 0.009033 0.975342 0.003193 0.017028 0.008514 32.700001 3.300000 -4.500000
0.020264 0.026611 1.047363 0.059597 0.027670 0.015963 33.299999 3.300000 -4.500000
0.022705 0.006104 1.042725 -0.037248 0.012771 0.005321 33.299999 3.900000 -3.300000
0.019287 0.018066 1.036621 0.013835 0.013835 0.027670 32.700001 2.700000 -5.100000
0.021729 0.007080 1.038086 -0.011706 0.023413 0.020220 33.900002 3.900000 -3.900000
0.030762 0.002930 1.025391 -0.022349 0.019156 0.003193 33.900002 3.300000 -5.100000
0.020264 0.015625 1.041016 -0.012771 0.027670 -0.012771 33.299999 2.700000 -5.700000
0.021973 -0.053711 1.019287 -0.013835 0.015963 0.022349 33.299999 2.100000 -5.100000
0.035889 -0.005371 1.010742 0.009578 0.044697 0.012771 33.900002 2.700000 -4.500000
0.025391 0.010742 1.018555 -0.012771 0.028734 -0.018092 34.500000 3.900000 -5.700000
0.030518 -0.021484 1.023193 0.009578 0.036184 -0.008514 32.400002 1.800000 -3.600000
0.018311 0.009277 1.045410 -0.036184 0.021284 0.003193 33.299999 3.300000 -3.300000
0.033203 0.015137 1.015869 -0.002128 0.020220 0.005321 35.099998 2.700000 -5.100000
0.025635 -0.026611 1.056641 -0.017028 0.026606 -0.002128 33.299999 3.300000 -4.500000
0.020020 0.009033 1.020996 -0.010642 0.010642 -0.001064 32.700001 3.300000 -4.500000
0.026367 0.007812 1.012695 0.025541 -0.001064 -0.002128 32.099998 4.500000 -4.500000
0.025391 0.004639 1.030518 0.012771 0.012771 0.001064 33.599998 3.600000 -4.800000
0.021484 0.022949 1.004395 0.008514 0.004257 0.021284 34.200001 2.400000 -6.600000
0.028809 -0.035156 1.033203 0.024477 0.011706 0.039376 34.500000 2.700000 -4.500000
0.023682 -0.003906 0.995850 0.000000 -0.011706 0.032991 33.299999 3.900000 -4.500000
0.028564 -0.031982 1.007324 -0.080881 -0.043633 0.089395 32.700001 4.500000 -3.300000
0.031250 0.018555 1.037598 -0.021284 0.014899 0.120257 33.000000 4.200000 -4.800000
0.034180 -0.028076 1.214111 0.039376 0.022349 0.074496 33.900002 3.900000 -4.500000
0.037354 0.030273 1.021973 0.019156 0.007450 0.009578 33.299999 3.300000 -3.900000
0.017822 0.012207 1.005859 -0.064918 0.023413 0.030863 32.400002 3.600000 -3.600000
0.029541 -0.007080 0.974609 -0.056404 0.024477 0.044697 33.900002 2.100000 -3.900000
0.041748 0.022949 1.045654 -0.003193 0.020220 -0.023413 31.799999 3.000000 -3.600000
0.034424 0.036621 0.994385 -0.019156 0.022349 -0.053211 32.099998 2.700000 -4.500000
0.028564 -0.011963 1.013916 -0.012771 0.019156 0.019156 33.000000 1.800000 -4.800000
0.041992 0.000000 1.019287 -0.048954 0.018092 0.054275 33.299999 2.100000 -4.500000
0.020020 0.021729 0.999023 -0.076624 0.027670 0.014899 33.599998 1.800000 -3.600000
0.037598 0.000244 1.019531 -0.051083 0.022349 -0.013835 33.599998 2.400000 -4.800000
0.030029 -0.029541 1.013184 -0.011706 0.019156 -0.023413 33.000000 4.200000 -4.800000
0.038574 -0.033691 1.140381 0.007450 0.013835 -0.021284 33.299999 3.900000 -5.700000
0.019287 -0.011475 0.997314 -0.018092 0.024477 0.018092 33.299999 3.900000 -5.100000
0.032471 0.018799 1.072998 0.013835 0.017028 -0.012771 33.000000 3.000000 -4.200000
0.029785 -0.036133 1.012207 -0.009578 0.027670 0.054275 31.799999 4.200000 -4.200000
0.019531 -0.031494 1.047363 -0.024477 0.018092 0.064918 34.200001 3.600000 -4.200000
0.030273 0.025391 1.025146 -0.005321 0.022349 0.017028 33.599998 3.000000 -4.200000
0.013184 0.015625 1.069824 -0.022349 0.011706 0.025541 33.299999 1.500000 -4.500000
0.032715 -0.026855 1.055664 0.019156 0.025541 0.043633 32.099998 1.500000 -5.700000
0.025391 0.006348 1.036865 -0.017028 0.006385 0.008514 33.599998 3.000000 -3.600000
0.017578 -0.030029 0.990234 -0.017028 0.024477 0.041505 32.099998 2.700000 -5.700000
0.050293 -0.029541 1.040283 0.019156 0.017028 0.060661 33.599998 3.600000 -5.400000
0.031006 -0.036621 1.029297 -0.003193 0.017028 0.022349 33.000000 1.800000 -3.600000
0.021729 -0.009033 0.994873 -0.051083 0.024477 0.023413 32.099998 2.700000 -4.500000
0.025391 -0.038818 0.995605 -0.014899 0.022349 0.010642 33.599998 2.400000 -3.600000
0.025391 -0.017090 1.020996 -0.043633 0.018092 -0.044697 32.700001 2.100000 -5.100000
0.028076 -0.006592 1.011475 -0.071303 0.026606 -0.045762 33.000000 3.000000 -4.200000
0.035889 -0.013184 1.032471 -0.026606 0.020220 0.020220 33.900002 4.500000 -5.700000
0.028564 0.011230 1.029785 -0.017028 0.019156 0.012771 34.200001 3.600000 -6.000000
0.030273 0.001465 1.010498 -0.009578 0.021284 0.018092 33.000000 2.400000 -4.800000
0.029297 0.005371 1.026855 -0.009578 0.021284 0.020220 32.099998 2.700000 -2.700000
0.026855 0.002441 1.036865 -0.014899 0.021284 0.018092 32.700001 3.300000 -5.700000
0.036377 0.000244 1.028320 -0.013835 0.024477 0.018092 33.299999 3.300000 -3.900000
0.032227 0.002197 1.024170 -0.013835 0.019156 0.023413 33.900002 3.300000 -5.700000
0.028076 -0.000244 1.019531 -0.012771 0.022349 0.028734 33.299999 2.700000 -5.700000
0.034180 0.006836 1.038086 -0.011706 0.020220 0.015963 33.299999 3.300000 -6.300000
0.026611 0.004150 1.033203 -0.011706 0.018092 0.018092 33.000000 2.400000 -4.200000
0.033447 0.004639 1.027588 -0.012771 0.022349 0.020220 32.400002 4.200000 -6.000000
0.028564 0.002686 1.028809 -0.012771 0.022349 0.019156 33.000000 4.800000 -6.000000
0.035645 0.000977 1.025635 -0.014899 0.022349 0.032991 32.099998 2.700000 -4.500000
0.037598 0.002197 1.022949 -0.011706 0.019156 0.036184 31.500000 2.100000 -6.900000
0.030518 0.000977 1.034912 -0.018092 0.018092 0.017028 33.299999 4.500000 -4.500000
0.030273 0.005615 1.028320 -0.015963 0.021284 0.019156 33.900002 3.300000 -6.300000
0.031982 0.002441 1.031250 -0.013835 0.021284 0.017028 31.799999 3.000000 -3.600000
0.028809 0.007324 1.024170 -0.011706 0.023413 0.017028 33.599998 1.200000 -4.200000
0.033203 0.004883 1.027832 -0.012771 0.020220 0.017028 33.599998 3.600000 -4.200000
0.035156 0.009033 1.022461 -0.015963 0.020220 0.018092 33.000000 3.600000 -4.800000
0.032471 0.001709 1.030518 -0.013835 0.021284 0.019156 32.400002 2.400000 -6.000000
0.029785 0.003174 1.025146 -0.009578 0.017028 0.037248 32.099998 3.300000 -4.500000
0.031982 0.007080 1.028076 -0.010642 0.020220 0.040441 32.700001 3.900000 -4.500000
0.027100 0.013184 1.027832 -0.013835 0.019156 0.026606 33.000000 2.400000 -5.400000
0.027344 0.004150 1.021729 -0.017028 0.020220 0.026606 33.299999 0.900000 -6.300000
0.032471 0.005127 1.024658 -0.013835 0.019156 0.020220 31.799999 3.000000 -3.600000
0.031738 0.006348 1.024414 -0.015963 0.023413 0.018092 33.299999 3.300000 -4.500000
0.030029 -0.001465 1.048828 -0.012771 0.015963 0.020220 31.200001 2.400000 -4.800000
0.018555 0.007324 1.023926 -0.014899 0.023413 0.017028 33.000000 1.800000 -5.400000
0.026611 0.006348 1.021729 -0.014899 0.021284 0.018092 33.599998 3.600000 -4.800000
0.060791 -0.000732 1.083252 -0.009578 0.018092 0.014899 32.400002 2.400000 -4.800000
0.028564 0.000000 1.019775 -0.015963 0.022349 0.014899 32.700001 3.300000 -3.300000
0.029785 0.002686 1.020752 -0.017028 0.020220 0.020220 31.799999 1.200000 -3.600000
0.040527 -0.000732 1.041748 -0.013835 0.014899 0.018092 32.400002 3.600000 -5.400000
0.032715 0.006104 1.032715 -0.012771 0.021284 0.017028 32.400002 3.000000 -6.000000
0.031982 0.005371 1.030273 -0.012771 0.023413 0.017028 32.700001 3.300000 -6.900000
0.028564 0.001953 1.020996 -0.012771 0.021284 0.015963 33.599998 1.800000 -3.000000
0.031982 0.007568 1.017578 -0.012771 0.022349 0.014899 33.299999 3.300000 -5.100000
0.023682 0.003662 1.026855 -0.014899 0.019156 0.021284 32.700001 2.700000 -3.300000
0.032715 0.002686 1.032959 -0.015963 0.021284 0.017028 33.900002 2.700000 -3.300000
0.031006 0.006348 1.035156 -0.011706 0.028734 0.014899 33.299999 2.700000 -5.100000
0.030029 0.003174 1.025391 -0.011706 0.025541 0.017028 33.299999 3.900000 -3.900000
0.026367 0.008545 1.035400 -0.015963 0.013835 0.018092 33.000000 3.000000 -4.800000
0.034424 -0.003418 1.029053 -0.008514 0.025541 0.040441 32.400002 3.600000 -3.600000
0.026855 0.010498 1.037842 -0.009578 0.028734 0.024477 33.599998 3.600000 -5.400000
0.027588 0.000977 1.029297 -0.012771 0.020220 0.019156 33.299999 3.300000 -5.100000
0.026611 0.008057 1.031494 -0.012771 0.027670 0.019156 33.299999 3.300000 -5.100000
0.029297 0.002930 1.022217 -0.014899 0.022349 0.019156 34.200001 2.400000 -4.800000
0.033936 0.006348 1.028809 -0.017028 0.023413 0.020220 34.799999 2.400000 -6.000000
0.030273 -0.003906 1.028564 -0.004257 0.042569 0.019156 33.000000 1.200000 -4.200000
0.025879 0.001465 1.023926 -0.011706 0.017028 0.034055 33.599998 3.000000 -4.800000
0.027588 0.006836 1.028320 -0.017028 0.014899 0.041505 33.299999 3.900000 -3.900000
0.030518 0.008545 1.031494 -0.007450 0.029798 0.015963 34.200001 2.400000 -3.600000
0.026367 0.003662 1.020996 -0.015963 0.021284 0.019156 34.200001 1.800000 -4.800000
0.031006 0.004150 1.030273 -0.018092 0.012771 0.021284 33.900002 3.900000 -3.300000
0.029785 -0.003174 1.025146 -0.018092 0.007450 0.031927 34.200001 3.600000 -5.400000
0.028809 -0.000977 1.030518 -0.011706 0.018092 0.039376 33.599998 3.600000 -4.200000
0.033447 0.005615 1.030762 -0.012771 0.017028 0.034055 32.400002 1.800000 -4.200000
0.025879 0.008057 1.030762 -0.017028 0.007450 0.039376 32.700001 2.700000 -5.100000
0.031494 0.015137 1.029053 -0.017028 0.023413 0.004257 32.700001 3.300000 -5.100000
0.031494 0.002930 1.031250 -0.020220 0.023413 0.021284 31.799999 2.400000 -2.400000
0.032471 0.000488 1.023438 -0.012771 0.020220 0.018092 34.200001 3.000000 -4.200000
0.023926 0.000977 1.028809 -0.017028 0.007450 0.021284 33.000000 2.400000 -5.400000
0.063965 -0.006592 1.106934 -0.013835 0.010642 0.019156 33.599998 2.400000 -4.800000
0.041260 0.003418 1.049316 -0.020220 0.024477 0.019156 32.700001 2.700000 -3.900000
0.028320 0.000488 1.021484 -0.009578 0.022349 0.019156 32.700001 2.700000 -5.100000
0.026855 0.006104 1.028076 -0.011706 0.019156 0.019156 32.700001 3.300000 -5.100000
0.026367 0.005127 1.020996 -0.011706 0.020220 0.019156 32.700001 3.900000 -5.100000
0.027588 0.005615 1.033691 -0.010642 0.020220 0.020220 33.599998 1.800000 -5.400000
0.027100 0.000732 1.022705 -0.009578 0.019156 0.017028 32.400002 3.600000 -4.800000
0.033691 0.005615 1.020996 -0.008514 0.022349 0.017028 32.700001 2.700000 -4.500000
0.028076 0.007568 1.035400 -0.019156 0.020220 0.018092 33.000000 2.400000 -3.600000
0.035156 0.008789 1.026855 -0.014899 0.020220 0.015963 32.400002 3.600000 -3.600000
0.034424 0.004639 1.037354 -0.014899 0.020220 0.018092 33.000000 1.800000 -4.200000
0.034180 0.009766 1.026123 -0.013835 0.022349 0.023413 32.700001 3.300000 -3.900000
0.033447 0.002686 1.027588 -0.011706 0.020220 0.017028 33.000000 3.000000 -3.600000
0.033691 0.001953 1.023682 -0.007450 0.019156 0.024477 33.000000 3.600000 -4.800000
0.031982 0.008545 1.035400 0.001064 0.018092 0.020220 33.599998 3.000000 -5.400000
0.032715 0.010742 1.028320 -0.008514 0.018092 0.019156 31.500000 2.700000 -4.500000
0.037354 -0.002930 1.020264 -0.008514 0.022349 0.018092 33.000000 3.600000 -4.200000
0.036377 0.003662 1.028809 -0.014899 0.020220 0.021284 34.200001 2.400000 -4.800000
0.029297 0.000732 1.031982 -0.020220 0.021284 0.017028 32.700001 3.300000 -4.500000
0.031738 0.000244 1.029541 -0.004257 0.018092 0.017028 33.900002 1.500000 -5.700000
0.034912 0.006348 1.030029 -0.009578 0.020220 0.018092 33.900002 2.700000 -5.100000
0.032715 0.010498 1.042480 -0.020220 0.025541 0.019156 34.200001 1.200000 -4.200000
0.027344 0.006348 1.030762 -0.021284 0.020220 0.018092 34.200001 2.400000 -5.400000
0.031494 0.012451 1.030273 -0.022349 0.021284 0.021284 33.000000 3.000000 -6.000000
0.028809 0.005615 1.031982 -0.009578 0.021284 0.018092 31.799999 2.400000 -4.800000
0.030762 0.013672 1.019287 0.000000 0.022349 0.017028 34.200001 1.800000 -4.800000
0.029297 0.012939 1.026367 -0.018092 0.023413 0.025541 33.000000 3.600000 -5.400000
0.031738 0.008545 1.030762 -0.015963 0.022349 0.020220 33.299999 3.300000 -4.500000
0.025635 -0.004639 1.019775 -0.018092 0.022349 0.014899 32.700001 3.900000 -5.100000
0.034912 0.006104 1.026367 -0.011706 0.021284 0.021284 33.599998 3.600000 -4.800000
0.030029 -0.001221 1.031982 -0.012771 0.019156 0.019156 34.200001 1.800000 -4.200000
0.028564 0.007324 1.025391 -0.007450 0.020220 0.020220 33.299999 3.900000 -5.100000
0.027588 0.003174 1.034668 -0.007450 0.020220 0.018092 32.400002 3.000000 -5.400000
0.035156 0.009033 1.022705 -0.012771 0.019156 0.017028 33.000000 3.000000 -5.400000
0.033691 0.001953 1.039795 -0.022349 0.022349 0.019156 31.200001 4.200000 -5.400000
0.035400 0.003662 1.032227 -0.013835 0.023413 0.019156 31.200001 3.000000 -4.200000
0.026611 0.011719 1.026123 -0.018092 0.023413 0.018092 32.700001 3.300000 -3.900000
0.032227 0.014648 1.014404 -0.015963 0.020220 0.013835 33.599998 3.000000 -3.000000
0.026367 0.000977 1.034180 -0.013835 0.020220 0.018092 32.099998 3.300000 -5.100000
0.024658 0.012939 1.028809 -0.020220 0.021284 0.018092 33.599998 3.000000 -5.400000
0.031494 0.005127 1.033203 -0.009578 0.018092 0.015963 33.000000 2.400000 -3.600000
0.034180 0.010010 1.027832 -0.011706 0.019156 0.019156 34.500000 2.100000 -5.700000
0.029297 0.007568 1.020264 -0.013835 0.020220 0.017028 32.099998 3.300000 -4.500000
0.036621 0.005127 1.023682 -0.014899 0.021284 0.018092 31.500000 2.100000 -4.500000
0.031982 0.006592 1.026123 -0.011706 0.021284 0.022349 31.799999 3.600000 -5.400000
0.023438 -0.000977 1.031250 -0.009578 0.019156 0.018092 33.900002 2.100000 -3.900000
0.034180 0.006592 1.027588 -0.018092 0.020220 0.017028 31.799999 3.600000 -4.200000
0.030029 0.010010 1.032959 -0.008514 0.018092 0.018092 32.400002 3.600000 -4.200000
0.023682 0.007080 1.023193 -0.011706 0.019156 0.020220 33.000000 3.600000 -5.400000
0.029297 0.009521 1.037109 -0.014899 0.023413 0.017028 32.400002 3.600000 -4.800000
0.030029 0.010986 1.028809 -0.011706 0.019156 0.021284 33.000000 1.800000 -6.000000
0.029297 0.002686 1.023682 -0.011706 0.022349 0.029798 31.200001 3.600000 -3.600000
0.027832 0.017822 1.028564 -0.022349 0.024477 0.020220 32.099998 2.700000 -4.500000
0.029541 0.007568 1.030273 -0.020220 0.024477 0.018092 32.099998 3.900000 -3.900000
0.027344 0.006592 1.029297 -0.021284 0.020220 0.017028 33.299999 2.700000 -4.500000
0.027588 0.000488 1.033203 -0.014899 0.022349 0.017028 33.299999 2.100000 -5.700000
0.029053 0.003906 1.031982 -0.013835 0.015963 0.018092 31.799999 3.600000 -3.600000
0.032715 0.002441 1.030762 -0.014899 0.020220 0.021284 34.500000 3.300000 -4.500000
0.037842 0.003662 1.028809 -0.007450 0.018092 0.021284 33.299999 1.500000 -3.300000
0.038574 0.005127 1.027100 -0.008514 0.022349 0.018092 34.500000 4.500000 -5.100000
0.029053 0.012939 1.020752 -0.007450 0.022349 0.017028 32.400002 1.200000 -3.600000
0.028320 0.003906 1.027100 -0.006385 0.019156 0.019156 34.200001 2.400000 -4.800000
0.032959 0.010742 1.028564 -0.005321 0.020220 0.025541 32.099998 2.100000 -5.100000
0.033936 0.012695 1.033203 0.000000 0.015963 0.017028 33.299999 2.700000 -5.100000
0.028564 0.005371 1.030273 -0.008514 0.020220 0.019156 33.299999 2.100000 -4.500000
0.027344 0.011230 1.032959 -0.007450 0.019156 0.019156 33.000000 1.200000 -4.200000
0.029297 0.010010 1.021729 -0.013835 0.019156 0.025541 33.299999 2.700000 -4.500000
0.032959 0.006836 1.021484 -0.008514 0.022349 0.020220 33.900002 2.700000 -4.500000
0.042725 0.010010 1.027344 -0.010642 0.019156 0.022349 34.799999 1.200000 -4.200000
0.035889 0.005371 1.036621 -0.013835 0.020220 0.020220 33.599998 1.800000 -4.800000
0.033691 0.001953 1.022705 -0.023413 0.022349 0.019156 33.299999 3.300000 -5.100000
0.028809 0.008789 1.026367 -0.019156 0.036184 0.020220 34.200001 4.200000 -5.400000
0.030518 0.006348 1.026367 -0.012771 0.036184 0.013835 33.900002 3.900000 -4.500000
0.027100 -0.001465 1.031982 -0.019156 0.030863 0.014899 34.799999 3.000000 -6.000000
0.028564 0.003906 1.021240 -0.002128 0.028734 0.018092 33.299999 2.700000 -2.700000
0.022217 0.014404 1.032715 0.002128 0.039376 0.013835 33.900002 3.900000 -4.500000
0.029297 0.009033 1.026367 -0.007450 0.044697 0.029798 33.000000 4.200000 -3.600000
0.018066 0.012451 1.023926 -0.003193 0.021284 0.037248 31.799999 3.600000 -4.800000
0.020264 0.020020 1.026123 -0.013835 0.025541 0.023413 33.000000 2.400000 -4.800000
0.023193 0.015625 1.025635 -0.017028 0.009578 0.013835 34.500000 2.100000 -5.700000
0.021973 0.008057 1.035156 -0.013835 0.006385 0.026606 33.599998 4.200000 -3.000000
0.028320 -0.000977 1.031494 -0.005321 0.005321 0.028734 34.200001 1.200000 -4.200000
0.027588 0.010986 1.016113 -0.010642 -0.002128 0.024477 33.299999 2.100000 -4.500000
0.031494 0.012939 1.028809 -0.013835 0.007450 0.011706 32.400002 3.000000 -3.600000
0.032227 0.007324 1.027344 -0.020220 0.025541 0.022349 33.599998 3.000000 -5.400000
0.023193 0.013428 1.024414 -0.023413 0.010642 0.007450 32.700001 0.900000 -5.100000
0.029541 0.009033 1.038574 -0.018092 0.020220 0.014899 33.000000 3.600000 -4.800000
0.029053 0.015137 1.017090 -0.029798 0.019156 0.007450 32.700001 3.900000 -3.900000
0.033203 0.002686 1.029297 -0.027670 0.015963 0.018092 31.799999 1.800000 -4.200000
0.032471 0.013672 1.023682 -0.009578 0.023413 0.019156 32.700001 0.900000 -4.500000
0.027588 0.008545 1.023193 -0.009578 0.010642 0.014899 33.000000 1.800000 -4.800000
0.025391 0.006836 1.024658 0.004257 0.026606 0.013835 33.299999 0.900000 -3.900000
0.036133 0.006348 1.019043 -0.006385 0.019156 0.018092 33.599998 3.600000 -6.000000
0.027344 0.005615 1.027344 -0.011706 0.022349 0.017028 32.700001 2.100000 -3.900000
0.030518 0.012207 1.028076 -0.019156 0.022349 0.017028 34.500000 1.500000 -2.100000
0.029541 0.007812 1.033691 -0.024477 0.023413 0.019156 32.400002 3.000000 -3.600000
0.031982 0.006836 1.034912 -0.021284 0.020220 0.020220 33.900002 2.100000 -5.100000
0.028320 0.003906 1.027832 -0.014899 0.022349 0.017028 33.299999 2.100000 -3.900000
0.027832 0.010010 1.030762 -0.012771 0.023413 0.019156 34.200001 3.600000 -3.600000
0.024902 0.007080 1.029053 -0.015963 0.020220 0.015963 33.000000 2.400000 -4.200000
0.032715 0.004639 1.019531 -0.012771 0.021284 0.019156 33.900002 3.300000 -5.700000
0.025635 0.007568 1.025146 -0.010642 0.020220 0.034055 33.000000 3.000000 -6.600000
0.036133 0.015625 1.026123 -0.009578 0.021284 0.014899 31.799999 1.800000 -3.600000
0.029541 0.011475 1.028564 -0.021284 0.020220 0.018092 34.799999 1.800000 -5.400000
0.034424 0.007812 1.029785 -0.024477 0.021284 0.019156 33.299999 2.700000 -6.300000
0.034180 0.006592 1.024414 -0.018092 0.020220 0.018092 32.400002 1.800000 -4.200000
0.029053 0.004883 1.030029 -0.003193 0.019156 0.023413 32.700001 3.300000 -5.100000
0.030029 0.005615 1.025635 -0.004257 0.020220 0.015963 34.500000 2.700000 -3.300000
0.030518 0.010742 1.025391 -0.012771 0.017028 0.015963 32.099998 2.700000 -3.300000
0.026123 0.003906 1.022705 -0.013835 0.023413 0.020220 32.400002 3.000000 -5.400000
0.024170 0.012451 1.029785 -0.011706 0.021284 0.021284 34.200001 3.600000 -5.400000
0.032959 -0.004395 1.028076 -0.012771 0.020220 0.017028 30.600000 3.000000 -4.800000
0.028564 0.006836 1.035645 -0.013835 0.022349 0.019156 33.599998 2.400000 -3.600000
