0.000000 0.000000 899934785929461937209344.000000 -0.031927 0.029798 0.011706 34.200001 39.599998 51.599998
-0.052734 -1.006104 -0.056885 -0.050019 0.018092 -0.011706 35.400002 39.599998 52.799999
-0.066895 -1.006592 -0.046387 -0.022349 0.022349 -0.001064 36.599998 38.400002 53.400002
-0.050293 -0.996094 -0.047607 -0.028734 0.035119 -0.015963 33.599998 38.400002 54.599998
-0.053711 -0.991699 -0.054443 -0.056404 0.022349 -0.034055 35.099998 39.900002 53.099998
-0.052002 -0.993652 -0.045654 -0.018092 0.031927 -0.019156 35.099998 39.299999 53.099998
-0.046631 -1.007568 -0.054443 0.000000 0.029798 -0.019156 34.200001 39.000000 54.599998
-0.042236 -1.002930 -0.053955 0.042569 0.029798 -0.007450 33.299999 39.900002 53.099998
-0.050537 -0.990479 -0.051758 0.006385 0.035119 0.005321 33.900002 38.700001 54.299999
-0.044434 -0.998535 -0.052734 0.027670 0.031927 0.013835 35.099998 40.500000 54.299999
-0.052979 -0.999023 -0.035645 0.152184 0.030863 0.001064 35.400002 39.000000 53.400002
-0.056396 -0.998047 -0.031738 0.051083 0.039376 -0.004257 33.000000 40.200001 53.400002
-0.042725 -1.012451 -0.051270 0.070239 0.023413 0.014899 33.900002 41.099998 52.500000
-0.045166 -0.997314 -0.044678 -0.019156 0.022349 0.027670 33.900002 39.299999 53.700001
-0.038086 -1.023438 -0.031982 0.042569 0.007450 0.027670 34.799999 39.599998 51.000000
-0.043213 -1.002930 -0.043701 0.036184 0.003193 0.019156 35.099998 39.900002 54.299999
-0.051514 -1.025146 -0.021729 0.181982 0.006385 0.032991 33.000000 38.400002 54.599998
-0.044678 -1.005615 -0.019287 0.290533 -0.001064 0.027670 33.000000 38.400002 51.000000
-0.051514 -1.001221 -0.013184 0.502314 -0.015963 0.002128 34.799999 38.400002 51.000000
-0.046387 -0.991943 0.025635 0.602351 -0.011706 -0.027670 35.400002 39.599998 51.599998
-0.053467 -0.990479 0.023682 0.539562 0.011706 -0.039376 34.799999 39.000000 50.400002
-0.041260 -0.994385 0.041504 0.408662 0.015963 -0.025541 35.099998 41.700001 48.900002
-0.042480 -1.000000 0.066895 0.330974 0.006385 -0.038312 35.400002 40.200001 47.400002
-0.027832 -1.015625 0.082520 0.321396 -0.014899 -0.025541 35.400002 40.200001 48.599998
-0.036133 -1.004883 0.099609 0.365029 -0.013835 -0.026606 33.000000 42.000000 48.599998
-0.036133 -1.003174 0.116699 0.391635 0.000000 0.002128 33.599998 41.400002 46.799999
-0.038574 -1.005127 0.137695 0.424625 0.026606 0.000000 34.200001 40.200001 45.599998
-0.036865 -1.012207 0.130859 0.391635 0.056404 0.031927 33.900002 39.900002 45.900002
-0.036865 -1.018311 0.139648 0.427818 0.069175 0.062789 34.799999 42.599998 45.000000
-0.039307 -0.993408 0.156738 0.442717 0.092588 0.035119 33.299999 41.099998 46.500000
-0.040283 -0.988037 0.178467 0.533176 0.112808 0.004257 33.599998 43.200001 43.799999
-0.043945 -0.986084 0.183594 0.429947 0.119193 -0.019156 33.599998 42.000000 42.599998
-0.040039 -0.978027 0.206055 0.516149 0.109615 -0.037248 33.299999 42.299999 42.900002
-0.029785 -0.964355 0.228760 0.424625 0.117065 -0.063853 34.200001 42.000000 42.000000
-0.029541 -0.999023 0.228760 0.535305 0.095780 -0.044697 33.900002 41.099998 41.700001
-0.030273 -0.984131 0.263428 0.537433 0.098973 -0.019156 33.000000 42.000000 42.000000
-0.041504 -0.969482 0.257080 0.523598 0.083009 -0.041505 33.299999 42.299999 40.500000
-0.030029 -0.974609 0.284180 0.575745 0.069175 -0.024477 33.900002 43.500000 39.299999
-0.040527 -0.962646 0.294678 0.554461 0.058532 -0.020220 33.599998 42.599998 37.200001
-0.030273 -0.940674 0.313721 0.523598 0.032991 -0.038312 33.299999 42.900002 37.500000
-0.037109 -0.957031 0.355225 0.593837 0.069175 -0.005321 31.799999 42.599998 36.599998
-0.028809 -0.943848 0.370117 0.535305 0.064918 0.003193 33.000000 42.599998 36.000000
-0.023438 -0.959961 0.393555 0.606608 0.055340 0.037248 32.400002 42.000000 35.400002
-0.030273 -0.919922 0.412109 0.634278 0.081945 0.045762 33.900002 41.099998 33.299999
-0.018799 -0.933350 0.428711 0.554461 0.055340 0.062789 35.700001 42.299999 32.099998
-0.041504 -0.911133 0.456543 0.592773 0.041505 0.069175 32.099998 41.099998 32.700001
-0.026855 -0.900146 0.481201 0.663012 0.042569 0.072367 33.299999 41.700001 32.099998
-0.034668 -0.864258 0.492676 0.601287 0.034055 0.036184 32.700001 41.099998 29.100000
-0.028564 -0.879639 0.512939 0.737507 0.050019 0.034055 35.099998 40.500000 30.299999
-0.034668 -0.878418 0.526367 0.781141 0.068110 0.092588 35.700001 40.500000 29.100000
-0.038086 -0.841797 0.549072 0.687489 0.036184 0.092588 34.799999 37.799999 27.000000
-0.043457 -0.820068 0.571045 0.621507 0.046826 0.052147 33.599998 39.599998 27.000000
-0.041748 -0.831787 0.589600 0.539562 0.022349 0.045762 34.799999 38.400002 25.200001
-0.055908 -0.802246 0.614014 0.345873 0.019156 0.026606 33.599998 39.599998 25.200001
-0.047607 -0.817871 0.628418 0.393763 0.020220 0.037248 34.799999 39.000000 25.200001
-0.044678 -0.810791 0.630615 0.419304 0.027670 0.065982 33.299999 37.500000 22.500000
-0.058594 -0.766113 0.634277 0.363965 0.002128 0.014899 33.900002 38.099998 24.299999
-0.041504 -0.803467 0.662598 0.531048 0.013835 0.023413 34.200001 37.200001 24.000000
-0.048584 -0.763184 0.672852 0.426754 0.021284 0.043633 33.299999 36.900002 22.500000
-0.048828 -0.769531 0.674805 0.586388 0.022349 0.036184 35.099998 36.900002 20.700001
-0.039307 -0.766846 0.708740 0.706645 0.022349 0.058532 35.400002 37.200001 19.799999
-0.052490 -0.721680 0.707275 0.677911 0.014899 0.059597 36.000000 36.000000 19.799999
-0.049316 -0.731201 0.730225 0.740700 0.026606 0.104294 35.400002 35.400002 18.000000
-0.060547 -0.677979 0.731201 0.730058 0.022349 0.077688 34.799999 34.200001 17.400000
-0.059570 -0.674316 0.761719 0.692810 0.011706 0.093652 34.200001 35.400002 17.400000
-0.064697 -0.647949 0.777588 0.592773 -0.013835 0.089395 34.200001 33.599998 15.600000
-0.062500 -0.625977 0.787354 0.558718 -0.009578 0.081945 35.700001 31.500000 14.700000
-0.064209 -0.605957 0.813965 0.411855 0.003193 0.077688 34.799999 32.400002 15.000000
-0.069336 -0.600342 0.821533 0.433139 0.013835 0.064918 35.099998 30.900000 14.100000
-0.059570 -0.578369 0.823730 0.410791 -0.004257 0.029798 34.799999 30.600000 15.000000
-0.059082 -0.580322 0.853516 0.376735 0.021284 0.047890 35.099998 30.900000 13.500000
-0.059814 -0.593750 0.852783 0.561910 0.006385 0.065982 34.200001 30.000000 13.200000
-0.061035 -0.544678 0.845947 0.485286 0.000000 0.047890 34.799999 30.600000 11.400000
-0.055664 -0.532227 0.869141 0.344809 -0.011706 0.046826 35.700001 28.500000 9.300000
-0.064697 -0.520264 0.892334 0.344809 0.012771 0.027670 34.799999 29.400000 11.400000
-0.060059 -0.526611 0.882324 0.481029 0.019156 0.037248 35.400002 28.799999 8.400000
-0.045166 -0.494629 0.872559 0.468259 0.021284 0.032991 36.299999 26.700001 11.100000
-0.055176 -0.495850 0.914795 0.515085 0.045762 0.032991 35.700001 27.900000 9.900000
-0.057861 -0.465088 0.909180 0.572553 0.039376 0.037248 36.000000 26.400000 7.800000
-0.061523 -0.462158 0.924805 0.647048 0.052147 0.039376 36.299999 25.500000 9.300000
-0.056396 -0.451904 0.929932 0.785398 0.077688 0.056404 37.200001 25.200001 6.000000
-0.070068 -0.392822 0.929932 0.848187 0.041505 0.027670 36.299999 24.900000 6.900000
-0.063232 -0.371826 0.930908 0.782205 0.053211 0.020220 36.299999 23.100000 5.700000
-0.058838 -0.358887 0.973633 0.687489 0.068110 0.024477 36.299999 21.900000 6.900000
-0.078369 -0.319092 0.959473 0.663012 -0.003193 0.013835 36.299999 20.700001 3.900000
-0.071045 -0.295654 0.963623 0.528919 -0.002128 0.008514 37.500000 20.100000 2.100000
-0.054932 -0.344727 1.010010 0.591709 0.069175 0.048954 36.900002 20.100000 4.500000
-0.071045 -0.266113 0.961914 0.739636 0.002128 0.063853 35.700001 18.900000 3.900000
-0.078857 -0.224609 0.985596 0.425690 0.013835 0.054275 36.000000 17.400000 3.000000
-0.051025 -0.283203 1.044189 0.577874 0.045762 0.076624 36.000000 16.799999 1.800000
-0.076660 -0.189697 0.985352 0.832223 -0.037248 0.083009 34.799999 16.799999 3.600000
-0.071777 -0.156250 0.994629 0.688553 -0.094716 0.051083 34.500000 14.700000 0.900000
-0.061279 -0.151611 1.028076 0.428882 -0.045762 0.052147 34.500000 12.900000 -0.300000
-0.055420 -0.130615 1.004395 0.440589 -0.053211 0.053211 35.700001 12.900000 1.500000
-0.067871 -0.107910 1.014404 0.554461 -0.072367 0.026606 34.200001 13.200000 2.400000
-0.060303 -0.111572 1.017822 0.666204 -0.046826 0.014899 35.700001 12.300000 -0.900000
-0.049072 -0.062744 1.001221 0.619379 -0.081945 0.020220 34.799999 12.000000 0.600000
-0.045410 -0.109619 1.029541 0.826902 -0.081945 0.024477 36.900002 9.900000 -0.300000
-0.057617 0.000244 1.001221 0.597030 -0.092588 0.022349 36.299999 8.100000 -1.500000
-0.045898 0.012695 1.004883 0.309689 -0.050019 0.030863 34.799999 8.400000 -0.600000
-0.036865 0.010254 1.015869 0.367157 0.031927 0.040441 35.700001 8.700000 -0.900000
-0.038574 -0.012695 1.026123 0.824774 0.015963 0.046826 36.599998 4.200000 -2.400000
-0.055908 0.070801 0.987793 0.604479 -0.031927 0.015963 33.299999 3.900000 -1.500000
-0.038574 0.047607 1.032227 0.324588 0.036184 0.028734 35.099998 5.100000 -1.500000
-0.040283 0.098145 1.012695 0.110679 0.068110 0.034055 35.099998 2.700000 -1.500000
-0.039307 0.072510 1.014160 0.372478 0.063853 0.031927 35.400002 6.000000 -3.600000
-0.033203 0.086182 1.030762 0.396956 0.062789 0.026606 34.799999 2.400000 -3.000000
-0.048096 0.131592 0.998779 0.189432 0.050019 0.020220 34.799999 1.200000 -3.000000
-0.041748 0.116699 1.006348 0.253285 0.053211 0.025541 35.099998 2.700000 -2.100000
-0.044678 0.146484 0.993408 0.053211 0.021284 0.021284 34.799999 3.000000 -2.400000
-0.044189 0.106689 1.021484 0.092588 0.036184 0.014899 35.700001 0.900000 -2.100000
-0.053955 0.135498 1.001709 0.076624 0.019156 0.018092 34.200001 0.600000 -1.800000
-0.052979 0.131348 1.008789 0.075560 0.005321 0.018092 34.799999 1.200000 -1.800000
-0.042236 0.136475 1.018311 0.089395 0.017028 0.024477 34.500000 0.900000 -2.100000
-0.038818 0.136719 1.005859 0.077688 0.013835 0.038312 35.400002 0.600000 -1.800000
-0.046387 0.151367 1.001465 -0.006385 0.002128 0.040441 35.700001 0.300000 -1.500000
-0.042969 0.144531 1.007080 0.017028 -0.017028 0.046826 35.700001 2.700000 -1.500000
-0.035156 0.137939 0.996094 0.161762 -0.035119 0.067046 36.900002 1.500000 -3.300000
-0.051758 0.155273 1.000000 0.021284 -0.037248 0.039376 35.099998 0.300000 -2.700000
-0.044434 0.151611 1.013428 -0.039376 -0.012771 0.034055 34.500000 1.500000 -0.900000
-0.037109 0.141846 1.013916 0.021284 0.010642 0.014899 35.700001 0.900000 -3.300000
-0.037842 0.152832 1.005615 0.010642 0.017028 0.014899 36.599998 1.200000 -3.000000
-0.035400 0.145508 0.986816 0.044697 0.018092 0.028734 33.299999 1.500000 -2.700000
-0.045898 0.166748 0.992676 -0.047890 0.007450 0.021284 35.700001 0.300000 -3.300000
-0.037598 0.152588 1.008057 -0.014899 0.035119 0.027670 34.500000 2.100000 -3.900000
-0.040283 0.163086 0.997559 -0.038312 0.019156 0.030863 34.799999 1.200000 -2.400000
-0.039307 0.164795 1.017334 -0.064918 0.026606 0.020220 34.799999 0.600000 -1.800000
-0.044678 0.159912 1.018066 -0.022349 0.041505 0.007450 34.500000 -2.100000 -2.100000
-0.044434 0.154053 1.023682 0.005321 0.044697 0.007450 33.599998 1.800000 -0.600000
-0.040527 0.155029 1.017578 0.010642 0.040441 0.021284 36.299999 -0.300000 -2.100000
-0.045898 0.148682 1.004395 0.004257 0.046826 0.020220 35.099998 0.300000 -3.900000
-0.048096 0.143799 1.006348 0.048954 0.040441 0.023413 35.400002 0.600000 -1.800000
-0.036133 0.152832 1.001709 -0.005321 0.048954 0.041505 34.500000 0.300000 -2.700000
-0.038574 0.157471 0.991455 -0.025541 0.063853 0.039376 35.400002 0.000000 -1.800000
-0.036377 0.162842 0.992188 -0.030863 0.037248 0.037248 34.200001 0.000000 -1.200000
-0.044434 0.155029 0.999756 0.015963 0.022349 0.026606 35.099998 0.900000 -3.300000
-0.041504 0.156738 1.003174 -0.015963 0.031927 0.015963 35.400002 0.000000 -2.400000
-0.045410 0.147461 1.009277 0.040441 0.021284 0.012771 35.700001 0.300000 -0.900000
-0.048340 0.164795 1.010498 -0.004257 0.020220 0.006385 36.000000 0.000000 -0.600000
-0.044678 0.160156 1.010010 -0.004257 0.017028 0.007450 34.799999 -0.600000 -0.600000
-0.046631 0.164551 1.002441 0.015963 0.017028 0.017028 35.099998 0.900000 -3.300000
-0.045654 0.161377 1.009521 -0.006385 0.020220 0.013835 36.299999 0.900000 -2.100000
-0.046631 0.153320 1.004639 -0.022349 0.019156 0.014899 36.000000 -0.600000 -1.800000
-0.046387 0.162842 1.008545 -0.032991 0.015963 0.020220 35.400002 0.000000 -1.800000
-0.051025 0.161865 1.010986 -0.014899 0.015963 0.015963 34.799999 0.600000 -1.800000
-0.043701 0.163330 1.003662 -0.034055 0.020220 0.011706 35.099998 -1.500000 -0.900000
-0.048584 0.159912 1.008545 -0.012771 -0.001064 0.017028 34.799999 -1.200000 -3.000000
-0.037109 0.159180 1.018555 -0.014899 0.010642 0.021284 35.700001 1.500000 -1.500000
-0.052002 0.163330 1.014648 -0.006385 0.005321 0.017028 36.000000 0.600000 -1.800000
-0.032959 0.149414 1.009033 -0.021284 0.014899 0.020220 35.400002 0.000000 -2.400000
-0.042725 0.161133 0.999756 -0.026606 0.017028 0.018092 36.299999 0.300000 -2.100000
-0.040527 0.156494 1.019287 -0.017028 0.028734 0.007450 35.099998 0.900000 -2.700000
-0.047119 0.153320 1.000244 -0.035119 0.026606 0.013835 34.799999 1.200000 -2.400000
-0.046875 0.159180 1.000977 -0.008514 0.007450 0.017028 33.299999 -0.300000 -1.500000
-0.043701 0.162598 1.004395 0.000000 0.015963 0.003193 35.099998 0.300000 -2.700000
-0.038574 0.161621 1.006592 -0.026606 0.017028 0.008514 35.700001 0.900000 -1.500000
-0.039551 0.160156 1.018311 0.028734 0.022349 0.003193 34.200001 -1.200000 -3.600000
-0.039551 0.168945 0.995850 -0.008514 0.028734 0.005321 35.400002 -0.600000 -3.000000
-0.042969 0.169189 1.004150 -0.027670 0.044697 0.010642 34.799999 0.000000 -4.200000
-0.052734 0.144043 1.003174 0.021284 0.019156 0.022349 36.599998 1.200000 -2.400000
-0.037842 0.165771 1.009521 0.013835 0.019156 0.011706 36.599998 -0.600000 -2.400000
-0.047852 0.156006 1.005859 0.011706 0.015963 0.010642 35.099998 -0.300000 -2.100000
-0.043701 0.159180 1.001953 0.005321 0.007450 0.009578 35.700001 0.900000 -3.300000
-0.049316 0.164307 1.005615 0.009578 0.023413 0.011706 33.900002 -0.900000 -1.500000
-0.041504 0.168213 1.004639 -0.007450 0.029798 0.015963 36.000000 0.000000 -1.800000
-0.043457 0.170898 1.001709 0.000000 -0.001064 0.024477 34.500000 -0.300000 -1.500000
-0.044922 0.169922 1.002930 -0.010642 0.004257 0.034055 35.400002 0.000000 -3.600000
-0.045898 0.170410 0.999023 0.015963 0.002128 0.036184 33.900002 0.900000 -3.900000
-0.046143 0.168945 0.999756 -0.045762 0.029798 0.020220 34.799999 0.600000 -1.800000
-0.045898 0.175537 1.009033 -0.034055 0.014899 0.007450 34.500000 0.300000 -2.700000
-0.033691 0.158936 1.004639 -0.007450 0.005321 0.014899 35.099998 -0.900000 -2.100000
-0.034180 0.165039 0.999023 -0.030863 0.011706 0.029798 33.299999 0.300000 -2.100000
-0.051270 0.164551 1.017822 -0.024477 0.013835 0.028734 35.700001 -0.300000 -3.300000
-0.038086 0.157715 1.014160 -0.008514 0.006385 0.031927 34.799999 1.200000 -3.000000
-0.036133 0.165039 1.005859 -0.027670 0.011706 0.038312 33.599998 -0.600000 -3.000000
-0.040771 0.165039 1.005127 -0.015963 0.014899 0.026606 36.000000 0.600000 -2.400000
-0.033203 0.165039 1.012207 -0.018092 0.038312 0.017028 34.799999 0.000000 -1.800000
-0.034912 0.179932 0.997559 -0.015963 0.020220 0.023413 35.700001 -0.300000 -0.900000
-0.041992 0.163086 1.011475 0.006385 0.030863 0.012771 35.400002 0.600000 -1.800000
-0.036865 0.162109 1.005615 -0.004257 0.018092 0.020220 36.000000 0.000000 -1.800000
-0.036133 0.167236 1.001221 -0.024477 0.024477 0.025541 33.599998 1.200000 -2.400000
-0.041016 0.165771 1.011963 -0.020220 0.030863 0.024477 33.599998 0.600000 -3.000000
-0.042969 0.158691 1.009521 -0.001064 0.028734 0.028734 34.799999 0.600000 -3.000000
-0.044434 0.171387 0.996582 -0.025541 0.036184 0.015963 34.799999 0.000000 -1.800000
-0.040771 0.166992 1.001709 -0.023413 0.014899 0.019156 33.900002 -0.900000 -2.700000
-0.038818 0.159668 1.018066 -0.021284 0.036184 0.025541 33.900002 0.300000 -1.500000
-0.039795 0.168213 1.005127 -0.013835 0.030863 0.029798 35.099998 0.300000 -2.700000
-0.048096 0.169434 0.999756 0.004257 0.018092 0.018092 34.799999 0.600000 -1.200000
-0.042480 0.165771 1.011719 -0.019156 0.029798 0.011706 34.500000 -2.100000 -2.700000
-0.044678 0.169922 0.999268 -0.019156 0.041505 0.008514 34.799999 -0.600000 -4.200000
-0.048096 0.174316 1.000977 -0.062789 0.019156 0.002128 36.000000 1.800000 -1.200000
-0.038574 0.141357 0.992920 -0.005321 0.003193 0.028734 34.500000 -2.100000 -2.700000
-0.042969 0.162354 1.011230 -0.043633 0.019156 0.025541 34.500000 1.500000 -1.500000
-0.037842 0.161377 1.013428 -0.020220 0.026606 0.020220 36.599998 1.200000 -2.400000
-0.041504 0.163330 1.001465 -0.023413 0.025541 0.018092 33.900002 0.300000 -2.100000
-0.049561 0.162354 1.006104 -0.012771 0.025541 0.018092 36.000000 -0.600000 -0.600000
-0.049072 0.170410 1.007080 -0.032991 0.032991 0.017028 34.200001 -0.600000 -1.800000
-0.043213 0.163330 1.008789 -0.067046 0.031927 0.022349 35.700001 0.900000 -1.500000
-0.056152 0.156006 1.013916 -0.065982 0.021284 0.017028 34.200001 -0.600000 -3.000000
-0.034668 0.154297 0.997559 -0.036184 0.025541 0.019156 35.099998 1.500000 -2.700000
-0.040527 0.152344 1.004883 -0.028734 0.025541 0.017028 34.500000 0.300000 -2.700000
-0.053711 0.163086 1.016113 -0.024477 0.026606 0.009578 35.099998 -0.300000 -3.900000
-0.042236 0.149414 1.014404 0.039376 0.027670 0.020220 35.400002 1.200000 -2.400000
-0.048584 0.159180 1.000000 -0.005321 0.019156 0.022349 34.500000 0.300000 -2.700000
-0.049072 0.166504 1.002686 -0.001064 0.019156 0.025541 34.200001 0.000000 -3.600000
-0.043457 0.163086 1.003174 -0.018092 -0.005321 0.028734 36.900002 0.300000 -1.500000
-0.052002 0.166748 1.004395 -0.012771 0.009578 0.020220 36.900002 -0.900000 -3.300000
-0.042969 0.166260 0.993652 -0.005321 0.020220 0.018092 35.700001 -0.300000 -3.300000
-0.047119 0.162598 0.994141 0.000000 0.019156 0.007450 36.000000 1.200000 -2.400000
-0.040039 0.155762 1.003662 0.026606 0.019156 -0.005321 34.500000 2.100000 -1.500000
-0.037354 0.150146 1.016357 0.001064 0.042569 0.001064 35.400002 1.200000 -1.800000
-0.038574 0.166260 1.001709 -0.018092 0.040441 0.008514 34.500000 1.500000 -2.700000
-0.047852 0.162598 1.008545 -0.021284 0.031927 0.018092 35.099998 -0.300000 -3.300000
-0.049805 0.171875 1.009521 -0.023413 0.031927 0.019156 35.400002 0.600000 -1.800000
-0.051514 0.166260 1.004150 -0.013835 0.021284 0.017028 35.099998 0.300000 -2.700000
-0.051270 0.165039 1.015137 0.023413 0.025541 0.021284 37.500000 0.300000 -2.100000
-0.048584 0.164551 1.007812 0.020220 0.025541 0.028734 34.799999 0.000000 -1.800000
-0.047607 0.168701 1.006348 0.004257 0.027670 0.026606 36.599998 -0.600000 -2.400000
-0.045898 0.158691 1.006104 -0.010642 0.022349 0.037248 35.400002 0.000000 -3.000000
-0.045898 0.155273 1.004395 0.002128 0.018092 0.026606 35.400002 -1.200000 -2.400000
-0.041016 0.172852 1.003662 -0.024477 0.018092 0.024477 35.700001 0.900000 -2.700000
-0.045410 0.164062 0.991943 -0.018092 0.021284 0.024477 35.700001 -0.300000 -0.300000
-0.045898 0.173096 1.014893 -0.015963 0.029798 0.018092 34.200001 -0.600000 -2.400000
-0.044678 0.172363 1.001709 -0.024477 0.021284 0.014899 36.299999 0.300000 -1.500000
-0.044678 0.159424 1.003906 -0.014899 0.040441 0.019156 33.599998 -0.600000 -3.000000
-0.046143 0.162354 1.002441 -0.022349 0.025541 0.020220 35.099998 0.900000 -2.100000
-0.045898 0.165771 0.996094 -0.003193 0.008514 0.026606 36.000000 0.000000 -1.800000
-0.049805 0.165283 1.012695 0.000000 0.026606 0.013835 35.099998 0.300000 -3.300000
-0.047852 0.161133 1.009521 0.000000 0.026606 0.013835 34.200001 0.000000 -2.400000
-0.045654 0.166260 1.000244 -0.011706 0.013835 0.007450 34.500000 -0.900000 -2.700000
-0.046387 0.165771 0.992432 -0.008514 0.026606 0.014899 36.000000 0.000000 -1.800000
-0.050781 0.163574 1.018555 -0.011706 0.027670 0.025541 33.900002 0.300000 -2.100000
-0.047119 0.162109 1.009277 0.001064 0.020220 0.031927 36.599998 0.600000 -1.800000
-0.046387 0.169434 0.996094 0.003193 0.019156 0.035119 34.799999 1.200000 -0.600000
-0.052734 0.167480 0.999268 -0.012771 0.025541 0.032991 34.500000 -0.900000 -0.900000
-0.055908 0.164307 1.008057 -0.022349 0.019156 0.025541 34.799999 1.200000 -1.800000
-0.046875 0.165039 1.011963 -0.002128 0.019156 0.018092 33.900002 0.300000 -2.100000
-0.039307 0.174561 1.010986 -0.009578 0.028734 0.011706 35.400002 -2.400000 -1.200000
-0.043945 0.167236 0.997070 0.013835 0.019156 0.010642 33.900002 -2.100000 -2.700000
-0.048584 0.179443 1.009033 -0.007450 0.031927 0.003193 35.099998 2.100000 -1.500000
-0.043945 0.163574 0.998535 0.011706 0.021284 0.002128 35.700001 1.500000 -2.100000
-0.041504 0.175293 1.005859 0.006385 0.019156 -0.005321 34.200001 -0.600000 -1.800000
-0.043457 0.173340 0.998047 -0.008514 0.024477 0.003193 35.400002 0.600000 -2.400000
-0.047119 0.170654 1.009033 -0.002128 0.025541 0.007450 35.099998 -0.900000 -2.100000
-0.050781 0.172119 1.013916 -0.004257 0.025541 0.006385 34.500000 -0.300000 -2.700000
-0.051270 0.175537 1.006348 0.006385 0.011706 0.011706 35.400002 0.000000 -1.800000
-0.037598 0.176270 0.989258 -0.014899 0.022349 0.020220 35.099998 0.300000 0.300000
-0.052979 0.185791 0.995605 -0.020220 0.030863 0.017028 34.200001 0.600000 -3.600000
-0.059326 0.166260 1.020752 0.008514 0.028734 0.021284 35.099998 0.300000 -2.700000
-0.045898 0.175781 0.995117 0.007450 0.032991 0.034055 34.799999 -0.600000 -2.400000
-0.050049 0.166260 1.004395 -0.001064 0.021284 0.048954 35.400002 0.000000 -1.800000
-0.054688 0.168701 1.002441 0.008514 0.045762 0.050019 34.500000 -0.300000 -1.500000
-0.061279 0.180664 1.001465 -0.008514 0.036184 0.047890 34.500000 -0.900000 -1.500000
-0.054688 0.187500 0.990723 -0.024477 0.024477 0.043633 34.500000 -0.300000 -3.300000
-0.057129 0.181885 0.994873 -0.011706 0.024477 0.042569 35.400002 0.000000 -1.800000
-0.043701 0.182861 0.991211 -0.021284 0.028734 0.029798 34.500000 -0.300000 -1.500000
-0.051025 0.175781 0.995361 -0.025541 0.015963 0.031927 36.599998 0.000000 -4.800000
-0.050293 0.177246 1.009033 -0.018092 0.018092 0.034055 35.099998 -0.900000 -1.500000
-0.054199 0.173584 1.018066 -0.021284 0.028734 0.027670 36.000000 -0.600000 -2.400000
-0.052979 0.179932 0.997559 -0.004257 0.023413 0.030863 36.000000 0.000000 -1.800000
-0.047119 0.171875 1.022217 -0.018092 0.029798 0.030863 35.700001 0.900000 -1.500000
-0.052979 0.173828 1.020020 0.002128 0.034055 0.029798 36.599998 -0.600000 -3.000000
-0.044189 0.177002 0.994141 -0.020220 0.025541 0.035119 33.000000 0.000000 -2.400000
-0.051758 0.176758 1.003418 -0.006385 0.024477 0.027670 35.400002 -2.400000 -1.800000
-0.042725 0.173828 0.995850 0.001064 0.020220 0.017028 35.099998 -0.900000 -2.700000
-0.048096 0.177979 1.002441 -0.014899 0.014899 0.015963 33.900002 0.300000 -0.300000
-0.048096 0.176025 1.010254 0.005321 0.015963 0.011706 33.900002 -2.100000 -2.100000
-0.050293 0.182861 1.015137 -0.011706 0.025541 0.012771 36.000000 -1.200000 -3.000000
-0.044189 0.175781 1.004150 -0.005321 0.024477 0.014899 33.299999 -0.300000 -2.700000
-0.051025 0.177246 1.012451 -0.014899 0.010642 0.015963 36.900002 -0.900000 -3.900000
-0.051025 0.176270 1.002930 -0.008514 0.018092 0.020220 36.000000 -1.800000 -1.800000
-0.053955 0.181152 1.000488 -0.002128 0.007450 0.022349 36.900002 -0.900000 -2.100000
-0.045410 0.174316 0.998779 -0.005321 0.002128 0.025541 36.000000 -0.600000 -2.400000
-0.051758 0.181152 0.997314 -0.022349 0.015963 0.027670 36.000000 0.000000 -1.200000
-0.051270 0.182617 1.013672 -0.017028 0.028734 0.025541 36.599998 -0.600000 -3.000000
-0.054688 0.177979 0.990967 -0.007450 0.015963 0.019156 35.700001 -0.300000 -2.100000
-0.047119 0.181641 1.001465 -0.024477 0.029798 0.020220 34.799999 -0.600000 -0.600000
-0.054199 0.177979 1.002197 0.001064 0.032991 0.011706 34.799999 0.000000 -3.000000
-0.055664 0.182373 1.002686 -0.028734 0.036184 0.005321 35.700001 -1.500000 -1.500000
-0.053223 0.173828 1.008057 -0.013835 0.012771 0.027670 35.400002 -0.600000 -0.600000
-0.046631 0.184082 0.992676 -0.005321 0.005321 0.028734 33.900002 0.300000 0.300000
-0.053955 0.185791 1.004150 -0.019156 0.014899 0.023413 35.700001 0.900000 -2.100000
-0.049072 0.186523 1.013916 -0.007450 0.022349 0.014899 34.500000 -0.900000 -3.900000
-0.049561 0.183350 1.008545 0.003193 0.014899 0.011706 34.500000 -1.500000 -1.500000
-0.041504 0.171143 0.994629 -0.006385 0.012771 0.026606 34.500000 -0.300000 -2.700000
-0.047363 0.186279 1.003906 0.014899 0.013835 0.037248 35.400002 -0.600000 -3.000000
-0.053467 0.183350 1.004150 -0.010642 0.015963 0.025541 34.500000 -1.500000 -2.700000
-0.050537 0.175293 0.992188 0.006385 0.020220 0.024477 34.200001 0.000000 -0.600000
-0.054688 0.186768 0.994629 -0.001064 0.017028 0.021284 35.400002 0.000000 -1.200000
-0.051025 0.188965 1.003418 -0.024477 0.025541 0.024477 34.500000 -0.900000 -2.100000
-0.044678 0.177734 0.999268 -0.007450 0.021284 0.026606 36.900002 -0.300000 -0.900000
-0.042969 0.178955 1.010742 -0.007450 0.022349 0.029798 35.700001 0.300000 -2.100000
-0.051025 0.184326 1.000977 0.003193 0.023413 0.036184 35.700001 -0.900000 -1.500000
-0.047607 0.180420 0.996094 -0.013835 0.017028 0.017028 34.500000 -0.900000 -1.500000
-0.049561 0.176758 1.000000 -0.018092 0.020220 0.014899 35.400002 -2.400000 -3.000000
-0.047363 0.183350 0.996094 -0.012771 0.021284 0.017028 35.700001 0.300000 -3.900000
-0.053467 0.183105 0.999756 -0.023413 0.011706 0.014899 35.400002 -1.200000 -1.200000
-0.056396 0.182617 1.000977 -0.020220 0.017028 0.019156 36.599998 -1.800000 -1.200000
-0.054932 0.178955 1.007324 -0.013835 0.025541 0.019156 36.000000 -0.600000 -3.000000
-0.050293 0.185791 0.993164 0.008514 0.018092 0.014899 34.799999 -1.200000 -1.800000
