0.000000 0.000000 499373200431676129280.000000 0.170276 0.037248 -0.007450 35.099998 39.900002 52.500000
-0.055664 -1.037842 0.021973 0.019156 0.043633 0.104294 33.900002 39.299999 51.299999
-0.013428 -0.978271 0.052979 0.337359 -0.005321 0.055340 32.700001 40.500000 50.700001
-0.057617 -0.990967 -0.010254 0.062789 -0.040441 0.029798 33.900002 39.900002 51.299999
-0.080322 -0.992676 0.041748 -0.055340 -0.050019 0.026606 32.700001 40.500000 50.099998
-0.065430 -1.034912 0.057129 -0.030863 -0.040441 0.071303 33.299999 39.900002 51.299999
-0.035889 -0.974121 0.047363 0.137285 -0.039376 0.017028 33.299999 39.299999 51.299999
-0.058105 -1.001709 0.033936 0.143670 -0.070239 -0.018092 34.200001 40.200001 50.400002
-0.080566 -1.000977 0.044434 -0.124514 -0.038312 0.042569 35.700001 40.500000 51.299999
-0.089111 -0.966309 0.055664 -0.305432 -0.025541 -0.067046 33.900002 39.900002 50.099998
-0.074463 -1.027100 0.062012 -0.190496 0.039376 -0.028734 34.500000 40.500000 51.299999
-0.041748 -1.025635 0.044678 -0.002128 0.045762 0.015963 32.700001 39.900002 50.700001
-0.055664 -1.015381 0.033203 0.044697 0.050019 0.020220 33.299999 40.500000 48.900002
-0.043457 -0.998291 0.033691 -0.112808 0.056404 0.034055 33.599998 39.000000 51.000000
-0.040039 -1.019775 0.020996 -0.027670 0.038312 0.013835 33.299999 40.500000 49.500000
-0.047119 -1.011963 0.018555 -0.015963 0.018092 0.034055 34.200001 39.599998 50.400002
-0.049316 -0.992432 0.024414 -0.102166 0.043633 0.013835 33.000000 40.200001 51.000000
-0.051270 -1.008057 0.014648 -0.104294 0.024477 0.042569 32.700001 39.900002 51.299999
-0.067627 -1.053223 0.042236 -0.171340 0.060661 0.031927 36.299999 39.299999 50.700001
-0.044922 -0.998291 0.004639 -0.210716 0.036184 0.030863 33.900002 39.900002 50.099998
-0.064453 -1.056152 0.018066 -0.226680 0.055340 0.064918 34.200001 39.599998 52.200001
-0.057373 -0.995850 -0.021729 -0.222423 0.043633 0.024477 34.799999 39.000000 52.799999
-0.059570 -1.007568 -0.017090 -0.095780 0.036184 -0.004257 34.200001 40.799999 53.400002
-0.053223 -0.998047 -0.017578 -0.195817 0.030863 -0.004257 32.400002 40.200001 52.799999
-0.065430 -0.988037 -0.018799 -0.453360 0.052147 -0.062789 34.200001 40.200001 53.400002
-0.053711 -1.001709 -0.048096 -0.528919 0.067046 -0.044697 33.299999 39.299999 55.500000
-0.039795 -1.010986 -0.060547 -0.407598 0.067046 -0.014899 34.200001 37.799999 55.200001
-0.033203 -0.993652 -0.060791 -0.500185 0.080881 0.027670 34.799999 39.599998 55.799999
-0.035645 -1.001465 -0.097168 -0.357579 0.062789 0.022349 33.000000 37.200001 56.400002
-0.036865 -0.996338 -0.107178 -0.359708 0.067046 0.031927 33.900002 36.900002 56.700001
-0.042725 -1.005859 -0.121582 -0.309689 0.051083 0.027670 32.700001 38.700001 57.900002
-0.039551 -0.981201 -0.122070 -0.282019 0.045762 0.025541 33.900002 37.500000 56.700001
-0.050781 -0.991943 -0.127686 0.047890 -0.019156 0.009578 33.599998 36.599998 59.400002
-0.044922 -0.976318 -0.098389 -0.109615 0.035119 0.018092 34.500000 36.900002 57.900002
-0.042969 -0.987549 -0.146240 -0.179854 0.015963 0.012771 33.599998 37.799999 57.599998
-0.048828 -0.969482 -0.109863 -0.224551 0.032991 0.002128 33.900002 38.099998 57.900002
-0.045654 -1.007812 -0.150146 -0.268185 0.017028 0.043633 32.700001 36.900002 58.500000
-0.045654 -0.964111 -0.129395 -0.386313 0.039376 0.029798 33.299999 36.900002 59.099998
-0.040039 -0.996094 -0.170166 -0.526791 0.008514 0.052147 34.799999 36.599998 60.000000
-0.046143 -0.986816 -0.161377 -0.651305 0.058532 0.061725 34.200001 37.799999 60.599998
-0.052734 -1.005127 -0.230469 -0.720480 0.040441 0.039376 33.599998 36.599998 61.200001
-0.031006 -0.994629 -0.241455 -0.706645 0.000000 0.031927 35.099998 36.299999 63.299999
-0.046875 -0.966064 -0.277588 -0.612993 -0.052147 0.023413 33.599998 33.599998 62.400002
-0.057373 -0.971436 -0.284180 -0.378864 -0.039376 0.027670 33.299999 35.099998 63.299999
-0.047119 -0.946045 -0.288574 -0.325653 -0.034055 0.010642 32.700001 35.099998 63.299999
-0.070068 -0.962402 -0.289062 -0.272441 0.002128 0.025541 33.900002 33.299999 64.500000
-0.056396 -0.944580 -0.298340 -0.412919 0.055340 0.064918 35.400002 34.799999 64.800003
-0.063965 -0.935547 -0.299072 -0.351194 0.092588 0.012771 35.099998 33.299999 66.300003
-0.033447 -0.921631 -0.313477 -0.272441 0.120257 -0.007450 32.099998 32.099998 66.900002
-0.046143 -0.955566 -0.333984 -0.329910 0.100037 0.017028 33.900002 33.900002 65.699997
-0.037109 -0.929932 -0.357910 -0.752407 0.112808 0.035119 32.099998 30.900000 68.099998
-0.045654 -0.917969 -0.383545 -0.991857 0.134092 0.025541 33.900002 31.500000 69.300003
-0.038330 -0.933594 -0.425781 -0.587452 0.073431 -0.003193 33.299999 29.700001 68.099998
-0.031982 -0.890625 -0.419678 -0.356515 0.057468 -0.015963 32.400002 30.000000 69.599998
-0.052002 -0.886719 -0.422119 -0.458681 0.091523 -0.026606 32.400002 29.400000 71.400002
-0.040771 -0.900146 -0.463135 -0.223487 0.038312 -0.024477 34.500000 30.299999 71.099998
-0.047607 -0.879639 -0.441406 -0.237322 0.059597 -0.022349 32.700001 27.900000 72.300003
-0.044434 -0.869141 -0.468018 -0.392699 0.089395 -0.015963 32.099998 27.900000 71.099998
-0.043945 -0.872070 -0.485352 -0.566167 0.064918 -0.002128 32.400002 28.200001 71.400002
-0.034180 -0.865234 -0.493408 -0.519341 0.052147 0.012771 32.700001 27.900000 71.699997
-0.022705 -0.847412 -0.523682 -0.527855 0.027670 -0.022349 33.599998 27.000000 72.000000
-0.042969 -0.853516 -0.529785 -0.558718 0.026606 -0.038312 32.700001 27.299999 74.699997
-0.030518 -0.839600 -0.549561 -0.609801 0.007450 -0.017028 31.200001 25.799999 75.000000
-0.038330 -0.820068 -0.551270 -0.582131 0.008514 -0.010642 33.900002 26.700001 74.699997
-0.020752 -0.832520 -0.591309 -0.427818 -0.050019 -0.002128 32.700001 23.700001 76.500000
-0.031494 -0.805908 -0.572998 -0.360772 -0.039376 0.023413 32.099998 23.100000 75.900002
-0.031006 -0.799072 -0.585693 -0.383121 0.002128 0.030863 31.500000 22.500000 75.300003
-0.028809 -0.777100 -0.610596 -0.523598 -0.006385 0.032991 33.299999 21.900000 75.300003
-0.032471 -0.786133 -0.598633 -0.539562 0.024477 0.024477 33.000000 22.200001 76.199997
-0.033936 -0.770996 -0.630371 -0.518277 0.031927 0.036184 32.400002 20.400000 78.000000
-0.034668 -0.763916 -0.653320 -0.522534 0.027670 0.034055 34.500000 20.700001 77.099998
-0.030029 -0.749268 -0.654785 -0.519341 0.068110 0.022349 31.799999 20.400000 78.000000
-0.031738 -0.723633 -0.679199 -0.598094 0.076624 0.027670 31.799999 19.200001 78.000000
-0.020508 -0.723389 -0.687012 -0.470387 0.054275 0.017028 32.400002 17.400000 78.000000
-0.022705 -0.691895 -0.710449 -0.524663 0.042569 0.012771 33.299999 18.299999 79.500000
-0.026123 -0.689941 -0.690430 -0.481029 0.045762 0.002128 32.099998 17.100000 78.300003
-0.021973 -0.690674 -0.712158 -0.333102 0.020220 0.006385 32.400002 16.799999 79.199997
-0.027832 -0.666504 -0.724121 -0.400148 0.046826 0.004257 31.500000 15.900000 78.300003
-0.021973 -0.656494 -0.747803 -0.451231 0.040441 -0.001064 33.000000 16.200001 79.800003
-0.020264 -0.652344 -0.752441 -0.312882 0.024477 -0.018092 33.299999 14.700000 80.699997
-0.028809 -0.648438 -0.745117 -0.261799 0.036184 -0.002128 33.900002 15.300000 81.300003
-0.025635 -0.630615 -0.750732 -0.306497 0.043633 -0.021284 33.000000 16.200001 81.000000
-0.013672 -0.633057 -0.764648 -0.259671 0.008514 -0.001064 32.400002 13.200000 81.000000
-0.016602 -0.616699 -0.780518 -0.276698 -0.005321 0.005321 33.299999 13.500000 81.300003
-0.023438 -0.603516 -0.777100 -0.373543 0.014899 0.002128 32.700001 12.900000 80.699997
-0.019287 -0.607910 -0.786133 -0.401213 0.022349 -0.001064 32.700001 12.900000 79.500000
-0.032227 -0.609863 -0.787842 -0.266056 0.004257 0.018092 32.400002 13.200000 82.199997
-0.018799 -0.581787 -0.803467 -0.304368 -0.020220 -0.003193 32.700001 11.700000 82.500000
-0.023682 -0.571045 -0.802979 -0.411855 0.009578 0.005321 31.500000 11.100000 81.300003
-0.019775 -0.566650 -0.814209 -0.382057 0.018092 -0.003193 31.799999 12.000000 81.599998
-0.018799 -0.577637 -0.812256 -0.299047 -0.014899 -0.008514 31.799999 12.600000 83.400002
-0.018799 -0.530273 -0.822998 -0.402277 0.029798 -0.024477 32.700001 9.300000 82.500000
-0.020020 -0.548096 -0.843750 -0.318203 0.012771 -0.009578 31.500000 9.900000 81.300003
-0.008545 -0.532715 -0.845215 -0.382057 0.024477 -0.022349 33.000000 9.000000 82.199997
-0.013916 -0.517822 -0.845947 -0.395891 0.044697 -0.018092 30.900000 7.500000 82.500000
-0.016357 -0.505859 -0.845703 -0.313946 0.041505 -0.023413 33.000000 8.400000 82.800003
-0.019531 -0.500000 -0.860352 -0.262863 0.047890 -0.021284 32.400002 8.400000 81.599998
-0.027832 -0.507324 -0.856934 -0.199010 0.069175 0.008514 32.099998 8.700000 83.699997
-0.017578 -0.464111 -0.860107 -0.396956 0.110679 0.026606 31.500000 6.900000 81.300003
-0.004639 -0.463623 -0.886719 -0.405469 0.076624 0.037248 32.099998 6.900000 84.300003
-0.005371 -0.437012 -0.886963 -0.449103 0.070239 0.067046 31.200001 5.400000 84.000000
-0.000244 -0.440674 -0.902100 -0.533176 0.044697 0.052147 32.099998 3.900000 81.900002
-0.006592 -0.429443 -0.898682 -0.542754 0.032991 0.043633 33.000000 4.200000 82.199997
-0.009033 -0.434814 -0.888672 -0.624700 0.038312 0.009578 33.299999 4.500000 83.099998
-0.008789 -0.384277 -0.893066 -0.708773 0.044697 0.014899 32.700001 2.100000 84.900002
-0.018555 -0.375732 -0.920654 -0.668333 0.024477 0.027670 32.400002 1.200000 83.400002
0.001221 -0.342285 -0.913818 -0.612993 0.027670 -0.015963 33.900002 -0.900000 85.500000
-0.001221 -0.305908 -0.921143 -0.723673 0.037248 -0.010642 32.400002 -3.000000 81.599998
-0.012451 -0.325439 -0.938232 -0.631085 0.036184 0.017028 31.200001 -1.800000 85.199997
0.008057 -0.272461 -0.951172 -0.648113 0.052147 0.000000 33.000000 -2.400000 83.400002
-0.006348 -0.246826 -0.947266 -0.665140 0.054275 0.005321 32.700001 -6.300000 83.699997
-0.006104 -0.244629 -0.966797 -0.591709 0.021284 0.006385 31.500000 -6.300000 82.500000
-0.014160 -0.212402 -0.966797 -0.738572 0.043633 0.043633 30.900000 -5.700000 83.099998
-0.004883 -0.213135 -0.967285 -0.647048 0.001064 0.050019 29.400000 -9.000000 83.400002
-0.006836 -0.164551 -0.969238 -0.671525 0.001064 0.080881 31.500000 -9.300000 82.500000
-0.010010 -0.150146 -0.970215 -0.751342 0.025541 0.117065 31.500000 -9.900000 83.699997
-0.004150 -0.130615 -0.977539 -0.726865 0.001064 0.108551 31.200001 -12.600000 82.800003
0.009033 -0.108643 -0.979980 -0.625764 0.030863 0.092588 33.000000 -11.400000 84.000000
-0.000488 -0.082520 -0.985840 -0.670461 0.048954 0.090459 30.900000 -14.100000 82.500000
0.000977 -0.049805 -0.992676 -0.668333 0.027670 0.063853 30.900000 -14.100000 84.300003
0.007324 -0.039551 -0.970215 -0.606608 0.037248 0.056404 32.099998 -15.900000 82.500000
0.006836 -0.026123 -0.992188 -0.584259 0.060661 0.057468 31.200001 -16.799999 82.199997
0.005371 -0.007812 -0.975830 -0.509763 0.102166 0.078753 31.500000 -17.100000 81.900002
0.007568 0.008789 -0.971191 -0.387378 0.105358 0.040441 30.900000 -17.100000 81.900002
0.014160 0.054688 -0.971436 -0.582131 0.133028 0.038312 32.700001 -19.500000 82.500000
0.002686 0.061279 -0.996582 -0.624700 0.123450 0.032991 31.500000 -20.100000 82.500000
0.055664 0.087891 -1.094971 -1.337730 -0.084074 0.037248 32.400002 -20.400000 79.199997
-0.021729 0.087646 -0.917725 -0.812003 -0.047890 0.010642 32.400002 -22.799999 80.400002
0.017090 0.114014 -0.973877 -0.558718 0.030863 0.044697 30.299999 -24.900000 78.300003
-0.008301 0.153564 -0.945557 -0.495928 0.042569 0.073431 33.000000 -25.799999 80.400002
0.028809 0.192383 -0.948242 -0.523598 0.117065 0.058532 30.600000 -25.200001 79.199997
0.027588 0.225586 -0.946045 -0.585323 0.161762 0.015963 31.500000 -24.900000 77.699997
0.041016 0.198486 -0.952637 -0.380992 0.171340 -0.050019 28.500000 -26.100000 80.099998
0.009766 0.222656 -0.983643 -0.283084 0.139413 -0.036184 31.799999 -27.000000 78.000000
0.019531 0.219238 -0.942139 -0.309689 0.138349 0.004257 29.700001 -27.299999 78.300003
0.019531 0.244873 -0.971924 -0.259671 0.097909 0.017028 30.299999 -26.100000 78.300003
0.016113 0.243652 -0.945312 -0.142606 0.062789 0.041505 30.000000 -28.200001 78.000000
0.027100 0.281982 -0.962646 -0.272441 0.039376 0.023413 29.700001 -27.299999 77.099998
0.023682 0.245361 -0.940430 -0.160698 0.029798 0.014899 30.600000 -28.200001 78.000000
0.038818 0.282715 -0.928955 -0.134092 0.051083 0.018092 29.400000 -28.799999 78.599998
0.034668 0.270508 -0.935547 -0.245836 0.029798 0.022349 30.299999 -29.100000 77.699997
0.021484 0.268799 -0.957520 -0.140478 0.001064 0.019156 30.900000 -29.100000 77.699997
0.046143 0.294678 -0.924316 -0.176661 -0.012771 0.030863 29.700001 -29.100000 75.300003
0.030029 0.295166 -0.934570 -0.138349 -0.022349 0.020220 29.700001 -29.700001 77.099998
0.046631 0.308838 -0.932129 -0.186239 -0.011706 0.020220 28.200001 -29.400000 77.400002
0.046875 0.299561 -0.941406 -0.098973 0.023413 0.004257 30.900000 -30.299999 77.699997
0.037109 0.329834 -0.935059 -0.202203 0.019156 -0.008514 28.500000 -29.100000 75.900002
0.041992 0.298096 -0.937744 -0.138349 0.014899 0.010642 29.700001 -30.900000 76.500000
0.031250 0.318604 -0.944824 -0.125578 0.013835 0.030863 30.299999 -31.500000 77.099998
0.032959 0.316650 -0.938232 -0.119193 -0.005321 0.027670 31.200001 -29.400000 76.800003
0.022705 0.337646 -0.918701 -0.176661 -0.018092 0.042569 30.600000 -30.600000 75.000000
0.029297 0.315430 -0.935059 -0.072367 -0.011706 0.038312 31.500000 -30.299999 76.500000
0.023682 0.329102 -0.911621 -0.058532 -0.003193 0.040441 31.200001 -30.000000 75.599998
0.024658 0.340088 -0.919922 -0.071303 -0.009578 0.050019 30.299999 -31.500000 77.099998
0.037598 0.343262 -0.913574 -0.092588 0.011706 0.032991 30.600000 -30.000000 75.599998
0.029785 0.334229 -0.918457 -0.039376 0.013835 0.005321 29.700001 -30.900000 75.900002
0.028320 0.336426 -0.918213 -0.069175 0.007450 0.007450 30.900000 -32.099998 76.500000
0.030273 0.347656 -0.908447 -0.063853 0.004257 0.003193 30.299999 -32.700001 77.699997
0.022461 0.336426 -0.920166 -0.047890 -0.001064 -0.003193 30.000000 -31.200001 76.199997
0.014648 0.344727 -0.928467 -0.028734 0.001064 0.009578 31.500000 -32.700001 76.500000
0.024170 0.351562 -0.924072 -0.071303 -0.007450 0.005321 29.700001 -32.700001 74.699997
0.026855 0.342529 -0.910156 -0.068110 0.007450 0.021284 32.400002 -31.799999 76.199997
0.020996 0.362549 -0.922363 -0.084074 0.021284 0.019156 31.200001 -30.600000 77.400002
0.015869 0.350830 -0.919678 -0.083009 0.010642 0.015963 31.500000 -32.700001 75.900002
0.017578 0.347412 -0.920898 -0.041505 0.020220 0.024477 31.500000 -30.900000 76.500000
0.020996 0.358643 -0.908203 -0.058532 0.028734 0.012771 29.700001 -30.900000 75.300003
0.015625 0.356934 -0.908936 -0.015963 0.032991 0.012771 30.900000 -31.500000 75.900002
0.022217 0.360352 -0.915039 -0.005321 0.038312 -0.002128 31.799999 -31.799999 75.599998
0.026855 0.347656 -0.917725 0.012771 0.043633 -0.011706 29.100000 -32.700001 75.300003
0.020752 0.350098 -0.930420 -0.014899 0.018092 -0.008514 30.600000 -30.000000 75.599998
0.021240 0.348389 -0.921387 -0.019156 0.015963 0.006385 31.200001 -31.799999 75.599998
0.022949 0.353271 -0.919678 -0.020220 0.009578 0.013835 29.700001 -30.900000 75.300003
0.017822 0.351807 -0.898682 -0.054275 0.013835 0.023413 30.600000 -30.600000 74.400002
0.020996 0.353271 -0.919922 -0.036184 0.020220 0.027670 30.299999 -30.900000 74.699997
0.025635 0.352783 -0.917480 -0.020220 0.013835 0.012771 30.600000 -31.200001 75.000000
0.021729 0.346924 -0.909424 -0.027670 0.022349 0.025541 30.000000 -31.799999 75.000000
0.024414 0.346680 -0.915039 -0.020220 0.025541 0.024477 32.099998 -30.900000 75.300003
0.019531 0.376221 -0.926025 -0.015963 0.009578 -0.003193 31.200001 -31.200001 76.199997
0.018066 0.355469 -0.926025 -0.013835 -0.005321 0.002128 30.000000 -31.200001 75.599998
0.014160 0.352539 -0.912598 -0.041505 -0.009578 0.014899 31.200001 -31.200001 76.800003
0.022461 0.353271 -0.915527 -0.032991 0.001064 0.028734 31.799999 -31.799999 76.199997
0.016113 0.361328 -0.902588 -0.041505 0.015963 0.038312 30.000000 -31.200001 74.400002
0.029541 0.359619 -0.913818 -0.013835 0.037248 0.023413 33.000000 -31.200001 76.199997
0.016846 0.348877 -0.904297 -0.015963 0.043633 0.024477 29.700001 -32.099998 75.900002
0.020752 0.356445 -0.914551 -0.037248 0.052147 0.027670 32.400002 -33.000000 76.199997
0.023926 0.365967 -0.914795 -0.025541 0.040441 0.014899 30.299999 -32.099998 76.500000
0.020264 0.363281 -0.927246 -0.026606 0.029798 0.017028 30.600000 -31.799999 75.599998
0.022217 0.349609 -0.904053 -0.018092 0.027670 0.011706 31.200001 -31.799999 75.000000
0.022705 0.364014 -0.916504 -0.006385 0.026606 0.010642 30.000000 -31.799999 76.199997
0.030273 0.349609 -0.914307 0.008514 0.019156 0.007450 28.799999 -31.200001 75.000000
0.020020 0.359375 -0.902832 -0.017028 0.013835 0.009578 30.299999 -33.299999 75.300003
0.018555 0.353516 -0.921875 -0.003193 0.002128 0.012771 32.400002 -32.400002 75.000000
0.013428 0.358643 -0.912842 -0.013835 -0.001064 0.010642 31.799999 -33.000000 76.199997
0.016846 0.359619 -0.917725 -0.028734 0.012771 0.021284 32.400002 -31.799999 76.199997
0.016357 0.348389 -0.903076 -0.024477 0.014899 0.027670 30.600000 -33.000000 75.000000
0.020752 0.361816 -0.909912 -0.027670 0.013835 0.023413 30.600000 -32.400002 75.599998
0.018311 0.361328 -0.926025 -0.006385 0.017028 0.023413 32.400002 -31.799999 76.199997
0.022217 0.359375 -0.904297 -0.013835 0.023413 0.020220 30.900000 -31.500000 75.300003
0.026123 0.356934 -0.908936 -0.024477 0.024477 0.011706 31.799999 -31.799999 75.000000
0.027344 0.366943 -0.913818 -0.014899 0.019156 -0.002128 29.100000 -32.099998 74.099998
0.013184 0.357178 -0.907715 -0.014899 0.003193 0.000000 29.700001 -32.700001 76.500000
0.013428 0.344482 -0.901611 -0.008514 0.005321 0.030863 31.500000 -31.500000 75.300003
0.012451 0.366211 -0.925293 -0.009578 -0.006385 0.030863 31.799999 -29.400000 76.199997
0.025635 0.358643 -0.914551 -0.006385 -0.008514 0.035119 32.700001 -32.099998 75.300003
0.007324 0.359375 -0.928223 -0.014899 -0.008514 0.039376 32.700001 -32.099998 74.699997
0.015381 0.357666 -0.920898 -0.007450 -0.003193 0.043633 32.099998 -30.299999 76.500000
0.023193 0.361572 -0.918701 0.002128 0.011706 0.032991 31.500000 -32.099998 75.300003
0.016846 0.349609 -0.910645 0.006385 0.022349 0.021284 30.299999 -32.099998 75.300003
0.022949 0.348389 -0.910156 -0.006385 0.045762 0.026606 30.299999 -31.500000 75.300003
0.011963 0.354492 -0.905518 -0.007450 0.045762 0.023413 30.900000 -30.900000 74.099998
0.019287 0.352783 -0.915527 0.012771 0.041505 0.013835 30.900000 -30.900000 75.300003
0.015625 0.351562 -0.917969 -0.014899 0.040441 0.022349 29.400000 -31.200001 73.199997
0.010498 0.353516 -0.913574 -0.018092 0.027670 0.023413 31.500000 -31.500000 76.500000
0.020996 0.355957 -0.906982 -0.010642 0.025541 0.019156 30.000000 -31.799999 75.000000
0.015137 0.356201 -0.919434 -0.017028 0.015963 0.020220 31.799999 -31.799999 75.599998
0.014893 0.350830 -0.915771 -0.019156 0.014899 0.022349 30.000000 -32.400002 75.599998
0.016846 0.346436 -0.916504 -0.022349 0.022349 0.031927 30.299999 -33.299999 77.099998
0.026367 0.360107 -0.919922 -0.025541 0.004257 0.014899 31.200001 -31.799999 75.599998
0.019531 0.354736 -0.919678 -0.021284 0.009578 0.022349 30.900000 -30.900000 73.500000
0.018555 0.355469 -0.910400 -0.029798 0.025541 0.035119 29.700001 -32.700001 75.300003
0.017090 0.362305 -0.920166 -0.009578 0.023413 0.018092 30.600000 -33.000000 73.800003
0.028076 0.361328 -0.917725 -0.012771 0.025541 0.018092 30.900000 -32.700001 75.300003
0.014893 0.348633 -0.919189 -0.009578 0.032991 0.017028 30.900000 -32.099998 76.500000
0.017578 0.356934 -0.914307 0.005321 0.044697 0.009578 31.500000 -31.500000 75.300003
0.029785 0.356689 -0.907715 -0.005321 0.057468 0.008514 31.200001 -31.200001 75.599998
0.020264 0.356934 -0.906006 -0.024477 0.046826 0.009578 28.799999 -31.799999 76.199997
0.023682 0.359131 -0.920898 -0.028734 0.017028 0.012771 30.900000 -32.700001 74.699997
0.017822 0.358398 -0.927734 -0.022349 0.009578 0.021284 30.299999 -30.299999 75.300003
0.008301 0.361084 -0.913086 -0.028734 0.004257 0.034055 30.600000 -31.799999 75.000000
0.019287 0.365967 -0.917725 -0.027670 0.001064 0.026606 31.200001 -30.600000 75.000000
0.021973 0.362793 -0.917725 -0.012771 0.014899 0.028734 30.900000 -32.099998 75.300003
0.011475 0.354004 -0.921387 -0.021284 0.017028 0.028734 29.400000 -32.400002 75.599998
0.019287 0.353271 -0.901855 -0.020220 0.011706 0.025541 30.600000 -32.400002 75.599998
0.022705 0.359131 -0.919922 -0.008514 0.024477 0.024477 31.500000 -30.299999 75.300003
0.018555 0.358887 -0.910400 -0.012771 0.026606 0.017028 32.400002 -30.600000 76.199997
0.024658 0.354736 -0.914062 -0.008514 0.035119 0.011706 31.500000 -32.099998 75.300003
0.022217 0.360596 -0.911133 -0.029798 0.043633 0.006385 29.700001 -30.900000 74.699997
0.017090 0.350586 -0.912354 -0.020220 0.038312 0.018092 30.299999 -32.099998 73.500000
0.013916 0.360352 -0.919678 -0.012771 0.035119 0.018092 30.299999 -31.500000 77.099998
0.017822 0.353516 -0.915283 -0.021284 0.019156 0.010642 31.500000 -32.099998 77.699997
0.025146 0.358398 -0.907227 -0.021284 0.019156 0.018092 30.900000 -30.900000 75.900002
0.018311 0.350586 -0.922119 -0.003193 0.017028 0.013835 30.900000 -32.700001 76.500000
0.022217 0.354736 -0.920654 0.006385 0.026606 0.019156 30.900000 -32.099998 75.300003
0.022217 0.359863 -0.919678 -0.019156 0.038312 0.028734 30.299999 -32.099998 74.699997
0.034180 0.358887 -0.902588 -0.010642 0.035119 0.022349 31.500000 -32.700001 74.699997
0.025146 0.355713 -0.914307 -0.012771 0.029798 0.017028 30.900000 -31.500000 75.300003
0.018799 0.361572 -0.907715 -0.027670 0.029798 0.018092 29.400000 -33.000000 75.599998
0.016602 0.358154 -0.917480 -0.019156 0.020220 0.023413 30.600000 -31.799999 75.599998
0.022705 0.359863 -0.917725 -0.018092 0.019156 0.019156 29.400000 -32.400002 75.000000
0.024170 0.355713 -0.911621 -0.014899 0.019156 0.019156 31.200001 -33.000000 75.000000
0.017334 0.351074 -0.916016 -0.009578 0.010642 0.019156 30.600000 -30.000000 76.800003
0.024658 0.365967 -0.922852 -0.013835 0.005321 0.017028 30.000000 -31.799999 76.199997
0.023193 0.346680 -0.911865 -0.004257 0.012771 0.028734 31.799999 -30.600000 75.599998
0.026855 0.353760 -0.916992 -0.022349 0.018092 0.028734 29.700001 -32.700001 76.500000
0.019775 0.368652 -0.918457 -0.007450 0.017028 0.015963 30.000000 -33.599998 75.000000
0.026611 0.364502 -0.915039 -0.008514 0.024477 0.019156 31.500000 -32.099998 74.699997
0.021729 0.353027 -0.914062 -0.021284 0.028734 0.021284 30.299999 -32.099998 74.099998
0.023926 0.351562 -0.908203 -0.024477 0.027670 0.021284 30.299999 -32.700001 76.500000
0.022705 0.363770 -0.919189 -0.026606 0.034055 0.031927 30.900000 -31.500000 74.699997
0.024658 0.357910 -0.920654 -0.022349 0.028734 0.022349 30.900000 -31.500000 74.699997
0.021729 0.356689 -0.912109 -0.025541 0.028734 0.020220 31.200001 -33.599998 75.599998
0.022705 0.360107 -0.918945 -0.019156 0.024477 0.008514 30.600000 -31.200001 76.800003
0.018799 0.357666 -0.908936 -0.011706 0.026606 0.022349 31.200001 -33.599998 76.199997
0.024170 0.364258 -0.907715 -0.013835 0.035119 0.020220 31.200001 -31.799999 75.599998
0.017822 0.351074 -0.910400 -0.014899 0.029798 0.015963 30.299999 -32.099998 75.300003
0.020264 0.355469 -0.911865 -0.024477 0.024477 0.014899 32.099998 -30.900000 75.900002
0.018066 0.347656 -0.896484 -0.047890 0.014899 0.012771 30.900000 -30.900000 74.699997
0.020996 0.368164 -0.916016 -0.036184 0.018092 0.015963 31.799999 -31.799999 76.199997
0.023682 0.357666 -0.907471 -0.019156 0.023413 0.010642 30.900000 -30.900000 75.300003
0.023438 0.356934 -0.907471 -0.027670 0.025541 -0.005321 30.900000 -32.099998 74.699997
0.020996 0.356445 -0.922119 -0.011706 0.030863 0.009578 29.700001 -32.099998 75.900002
0.020264 0.364746 -0.918945 0.009578 0.015963 0.020220 30.600000 -31.799999 75.599998
0.022217 0.357666 -0.924316 0.002128 0.013835 0.021284 30.299999 -31.500000 76.500000
0.021729 0.362061 -0.904785 -0.002128 0.014899 0.014899 29.100000 -31.500000 74.699997
0.023926 0.351318 -0.912109 0.009578 0.022349 0.022349 31.200001 -31.799999 76.199997
0.021484 0.354492 -0.895996 0.008514 0.031927 0.036184 30.600000 -31.200001 76.199997
0.019043 0.361084 -0.906494 0.003193 0.019156 0.039376 30.000000 -30.600000 76.800003
0.026611 0.362793 -0.914551 0.014899 0.017028 0.019156 30.900000 -30.900000 75.900002
0.031738 0.349609 -0.914795 -0.008514 0.027670 0.019156 30.000000 -31.799999 74.400002
0.023926 0.352295 -0.926758 -0.017028 0.025541 0.013835 30.900000 -31.500000 74.699997
0.020264 0.364746 -0.923584 -0.009578 0.020220 0.011706 30.299999 -32.099998 75.300003
0.020996 0.354004 -0.918701 -0.006385 0.018092 0.019156 29.100000 -30.900000 76.500000
0.021484 0.350098 -0.923096 -0.002128 0.012771 0.024477 30.299999 -31.500000 75.900002
0.030762 0.351562 -0.907959 -0.001064 0.019156 0.030863 30.900000 -32.700001 75.300003
0.028809 0.357178 -0.915771 -0.002128 0.018092 0.028734 30.299999 -30.299999 76.500000
0.024170 0.347656 -0.917969 0.005321 0.011706 0.025541 31.799999 -31.799999 75.599998
0.023438 0.345703 -0.902832 -0.017028 0.017028 0.028734 31.799999 -30.600000 77.400002
0.034912 0.356689 -0.923096 -0.018092 0.021284 0.022349 31.200001 -31.799999 78.000000
0.036133 0.354492 -0.919922 -0.024477 0.014899 0.010642 31.200001 -33.000000 74.400002
0.024170 0.344971 -0.908203 -0.028734 0.018092 0.011706 29.700001 -29.700001 75.300003
0.018311 0.350098 -0.917725 -0.023413 0.031927 0.017028 30.600000 -30.000000 75.599998
0.020996 0.355713 -0.919678 -0.048954 0.023413 0.014899 30.600000 -31.200001 75.000000
0.027588 0.353027 -0.919189 -0.019156 0.015963 0.009578 30.000000 -32.400002 77.400002
0.031494 0.352539 -0.911377 -0.007450 0.032991 0.023413 31.200001 -31.799999 75.599998
0.026855 0.349365 -0.916504 -0.018092 0.029798 0.022349 28.799999 -31.200001 76.199997
0.032471 0.361328 -0.901367 -0.022349 0.023413 0.010642 30.299999 -32.099998 75.900002
0.025635 0.353760 -0.922607 -0.020220 0.021284 0.008514 31.500000 -30.900000 75.900002
0.020752 0.350098 -0.922852 -0.021284 0.013835 0.009578 30.900000 -32.700001 75.900002
0.016357 0.349121 -0.920166 -0.009578 0.002128 0.020220 30.000000 -31.799999 76.199997
0.030273 0.355957 -0.915527 -0.020220 0.004257 0.031927 29.700001 -30.900000 75.900002
