0.000000 0.000000 789491147777209532416.000000 -0.014899 0.023413 0.017028 30.600000 39.599998 57.000000
-0.009033 -0.996582 -0.066162 -0.012771 0.024477 0.018092 30.299999 41.099998 56.700001
-0.010010 -0.999756 -0.073486 -0.013835 0.022349 0.019156 32.099998 39.299999 57.299999
-0.011719 -1.000977 -0.064453 -0.015963 0.023413 0.019156 32.099998 39.299999 57.299999
-0.009277 -1.004395 -0.065918 -0.017028 0.023413 0.019156 32.400002 40.200001 57.000000
-0.005371 -1.004150 -0.072266 -0.013835 0.022349 0.019156 30.900000 39.900002 56.099998
-0.008301 -1.002197 -0.063232 -0.014899 0.022349 0.017028 31.799999 39.599998 57.000000
-0.005371 -0.997314 -0.075684 -0.018092 0.022349 0.019156 31.500000 39.299999 55.500000
-0.007568 -0.997314 -0.071045 -0.015963 0.023413 0.017028 30.900000 39.299999 57.299999
-0.004150 -0.996826 -0.066162 -0.018092 0.023413 0.020220 30.600000 40.200001 55.799999
-0.009033 -1.004395 -0.063232 -0.013835 0.022349 0.019156 32.700001 41.099998 57.299999
-0.009277 -0.992920 -0.059570 -0.013835 0.022349 0.020220 32.700001 39.900002 57.299999
-0.004883 -1.003418 -0.067627 -0.015963 0.024477 0.018092 31.500000 39.299999 56.700001
-0.010010 -1.001221 -0.065674 -0.017028 0.022349 0.018092 32.099998 39.900002 56.099998
-0.006592 -0.990723 -0.065430 -0.017028 0.023413 0.017028 31.500000 40.500000 56.700001
-0.006104 -1.007324 -0.069824 -0.015963 0.023413 0.018092 31.500000 39.900002 56.099998
-0.016357 -0.999023 -0.066650 -0.015963 0.021284 0.018092 30.900000 39.900002 56.099998
-0.008301 -1.005127 -0.066895 -0.014899 0.022349 0.017028 31.799999 39.599998 57.000000
-0.001953 -0.996582 -0.071045 -0.017028 0.021284 0.019156 32.400002 40.200001 56.400002
-0.016357 -0.995850 -0.069580 -0.012771 0.021284 0.020220 30.600000 39.599998 57.000000
-0.008789 -0.998535 -0.065674 -0.015963 0.024477 0.021284 30.600000 39.000000 55.799999
-0.010254 -0.996826 -0.065918 -0.014899 0.022349 0.017028 30.900000 39.900002 56.099998
-0.012939 -0.993652 -0.075439 -0.014899 0.024477 0.020220 30.000000 39.599998 58.200001
-0.004639 -1.001709 -0.072998 -0.015963 0.024477 0.020220 32.700001 38.700001 57.299999
-0.010010 -0.996826 -0.067139 -0.017028 0.023413 0.020220 32.400002 39.599998 55.799999
-0.006348 -1.001221 -0.065918 -0.014899 0.025541 0.018092 31.799999 39.599998 58.200001
-0.006104 -0.998535 -0.059814 -0.017028 0.021284 0.018092 31.500000 39.900002 55.500000
-0.006836 -1.000488 -0.066650 -0.014899 0.023413 0.018092 30.600000 39.000000 57.000000
-0.008545 -0.995605 -0.067627 -0.017028 0.023413 0.020220 32.099998 39.299999 56.700001
-0.004150 -0.996338 -0.069092 -0.012771 0.024477 0.017028 31.799999 39.599998 58.200001
-0.008789 -1.000977 -0.062012 -0.017028 0.020220 0.021284 30.299999 39.900002 57.299999
-0.004150 -1.002197 -0.075684 -0.013835 0.023413 0.019156 32.099998 38.099998 57.299999
-0.005371 -0.997559 -0.074951 -0.014899 0.022349 0.021284 31.500000 40.500000 56.700001
-0.010254 -1.002686 -0.060303 -0.017028 0.021284 0.017028 33.000000 39.000000 57.000000
-0.010254 -1.000977 -0.064209 -0.013835 0.023413 0.019156 31.200001 39.000000 57.599998
-0.009766 -0.998535 -0.039795 -0.011706 -0.112808 0.002128 31.799999 40.200001 57.000000
-0.010254 -1.001709 -0.066895 -0.012771 -0.006385 0.012771 30.600000 40.799999 55.799999
-0.006836 -0.996826 -0.071777 -0.013835 0.014899 0.017028 31.799999 40.200001 55.799999
-0.012939 -1.004883 -0.049316 -0.013835 0.048954 0.021284 31.799999 39.000000 57.599998
-0.013428 -1.003906 -0.065674 -0.014899 0.067046 0.024477 31.200001 40.200001 55.799999
-0.005615 -0.997559 -0.051514 -0.015963 0.054275 0.021284 32.400002 40.200001 57.599998
-0.016602 -0.996826 -0.065918 -0.013835 0.039376 0.022349 31.799999 39.000000 57.000000
-0.013916 -1.002686 -0.072754 -0.009578 0.008514 0.018092 30.900000 40.500000 56.700001
-0.006104 -1.002686 -0.066895 -0.014899 0.007450 0.018092 31.200001 39.000000 57.000000
-0.006836 -0.995361 -0.067139 -0.020220 0.003193 0.017028 32.400002 40.200001 57.000000
-0.015869 -0.992432 -0.068848 -0.013835 0.007450 0.020220 31.799999 40.799999 57.599998
0.000488 -1.004639 -0.072754 -0.018092 0.009578 0.018092 32.099998 39.900002 54.900002
-0.005615 -1.002930 -0.067627 -0.009578 0.019156 0.015963 30.900000 39.900002 57.299999
-0.008789 -0.997314 -0.073730 -0.011706 0.006385 0.018092 30.900000 39.900002 56.099998
-0.006104 -1.002930 -0.067627 -0.013835 -0.002128 0.015963 30.900000 39.900002 57.299999
-0.003906 -1.002930 -0.072510 -0.015963 -0.008514 0.015963 31.799999 42.000000 57.000000
-0.014648 -0.998047 -0.083740 -0.015963 -0.011706 0.014899 30.900000 39.900002 55.500000
-0.010986 -1.000732 -0.045654 -0.020220 0.006385 0.015963 30.900000 39.900002 55.500000
-0.002197 -1.002686 -0.063721 -0.011706 0.010642 0.017028 33.299999 40.500000 57.299999
-0.009033 -0.989990 -0.065918 -0.012771 0.011706 0.017028 32.700001 39.900002 57.299999
-0.010498 -0.992920 -0.058105 -0.012771 0.019156 0.017028 32.700001 38.700001 56.099998
-0.010254 -1.002197 -0.080811 -0.015963 0.014899 0.019156 32.099998 39.900002 54.299999
-0.006104 -0.989990 -0.106445 -0.022349 0.020220 0.021284 33.000000 40.200001 57.000000
-0.004639 -0.988281 -0.091553 -0.018092 0.032991 0.018092 30.900000 40.500000 55.500000
-0.010742 -1.004639 -0.074951 -0.017028 0.032991 0.021284 32.400002 39.599998 55.200001
-0.009277 -0.997559 -0.061035 -0.023413 0.034055 0.018092 32.700001 41.700001 56.700001
-0.010254 -1.003174 -0.079834 -0.015963 0.027670 0.023413 32.099998 41.099998 57.299999
-0.006104 -1.000732 -0.057129 -0.015963 0.036184 0.023413 30.900000 39.900002 55.500000
-0.006104 -0.995361 -0.064697 -0.018092 0.030863 0.019156 32.099998 39.299999 55.500000
-0.007812 -1.006348 -0.055176 -0.017028 0.031927 0.019156 31.799999 39.000000 55.200001
-0.012939 -0.998779 -0.083252 -0.011706 0.011706 0.019156 31.200001 39.000000 57.000000
-0.009033 -0.997314 -0.037354 -0.011706 0.022349 0.021284 32.400002 40.200001 55.200001
-0.013672 -1.003662 -0.091064 -0.014899 0.015963 0.015963 33.599998 39.599998 57.599998
-0.006348 -0.994629 -0.061035 -0.026606 0.002128 0.017028 32.099998 40.500000 55.500000
-0.004639 -1.000488 -0.045410 -0.012771 0.025541 0.020220 31.799999 40.200001 56.400002
-0.009033 -0.991211 -0.068115 -0.013835 0.014899 0.018092 32.099998 40.500000 56.700001
-0.014648 -1.006592 -0.065430 -0.020220 0.023413 0.015963 33.299999 40.500000 56.700001
-0.010498 -1.002441 -0.078857 -0.017028 0.024477 0.020220 31.799999 42.599998 56.400002
-0.010010 -0.997070 -0.068359 -0.013835 0.018092 0.015963 29.700001 39.900002 56.099998
-0.012207 -1.005371 -0.062744 -0.015963 0.018092 0.020220 31.799999 39.599998 57.000000
-0.008545 -1.003662 -0.048828 -0.014899 0.001064 0.014899 32.099998 40.500000 56.099998
-0.013184 -1.006592 -0.085938 -0.018092 -0.002128 0.017028 31.500000 39.900002 56.700001
-0.011475 -0.998047 -0.054932 -0.017028 -0.003193 0.017028 32.099998 39.299999 56.700001
-0.006104 -1.000000 -0.062744 -0.020220 0.007450 0.012771 33.299999 38.099998 55.500000
-0.008789 -1.007812 -0.071289 -0.010642 0.011706 0.018092 31.500000 40.500000 55.500000
-0.005615 -0.989502 -0.064697 -0.017028 0.031927 0.020220 31.500000 40.500000 55.500000
-0.000977 -0.999023 -0.072510 -0.013835 0.025541 0.017028 31.799999 40.799999 55.200001
-0.009033 -0.993164 -0.069580 -0.013835 0.030863 0.018092 31.500000 40.500000 56.700001
-0.009277 -1.000244 -0.074951 -0.011706 0.026606 0.021284 30.299999 39.299999 54.900002
-0.002441 -0.998047 -0.073242 -0.020220 0.020220 0.019156 33.299999 39.900002 56.700001
-0.012939 -1.001221 -0.058594 -0.017028 0.024477 0.019156 32.099998 39.299999 56.099998
-0.014404 -0.993896 -0.055176 -0.015963 0.017028 0.017028 32.400002 40.799999 55.200001
-0.010986 -0.996826 -0.078369 -0.012771 0.021284 0.019156 33.299999 40.500000 57.299999
-0.009521 -1.013184 -0.069092 -0.014899 0.024477 0.019156 31.200001 41.400002 55.799999
-0.008789 -1.007324 -0.062012 -0.010642 0.012771 0.014899 31.799999 39.000000 55.799999
-0.005127 -1.010010 -0.058350 -0.013835 0.009578 0.015963 31.799999 40.799999 57.599998
-0.011719 -0.993164 -0.078125 -0.021284 0.001064 0.017028 31.500000 39.900002 55.500000
-0.013672 -0.994385 -0.059814 -0.012771 0.014899 0.019156 32.099998 39.900002 56.700001
-0.010986 -1.014404 -0.069824 -0.014899 -0.007450 0.014899 32.700001 39.900002 56.099998
-0.010010 -0.995117 -0.055176 -0.011706 -0.002128 0.017028 33.599998 40.200001 56.400002
-0.012451 -0.995361 -0.075684 -0.017028 -0.011706 0.014899 33.299999 39.299999 53.700001
-0.007568 -0.986328 -0.071777 -0.015963 -0.009578 0.017028 32.099998 41.700001 56.700001
-0.006592 -1.009277 -0.065430 -0.021284 -0.002128 0.012771 33.599998 40.200001 57.000000
-0.004639 -1.012207 -0.070312 -0.022349 0.006385 0.014899 32.099998 38.099998 54.900002
-0.011963 -1.001709 -0.084229 -0.019156 -0.006385 0.013835 32.400002 39.000000 56.400002
-0.012207 -0.997559 -0.061279 -0.023413 -0.004257 0.013835 31.799999 40.200001 55.200001
-0.017090 -1.002686 -0.077393 -0.013835 -0.012771 0.017028 32.099998 40.500000 54.900002
-0.004395 -1.011230 -0.075195 -0.019156 -0.007450 0.017028 31.200001 39.000000 54.599998
-0.010498 -0.997803 -0.063477 -0.021284 -0.013835 0.014899 32.099998 39.900002 56.700001
-0.012451 -1.000977 -0.069580 -0.018092 0.000000 0.017028 33.599998 42.000000 56.400002
-0.006348 -1.011719 -0.053711 -0.017028 0.014899 0.018092 31.200001 37.799999 55.799999
-0.005127 -1.004883 -0.078125 -0.026606 0.010642 0.021284 33.000000 40.799999 56.400002
-0.003174 -0.991211 -0.064209 -0.021284 0.018092 0.017028 32.400002 40.200001 55.200001
-0.006348 -1.009766 -0.084229 -0.020220 0.022349 0.021284 32.400002 40.200001 55.200001
-0.009766 -0.999756 -0.065674 -0.012771 0.021284 0.014899 31.799999 41.400002 55.799999
-0.004150 -0.992432 -0.074951 -0.025541 0.019156 0.019156 32.700001 39.299999 54.900002
-0.013428 -0.991211 -0.088623 -0.025541 0.019156 0.017028 33.900002 39.299999 54.900002
-0.009277 -0.992920 -0.082520 -0.020220 0.001064 0.019156 32.099998 39.299999 53.700001
-0.009766 -0.999023 -0.054199 -0.015963 0.015963 0.018092 32.700001 39.900002 56.700001
-0.008545 -0.997314 -0.087402 -0.018092 -0.001064 0.013835 32.400002 41.400002 54.599998
-0.010254 -0.995605 -0.071533 -0.013835 0.007450 0.013835 33.299999 40.500000 55.500000
-0.012451 -0.999512 -0.077148 -0.019156 0.003193 0.018092 33.900002 39.900002 56.700001
-0.014404 -1.006592 -0.081055 -0.019156 -0.011706 0.015963 32.700001 41.700001 56.099998
-0.010986 -0.995361 -0.070801 -0.017028 -0.018092 0.015963 32.099998 38.700001 55.500000
-0.005615 -1.009277 -0.065918 -0.025541 0.000000 0.014899 31.799999 39.599998 55.200001
0.003662 -0.998535 -0.064453 -0.023413 0.001064 0.014899 31.799999 40.799999 55.200001
-0.014160 -0.995117 -0.070801 -0.017028 0.015963 0.019156 32.099998 40.500000 55.500000
-0.009766 -0.995850 -0.067139 -0.023413 0.028734 0.021284 32.099998 38.700001 54.299999
-0.009033 -1.004395 -0.079102 -0.020220 0.038312 0.020220 32.099998 39.900002 55.500000
-0.005615 -1.007324 -0.081055 -0.021284 0.051083 0.019156 33.299999 41.700001 55.500000
-0.003174 -0.988525 -0.073730 -0.015963 0.060661 0.021284 33.000000 39.000000 56.400002
0.005859 -0.989990 -0.062012 -0.019156 0.053211 0.020220 31.200001 39.599998 56.400002
-0.005371 -1.004883 -0.068115 -0.014899 0.050019 0.024477 32.099998 39.299999 55.500000
-0.004150 -0.984375 -0.065186 -0.017028 0.030863 0.017028 31.500000 41.099998 56.099998
-0.012695 -0.994873 -0.091553 -0.006385 0.019156 0.018092 33.000000 40.200001 55.200001
-0.009521 -1.005859 -0.095459 -0.015963 0.011706 0.017028 32.400002 41.400002 55.200001
-0.005859 -0.994141 -0.074219 -0.015963 0.006385 0.014899 33.299999 39.900002 54.299999
-0.008545 -1.021484 -0.074219 -0.014899 -0.005321 0.020220 33.000000 40.799999 54.000000
-0.013184 -0.993652 -0.087891 -0.018092 -0.020220 0.012771 31.799999 40.799999 55.799999
-0.014404 -0.993652 -0.071045 -0.019156 -0.012771 0.014899 33.299999 39.900002 56.099998
-0.006592 -1.001465 -0.075195 -0.012771 -0.002128 0.011706 31.200001 40.200001 54.599998
-0.008789 -1.000977 -0.060547 -0.012771 0.007450 0.013835 32.099998 39.900002 54.299999
-0.011719 -1.006592 -0.048584 -0.013835 0.017028 0.019156 32.400002 42.000000 55.799999
-0.007568 -1.008057 -0.083984 -0.013835 0.022349 0.021284 31.200001 40.200001 54.599998
-0.004395 -1.002686 -0.048828 -0.018092 0.039376 0.021284 30.900000 41.099998 53.700001
-0.009277 -0.999756 -0.080078 -0.018092 0.035119 0.021284 32.400002 40.200001 56.400002
0.000000 -1.014893 -0.052490 -0.019156 0.027670 0.020220 31.200001 40.200001 55.200001
-0.006104 -0.996338 -0.056396 -0.012771 0.024477 0.018092 30.299999 38.700001 54.900002
-0.010986 -0.989502 -0.075195 -0.014899 0.020220 0.019156 33.599998 39.599998 55.799999
-0.016113 -0.995117 -0.097900 -0.019156 0.012771 0.018092 32.099998 41.099998 54.299999
-0.009277 -1.002686 -0.077637 -0.005321 0.004257 0.018092 32.099998 40.500000 55.500000
0.003906 -0.997559 -0.051270 -0.013835 -0.005321 0.017028 33.299999 40.500000 55.500000
-0.014648 -0.998535 -0.079102 -0.015963 -0.012771 0.014899 32.400002 42.000000 54.000000
-0.008789 -0.992432 -0.081543 -0.008514 -0.003193 0.014899 33.000000 40.799999 55.799999
-0.001709 -1.010010 -0.065674 -0.010642 0.008514 0.019156 32.099998 39.299999 55.500000
-0.003906 -0.988281 -0.058350 -0.012771 0.028734 0.017028 32.400002 41.400002 55.200001
-0.017334 -0.998047 -0.076172 -0.007450 0.032991 0.018092 32.700001 41.700001 56.099998
-0.010498 -1.008545 -0.083740 -0.010642 0.026606 0.019156 31.200001 40.799999 54.599998
-0.016846 -1.001221 -0.062012 -0.015963 0.023413 0.019156 34.200001 42.599998 55.799999
-0.005371 -1.001221 -0.062744 -0.010642 0.006385 0.017028 33.299999 41.099998 54.299999
-0.011475 -1.008057 -0.053223 -0.011706 0.025541 0.017028 31.500000 38.700001 53.700001
-0.021729 -1.024658 -0.082031 -0.006385 0.043633 0.019156 32.099998 40.500000 54.900002
-0.011963 -0.978516 -0.080566 -0.009578 0.036184 0.019156 31.799999 42.000000 55.200001
-0.011230 -0.994873 -0.081299 -0.015963 0.047890 0.023413 32.700001 39.900002 53.700001
-0.008301 -0.986816 -0.043945 -0.006385 0.038312 0.019156 32.700001 40.500000 56.099998
-0.012695 -0.983154 -0.077148 -0.012771 0.043633 0.020220 29.700001 39.900002 55.500000
0.000977 -1.005371 -0.073242 -0.018092 0.047890 0.020220 31.500000 39.900002 54.900002
-0.019043 -0.996094 -0.095459 -0.014899 0.046826 0.021284 33.000000 41.400002 55.799999
-0.007812 -0.987793 -0.062256 -0.017028 0.045762 0.020220 32.099998 39.900002 54.299999
-0.009277 -0.993164 -0.070068 -0.014899 0.029798 0.020220 33.299999 40.500000 53.700001
-0.010742 -1.008057 -0.093994 -0.013835 0.024477 0.019156 32.700001 39.299999 54.900002
-0.010742 -0.992920 -0.092041 -0.008514 0.005321 0.014899 32.700001 41.700001 55.500000
-0.012939 -1.012695 -0.076416 -0.022349 0.003193 0.013835 34.500000 40.500000 54.900002
-0.003174 -1.003418 -0.074463 -0.008514 0.002128 0.018092 33.299999 39.900002 53.700001
-0.011963 -0.998047 -0.059326 -0.015963 0.014899 0.018092 32.099998 39.900002 54.900002
-0.006348 -1.029297 -0.088623 -0.011706 0.017028 0.014899 31.500000 40.500000 53.700001
-0.007568 -0.992676 -0.078857 -0.015963 0.010642 0.019156 32.400002 40.799999 54.599998
-0.013672 -1.010498 -0.085205 -0.015963 0.028734 0.018092 33.000000 42.000000 54.599998
0.000000 -0.980713 -0.038086 -0.023413 0.030863 0.021284 32.099998 39.900002 53.099998
-0.006348 -0.977051 -0.068359 -0.006385 0.035119 0.019156 31.200001 40.799999 54.000000
-0.005859 -1.015869 -0.104980 -0.028734 0.022349 0.019156 31.200001 40.200001 54.599998
-0.016602 -0.977051 -0.047852 -0.020220 0.015963 0.015963 31.200001 40.799999 54.000000
-0.013428 -0.989258 -0.033691 -0.010642 0.027670 0.017028 32.400002 41.400002 54.000000
-0.005615 -0.991455 -0.073486 -0.015963 0.011706 0.015963 31.799999 42.000000 53.400002
-0.002197 -0.995117 -0.047607 -0.017028 0.035119 0.018092 32.400002 39.599998 53.400002
-0.003174 -1.006104 -0.083252 -0.025541 0.027670 0.019156 30.900000 41.099998 53.700001
-0.011719 -0.978760 -0.089111 -0.017028 0.036184 0.018092 32.099998 42.299999 54.299999
-0.004883 -0.985596 -0.039062 -0.011706 0.041505 0.020220 31.799999 39.000000 54.000000
-0.016602 -1.037354 -0.061768 -0.012771 0.053211 0.021284 33.000000 41.400002 54.599998
-0.006592 -0.997070 -0.091553 -0.017028 0.022349 0.020220 33.000000 41.400002 54.000000
-0.007568 -1.007324 -0.076660 -0.019156 0.042569 0.021284 30.900000 41.700001 53.700001
-0.012207 -0.996094 -0.083008 -0.014899 0.038312 0.021284 32.400002 41.400002 52.799999
-0.008789 -1.005615 -0.058350 -0.028734 0.044697 0.021284 30.299999 39.900002 54.299999
-0.007080 -1.002197 -0.057617 -0.018092 0.068110 0.022349 32.099998 41.700001 53.700001
-0.013428 -0.991455 -0.065186 -0.017028 0.062789 0.023413 32.099998 40.500000 54.299999
-0.004883 -1.005371 -0.070557 -0.015963 0.055340 0.021284 33.000000 40.799999 51.599998
-0.003906 -0.998047 -0.066406 -0.014899 0.037248 0.019156 32.400002 42.000000 53.400002
-0.011475 -1.004883 -0.113281 -0.017028 0.003193 0.015963 32.099998 40.500000 53.700001
-0.016602 -0.994385 -0.072266 -0.018092 0.013835 0.018092 31.500000 41.700001 53.099998
-0.000732 -0.993408 -0.068604 -0.012771 0.007450 0.017028 32.700001 40.500000 53.099998
-0.010986 -0.994873 -0.083984 -0.014899 -0.013835 0.012771 31.799999 41.400002 54.000000
-0.016602 -1.000244 -0.071045 -0.015963 -0.003193 0.015963 32.400002 40.799999 53.400002
-0.006836 -0.999023 -0.087646 -0.014899 0.027670 0.020220 32.099998 40.500000 53.099998
-0.007568 -0.997314 -0.072998 -0.019156 0.022349 0.021284 32.400002 39.599998 54.000000
-0.008301 -0.999023 -0.073975 -0.012771 0.023413 0.019156 31.500000 40.500000 53.099998
-0.020264 -1.001465 -0.074463 -0.014899 0.023413 0.019156 32.700001 39.900002 53.700001
-0.011475 -1.006104 -0.071777 -0.015963 0.023413 0.019156 30.900000 41.099998 53.099998
-0.008301 -1.000000 -0.071045 -0.013835 0.020220 0.018092 31.500000 39.900002 54.299999
-0.003906 -1.002686 -0.070068 -0.015963 0.022349 0.017028 31.799999 40.200001 52.799999
-0.004395 -0.997803 -0.073242 -0.014899 0.023413 0.020220 31.500000 40.500000 52.500000
-0.012451 -1.006592 -0.066650 -0.017028 0.023413 0.018092 32.099998 39.299999 53.700001
-0.011475 -1.001221 -0.070068 -0.014899 0.021284 0.017028 31.799999 40.799999 54.000000
-0.013916 -0.991211 -0.075195 -0.014899 0.023413 0.020220 33.000000 42.000000 54.000000
-0.014648 -1.004150 -0.062500 -0.015963 0.024477 0.019156 30.900000 41.099998 54.900002
-0.006836 -1.002441 -0.067383 -0.011706 0.023413 0.019156 32.099998 40.500000 54.299999
-0.007812 -0.992676 -0.071289 -0.013835 0.022349 0.017028 31.799999 40.799999 53.400002
-0.013184 -1.009033 -0.072998 -0.013835 0.023413 0.018092 31.799999 39.599998 52.200001
-0.009033 -0.998047 -0.062500 -0.013835 0.022349 0.022349 32.400002 41.400002 54.599998
-0.004150 -1.000244 -0.069580 -0.014899 0.022349 0.020220 34.500000 41.099998 53.700001
-0.016357 -0.999512 -0.067139 -0.011706 0.023413 0.017028 32.099998 40.500000 55.500000
-0.018066 -1.002930 -0.068604 -0.017028 0.024477 0.020220 31.799999 40.200001 53.400002
-0.002441 -1.004883 -0.076416 -0.018092 0.022349 0.015963 32.700001 41.099998 54.299999
-0.011963 -1.000732 -0.078369 -0.015963 0.023413 0.021284 33.000000 41.400002 55.200001
-0.012451 -1.005615 -0.063965 -0.019156 0.023413 0.018092 31.500000 40.500000 53.099998
-0.010498 -0.997070 -0.067627 -0.017028 0.024477 0.019156 32.400002 41.400002 54.000000
-0.012451 -0.992920 -0.062744 -0.015963 0.022349 0.020220 31.500000 40.500000 53.700001
-0.008789 -0.995117 -0.079346 -0.011706 0.023413 0.018092 33.599998 40.200001 55.200001
-0.010986 -1.005371 -0.076904 -0.012771 0.021284 0.018092 32.700001 39.900002 54.900002
-0.004395 -0.996094 -0.072021 -0.012771 0.023413 0.019156 30.299999 41.099998 53.700001
-0.008789 -0.997314 -0.079346 -0.013835 0.020220 0.019156 33.000000 40.799999 53.400002
-0.005371 -0.994141 -0.063965 -0.015963 0.021284 0.018092 32.400002 42.000000 54.000000
-0.001953 -1.001953 -0.066162 -0.014899 0.021284 0.020220 30.900000 40.500000 54.299999
-0.003174 -0.997559 -0.077637 -0.012771 0.019156 0.019156 32.700001 40.500000 54.299999
-0.008789 -1.000977 -0.067139 -0.015963 0.024477 0.020220 32.400002 40.200001 55.200001
-0.012451 -1.003418 -0.065430 -0.015963 0.021284 0.018092 32.700001 40.500000 53.099998
-0.010010 -1.001221 -0.065674 -0.015963 0.023413 0.020220 32.099998 42.299999 54.299999
-0.007080 -1.004639 -0.061279 -0.012771 0.023413 0.021284 32.700001 41.099998 53.700001
-0.006104 -1.000000 -0.071289 -0.014899 0.022349 0.020220 32.700001 40.500000 54.299999
-0.009521 -1.003662 -0.072998 -0.015963 0.022349 0.018092 31.200001 40.799999 52.799999
-0.008545 -1.005615 -0.066406 -0.012771 0.021284 0.020220 30.900000 41.700001 52.500000
-0.010254 -1.001709 -0.072266 -0.015963 0.022349 0.020220 31.200001 39.599998 52.799999
-0.006348 -1.007080 -0.064697 -0.017028 0.021284 0.021284 29.700001 41.700001 54.299999
-0.007568 -1.000488 -0.067139 -0.015963 0.023413 0.018092 31.799999 40.200001 53.400002
-0.005859 -1.004395 -0.075684 -0.015963 0.023413 0.013835 31.500000 40.500000 53.099998
-0.012451 -1.005615 -0.076416 -0.015963 0.024477 0.019156 33.000000 41.400002 53.400002
-0.006348 -1.000732 -0.074219 -0.017028 0.023413 0.021284 32.700001 41.099998 53.099998
-0.006836 -1.007812 -0.056885 -0.015963 0.021284 0.014899 32.099998 41.700001 53.700001
-0.013184 -0.996338 -0.071045 -0.012771 0.022349 0.018092 31.799999 40.200001 52.200001
-0.010742 -1.000488 -0.070068 -0.014899 0.021284 0.019156 32.400002 40.200001 54.000000
-0.011475 -0.998047 -0.073242 -0.012771 0.022349 0.017028 32.400002 41.400002 54.599998
-0.006104 -1.002197 -0.059814 -0.019156 0.021284 0.018092 31.200001 41.400002 53.400002
-0.011719 -1.000000 -0.071777 -0.014899 0.022349 0.022349 31.799999 41.400002 52.799999
-0.014160 -1.002930 -0.069336 -0.015963 0.023413 0.019156 32.700001 41.099998 53.099998
-0.009033 -1.001221 -0.059326 -0.014899 0.023413 0.020220 32.400002 40.799999 53.400002
-0.009277 -1.000732 -0.064453 -0.013835 0.021284 0.020220 31.799999 40.799999 54.000000
-0.006592 -1.001709 -0.068848 -0.014899 0.023413 0.018092 32.700001 41.099998 54.900002
-0.007568 -0.998779 -0.068359 -0.012771 0.024477 0.021284 30.600000 40.799999 54.000000
-0.006592 -0.999512 -0.071289 -0.014899 0.024477 0.013835 32.400002 40.200001 54.000000
-0.009033 -0.997803 -0.069336 -0.015963 0.021284 0.019156 32.099998 40.500000 53.700001
-0.009521 -1.005127 -0.064453 -0.015963 0.021284 0.019156 32.400002 39.599998 53.400002
-0.008301 -1.003418 -0.067139 -0.017028 0.021284 0.018092 30.299999 41.700001 52.500000
-0.009033 -1.000732 -0.068604 -0.017028 0.022349 0.017028 30.299999 40.500000 54.900002
-0.009277 -1.001953 -0.066650 -0.017028 0.022349 0.017028 33.000000 40.799999 53.400002
-0.009033 -1.000488 -0.061768 -0.014899 0.025541 0.021284 31.500000 39.299999 53.700001
-0.002686 -0.996826 -0.065430 -0.015963 0.022349 0.020220 31.200001 39.599998 54.599998
0.000488 -0.997559 -0.063232 -0.014899 0.022349 0.019156 33.000000 42.000000 54.000000
-0.004639 -0.999512 -0.072266 -0.015963 0.022349 0.015963 31.500000 41.700001 53.700001
-0.008789 -0.996582 -0.073730 -0.014899 0.022349 0.018092 30.600000 39.599998 53.400002
-0.012207 -0.998535 -0.068848 -0.014899 0.024477 0.019156 32.700001 41.099998 53.099998
-0.004883 -1.000732 -0.071777 -0.013835 0.023413 0.022349 32.099998 41.099998 53.099998
-0.007324 -0.998047 -0.072266 -0.015963 0.024477 0.017028 31.200001 41.400002 52.200001
-0.009521 -0.995361 -0.060547 -0.017028 0.024477 0.021284 31.500000 39.299999 53.700001
-0.008301 -1.001953 -0.061523 -0.017028 0.024477 0.017028 32.099998 41.099998 55.500000
-0.012695 -0.998291 -0.073242 -0.015963 0.023413 0.019156 30.600000 40.799999 53.400002
-0.010742 -0.999268 -0.072021 -0.012771 0.022349 0.017028 32.099998 40.500000 53.700001
-0.011963 -1.002441 -0.071289 -0.018092 0.024477 0.020220 32.400002 40.200001 54.000000
-0.008789 -1.000000 -0.069336 -0.015963 0.021284 0.020220 32.099998 42.299999 52.500000
-0.008789 -1.003662 -0.072998 -0.014899 0.021284 0.019156 30.600000 40.799999 55.200001
-0.002930 -1.002686 -0.071777 -0.015963 0.023413 0.017028 30.299999 41.099998 54.299999
-0.009521 -1.000244 -0.075928 -0.013835 0.023413 0.019156 31.200001 40.799999 54.000000
-0.004883 -0.998047 -0.069580 -0.014899 0.021284 0.019156 30.600000 41.400002 54.599998
-0.005615 -1.003662 -0.058105 -0.015963 0.022349 0.018092 31.799999 40.200001 53.400002
-0.011230 -0.993896 -0.064697 -0.011706 0.023413 0.015963 32.099998 39.900002 53.700001
-0.006348 -0.996826 -0.077881 -0.015963 0.023413 0.018092 32.099998 41.700001 54.900002
-0.010742 -1.000488 -0.066650 -0.014899 0.026606 0.019156 32.400002 42.599998 53.400002
-0.010010 -1.001465 -0.069580 -0.018092 0.024477 0.018092 31.799999 42.000000 54.599998
-0.010742 -1.003906 -0.066162 -0.011706 0.024477 0.022349 31.500000 41.099998 54.299999
-0.007568 -1.001221 -0.078613 -0.015963 0.023413 0.022349 33.000000 42.000000 54.000000
-0.006836 -0.998291 -0.078369 -0.015963 0.022349 0.017028 31.500000 40.500000 53.099998
-0.004639 -1.004639 -0.065674 -0.015963 0.022349 0.020220 31.500000 41.700001 54.900002
-0.003906 -0.999023 -0.065186 -0.013835 0.021284 0.021284 32.400002 41.400002 54.000000
-0.013672 -1.004150 -0.067627 -0.014899 0.023413 0.019156 31.200001 40.799999 53.400002
-0.009521 -0.999512 -0.061035 -0.011706 0.023413 0.018092 32.099998 40.500000 54.299999
-0.003662 -0.993896 -0.076416 -0.011706 0.023413 0.017028 32.700001 42.299999 53.700001
-0.013428 -1.001953 -0.073486 -0.014899 0.022349 0.018092 31.200001 42.000000 54.599998
-0.011475 -0.997559 -0.060791 -0.010642 0.020220 0.017028 31.799999 41.400002 53.400002
-0.007812 -1.003174 -0.067383 -0.015963 0.024477 0.018092 31.799999 40.200001 53.400002
-0.005859 -0.998047 -0.073242 -0.015963 0.022349 0.018092 33.900002 41.099998 53.099998
-0.006836 -0.998535 -0.073730 -0.015963 0.022349 0.019156 31.200001 40.799999 54.000000
-0.009277 -1.003906 -0.063232 -0.014899 0.023413 0.020220 32.400002 41.400002 54.599998
-0.010742 -1.000244 -0.067383 -0.015963 0.023413 0.018092 31.200001 39.599998 52.799999
-0.003906 -0.998047 -0.067383 -0.017028 0.025541 0.017028 32.099998 39.299999 53.700001
-0.007324 -0.994873 -0.066895 -0.015963 0.022349 0.019156 30.000000 40.799999 54.599998
-0.005615 -1.003906 -0.071045 -0.012771 0.021284 0.019156 30.299999 41.099998 53.700001
-0.010986 -1.004395 -0.072266 -0.018092 0.024477 0.019156 30.600000 39.599998 52.799999
