0.026611 -0.992432 0.172119 -0.015963 0.023413 0.018092 25.200001 45.599998 54.599998
0.036865 -0.996338 0.167236 -0.011706 0.019156 0.020220 25.799999 46.200001 52.799999
0.035645 -0.998779 0.179932 -0.015963 0.021284 0.019156 24.900000 47.099998 53.099998
0.034912 -0.995361 0.174072 -0.017028 0.022349 0.017028 24.600000 46.799999 53.400002
0.033447 -1.000000 0.171631 -0.014899 0.022349 0.018092 27.000000 46.200001 54.599998
0.033691 -0.994141 0.173584 -0.017028 0.020220 0.019156 25.500000 47.099998 53.700001
0.030273 -0.997314 0.162354 -0.015963 0.020220 0.020220 24.299999 45.900002 53.700001
0.028076 -0.999268 0.177979 -0.015963 0.023413 0.018092 24.900000 46.500000 52.500000
0.034912 -1.003906 0.164551 -0.014899 0.022349 0.019156 25.799999 45.000000 53.400002
0.027588 -0.995850 0.174561 -0.015963 0.021284 0.020220 24.000000 45.599998 53.400002
0.028809 -0.998047 0.166992 -0.013835 0.020220 0.017028 24.600000 44.400002 54.599998
0.036621 -0.980957 0.174072 -0.014899 0.023413 0.021284 25.200001 46.799999 53.400002
0.029297 -0.995361 0.182861 -0.013835 0.023413 0.021284 25.500000 44.700001 52.500000
0.032959 -0.995361 0.167236 -0.014899 0.021284 0.019156 24.299999 45.900002 52.500000
0.031738 -0.998291 0.173340 -0.013835 0.023413 0.019156 24.900000 47.099998 52.500000
0.026855 -1.001465 0.175293 -0.013835 0.022349 0.018092 24.299999 45.900002 54.299999
0.032471 -1.002197 0.181396 -0.014899 0.020220 0.018092 26.700001 46.500000 53.700001
0.031982 -0.991455 0.163086 -0.013835 0.019156 0.022349 23.400000 45.599998 54.000000
0.027588 -1.008057 0.176270 -0.014899 0.020220 0.019156 24.900000 45.299999 51.900002
0.029541 -0.991943 0.167480 -0.012771 0.019156 0.019156 24.600000 46.799999 52.799999
0.035156 -0.989990 0.168945 -0.011706 0.023413 0.017028 26.100000 46.500000 53.099998
0.027588 -1.005127 0.174316 -0.013835 0.022349 0.017028 24.000000 46.200001 54.000000
0.030762 -0.990967 0.175293 -0.015963 0.023413 0.019156 25.200001 46.200001 52.200001
0.031006 -1.002930 0.177734 -0.014899 0.020220 0.020220 25.799999 45.000000 53.400002
0.025635 -0.994629 0.174316 -0.013835 0.021284 0.018092 24.600000 45.000000 53.400002
0.034912 -0.999268 0.165771 -0.012771 0.023413 0.017028 25.500000 45.900002 53.099998
0.028564 -0.999756 0.178711 -0.014899 0.019156 0.019156 25.200001 44.400002 51.599998
0.027344 -0.997559 0.172607 -0.013835 0.020220 0.020220 26.700001 45.900002 53.099998
0.031982 -1.001709 0.172363 -0.011706 0.021284 0.015963 24.600000 47.400002 52.799999
0.028564 -0.990967 0.172119 -0.015963 0.023413 0.018092 24.900000 47.099998 53.700001
0.028320 -0.997070 0.173096 -0.012771 0.022349 0.019156 25.799999 45.599998 52.799999
0.028564 -0.996826 0.173340 -0.012771 0.023413 0.018092 25.500000 45.299999 52.500000
0.030518 -0.993652 0.174316 -0.012771 0.019156 0.018092 25.200001 45.599998 54.000000
0.032715 -0.996582 0.169922 -0.014899 0.021284 0.017028 25.799999 45.000000 52.200001
0.034180 -0.998535 0.168945 -0.015963 0.022349 0.020220 24.299999 46.500000 53.700001
0.039795 -1.001465 0.166016 -0.012771 0.020220 0.020220 25.200001 46.200001 53.400002
0.031250 -1.001465 0.169189 -0.012771 0.023413 0.018092 24.900000 46.500000 53.099998
0.031006 -0.997559 0.168701 -0.013835 0.021284 0.020220 25.799999 46.200001 54.000000
0.028564 -0.995361 0.171631 -0.014899 0.019156 0.017028 24.000000 46.200001 52.799999
0.039307 -1.009277 0.175049 -0.012771 0.019156 0.021284 23.700001 47.099998 52.500000
0.036865 -0.990967 0.170654 -0.015963 0.022349 0.015963 24.900000 47.099998 52.500000
0.037354 -0.995117 0.163086 -0.012771 0.020220 0.020220 25.200001 45.599998 52.799999
0.034180 -0.997803 0.174316 -0.018092 0.021284 0.019156 25.200001 46.799999 51.599998
0.030029 -0.992676 0.170410 -0.012771 0.021284 0.018092 26.100000 46.500000 54.299999
0.033203 -0.994629 0.164307 -0.012771 0.022349 0.018092 24.600000 45.599998 54.599998
0.031250 -0.996094 0.177490 -0.015963 0.023413 0.019156 24.299999 47.700001 53.099998
0.031250 -0.996094 0.176270 -0.012771 0.022349 0.017028 23.700001 46.500000 53.099998
0.027100 -0.999268 0.169678 -0.013835 0.019156 0.015963 24.000000 46.799999 52.200001
0.037598 -1.003418 0.177246 -0.015963 0.022349 0.019156 24.600000 46.799999 53.400002
0.032715 -1.001221 0.182861 -0.015963 0.023413 0.020220 24.299999 44.700001 53.099998
0.028564 -0.995850 0.159912 -0.014899 0.023413 0.021284 25.500000 46.500000 51.900002
0.028320 -1.003418 0.172119 -0.015963 0.019156 0.019156 24.299999 44.099998 54.299999
0.030762 -0.994873 0.174316 -0.009578 0.025541 0.018092 24.900000 45.900002 52.500000
0.036377 -0.994629 0.167725 -0.012771 0.023413 0.017028 24.900000 45.299999 53.099998
0.028564 -0.998535 0.170410 -0.012771 0.023413 0.021284 25.200001 46.200001 54.000000
0.030273 -0.992676 0.174805 -0.015963 0.025541 0.020220 26.400000 46.200001 53.400002
0.027344 -0.995361 0.166016 -0.013835 0.022349 0.017028 24.000000 46.200001 52.799999
-0.073242 -1.073242 0.004395 -0.017028 0.019156 0.021284 24.000000 46.799999 52.799999
0.017090 -0.988037 0.164307 -0.018092 0.021284 0.017028 24.299999 45.299999 53.099998
0.037109 -1.010742 0.169189 -0.013835 0.020220 0.015963 25.200001 46.799999 52.799999
0.033203 -0.989014 0.163574 -0.013835 0.022349 0.022349 23.700001 45.900002 53.700001
0.022461 -0.991455 0.170654 -0.011706 0.021284 0.017028 26.100000 47.099998 52.500000
0.030273 -1.003174 0.177002 -0.012771 0.021284 0.017028 24.600000 45.599998 53.400002
0.031006 -0.994385 0.164795 -0.015963 0.024477 0.017028 25.200001 45.599998 54.000000
0.032471 -0.994873 0.168213 -0.012771 0.025541 0.019156 24.000000 48.000000 52.799999
0.028564 -0.988770 0.179688 -0.014899 0.022349 0.018092 25.500000 46.500000 54.299999
0.032959 -0.996338 0.171387 -0.017028 0.022349 0.022349 24.000000 45.000000 52.799999
0.034668 -0.996826 0.176025 -0.017028 0.022349 0.021284 24.600000 46.200001 53.400002
0.032715 -0.991943 0.172119 -0.014899 0.021284 0.020220 24.600000 46.200001 52.799999
0.034424 -1.000488 0.170898 -0.010642 0.022349 0.015963 24.000000 46.799999 52.799999
0.032959 -1.003174 0.174316 -0.013835 0.023413 0.019156 23.400000 45.000000 52.200001
0.029541 -0.997070 0.165771 -0.011706 0.022349 0.019156 25.200001 45.599998 53.400002
0.035400 -0.991699 0.170654 -0.014899 0.023413 0.018092 24.600000 46.799999 54.000000
0.028320 -0.994873 0.169678 -0.012771 0.022349 0.020220 24.299999 47.099998 51.299999
0.030273 -1.002197 0.175781 -0.015963 0.022349 0.020220 25.500000 47.099998 53.099998
0.026611 -0.993408 0.168457 -0.014899 0.018092 0.018092 24.900000 45.299999 53.700001
0.030029 -0.991699 0.173340 -0.015963 0.020220 0.018092 26.400000 47.400002 54.599998
0.033447 -0.996826 0.161133 -0.015963 0.020220 0.018092 24.299999 47.099998 51.900002
0.032959 -0.995850 0.170166 -0.012771 0.020220 0.019156 25.500000 47.099998 53.099998
0.031250 -0.990967 0.167480 -0.014899 0.022349 0.017028 25.200001 46.799999 52.799999
0.025879 -0.995850 0.175293 -0.011706 0.022349 0.017028 24.600000 45.599998 54.000000
0.027100 -1.004150 0.169434 -0.014899 0.022349 0.019156 25.200001 47.400002 52.200001
0.024414 -1.002197 0.170410 -0.013835 0.022349 0.018092 25.200001 45.000000 54.000000
0.036133 -0.997070 0.170654 -0.013835 0.022349 0.017028 24.600000 45.000000 53.400002
0.033936 -0.990479 0.168457 -0.013835 0.022349 0.020220 25.200001 45.000000 54.000000
0.027100 -0.997314 0.179199 -0.012771 0.021284 0.020220 25.799999 46.200001 52.799999
0.033691 -0.993164 0.170410 -0.011706 0.021284 0.018092 27.000000 46.200001 53.400002
0.028564 -0.988525 0.171631 -0.010642 0.021284 0.014899 24.900000 47.700001 54.900002
0.036621 -0.994385 0.164062 -0.015963 0.022349 0.017028 24.900000 45.900002 52.500000
0.029053 -1.005127 0.172363 -0.012771 0.022349 0.017028 24.900000 46.500000 53.099998
0.030029 -0.993652 0.167725 -0.009578 0.022349 0.019156 24.900000 47.700001 53.099998
0.034912 -0.996582 0.170898 -0.013835 0.024477 0.018092 24.299999 45.299999 52.500000
0.029785 -0.998047 0.172363 -0.013835 0.022349 0.020220 25.200001 46.200001 52.799999
0.033447 -1.002197 0.172119 -0.014899 0.022349 0.019156 24.900000 46.500000 52.500000
0.029541 -0.998779 0.168945 -0.012771 0.021284 0.020220 25.500000 45.299999 53.700001
0.035156 -0.997070 0.177246 -0.014899 0.019156 0.021284 25.799999 46.799999 52.799999
0.036133 -0.998291 0.173828 -0.014899 0.021284 0.017028 26.100000 45.299999 53.099998
0.031006 -0.998779 0.172852 -0.017028 0.022349 0.018092 23.100000 45.900002 53.700001
0.031494 -1.001709 0.166016 -0.011706 0.025541 0.017028 26.100000 45.299999 53.099998
0.032227 -0.996582 0.168945 -0.014899 0.021284 0.018092 24.600000 47.400002 54.000000
0.024658 -0.994141 0.168945 -0.013835 0.020220 0.019156 24.600000 45.000000 54.000000
0.032227 -0.995605 0.169678 -0.012771 0.019156 0.018092 24.000000 45.599998 52.799999
0.025146 -1.002197 0.172119 -0.013835 0.022349 0.019156 26.100000 45.299999 53.700001
0.030029 -0.996582 0.173828 -0.013835 0.023413 0.018092 23.400000 46.799999 53.400002
0.032959 -1.000244 0.175293 -0.015963 0.019156 0.019156 25.200001 45.000000 54.599998
0.036133 -0.997070 0.163574 -0.014899 0.022349 0.019156 25.500000 45.299999 53.700001
0.031006 -0.992188 0.167480 -0.012771 0.021284 0.018092 25.200001 46.200001 52.799999
0.030029 -1.007080 0.173340 -0.014899 0.020220 0.018092 23.100000 45.900002 51.900002
0.032227 -0.995605 0.166260 -0.012771 0.022349 0.019156 24.600000 46.200001 54.000000
0.032471 -0.997803 0.174561 -0.013835 0.018092 0.017028 24.299999 45.900002 53.700001
0.028809 -0.996582 0.171143 -0.012771 0.022349 0.020220 24.600000 45.599998 51.599998
0.029297 -0.998535 0.180176 -0.009578 0.021284 0.018092 24.000000 46.799999 54.000000
0.029297 -0.997559 0.174805 -0.014899 0.022349 0.020220 25.500000 46.500000 53.099998
0.034668 -0.993652 0.176025 -0.010642 0.023413 0.020220 25.500000 44.700001 53.099998
0.035645 -0.997803 0.175293 -0.014899 0.021284 0.015963 24.000000 45.000000 52.200001
0.029297 -0.999756 0.171875 -0.014899 0.021284 0.015963 24.600000 46.200001 52.799999
-0.045410 -1.365234 -0.355225 -0.308625 -0.059597 -0.211781 23.400000 46.799999 52.799999
-0.016846 -0.969238 0.222900 -0.020220 0.025541 0.024477 23.400000 45.599998 53.400002
0.031250 -0.997070 0.175781 -0.014899 0.020220 0.019156 24.900000 45.900002 53.099998
0.032715 -0.998291 0.173096 -0.013835 0.022349 0.017028 25.799999 47.400002 53.400002
0.034668 -0.996338 0.165283 -0.013835 0.022349 0.019156 23.400000 47.400002 54.000000
0.036865 -0.991455 0.176025 -0.017028 0.021284 0.020220 25.200001 45.000000 52.200001
0.031982 -0.996582 0.170410 -0.011706 0.020220 0.022349 26.100000 45.900002 53.099998
0.038818 -0.999756 0.174805 -0.013835 0.022349 0.014899 24.000000 46.200001 54.000000
0.034668 -1.000732 0.181641 -0.011706 0.021284 0.022349 24.900000 45.299999 53.099998
0.034424 -0.996826 0.173828 -0.014899 0.020220 0.017028 25.799999 45.000000 53.400002
0.033447 -0.995361 0.180908 -0.011706 0.023413 0.020220 25.200001 46.200001 51.599998
0.035889 -0.996338 0.178223 -0.015963 0.023413 0.019156 24.900000 45.299999 51.299999
0.035645 -0.994141 0.180664 -0.014899 0.022349 0.019156 25.500000 45.900002 52.500000
0.030273 -0.987061 0.177246 -0.014899 0.021284 0.021284 25.200001 48.000000 54.000000
0.029785 -0.992432 0.166260 -0.014899 0.021284 0.020220 24.600000 46.200001 52.799999
0.033691 -0.993164 0.168213 -0.010642 0.020220 0.019156 25.200001 46.200001 54.000000
0.031494 -0.993652 0.166504 -0.012771 0.019156 0.018092 25.799999 47.400002 53.400002
0.030762 -0.994873 0.179199 -0.014899 0.022349 0.017028 24.600000 46.200001 54.000000
0.030029 -0.991211 0.171875 -0.014899 0.025541 0.019156 24.299999 47.099998 54.299999
0.039062 -0.998535 0.172119 -0.015963 0.022349 0.022349 24.600000 45.000000 53.400002
0.022217 -0.999512 0.161621 -0.014899 0.022349 0.020220 24.900000 45.900002 51.900002
0.034668 -0.994873 0.170166 -0.010642 0.019156 0.015963 24.299999 47.099998 54.299999
0.026367 -0.993164 0.161133 -0.014899 0.024477 0.019156 23.100000 47.700001 54.299999
0.029541 -0.996338 0.176758 -0.012771 0.021284 0.017028 25.200001 45.000000 53.400002
0.035645 -1.000488 0.173096 -0.012771 0.022349 0.023413 24.600000 47.400002 52.799999
0.028320 -0.998535 0.176270 -0.017028 0.022349 0.019156 24.900000 44.700001 52.500000
0.032959 -0.998047 0.175781 -0.015963 0.020220 0.017028 25.500000 45.900002 53.700001
0.032227 -1.003662 0.181152 -0.015963 0.021284 0.019156 24.299999 45.299999 54.900002
0.038818 -0.997559 0.177979 -0.012771 0.021284 0.022349 26.400000 45.599998 53.400002
0.033447 -0.993408 0.167725 -0.013835 0.024477 0.018092 25.500000 46.500000 53.700001
0.029053 -0.992188 0.174805 -0.014899 0.022349 0.019156 24.000000 42.599998 54.000000
0.038086 -0.992188 0.174805 -0.014899 0.021284 0.020220 25.200001 46.200001 53.400002
0.030029 -1.000000 0.165527 -0.018092 0.021284 0.019156 23.400000 46.200001 54.000000
0.033447 -0.990967 0.172119 -0.017028 0.023413 0.021284 24.600000 48.599998 52.799999
0.034668 -0.994629 0.177734 -0.015963 0.022349 0.014899 24.900000 45.900002 53.099998
0.035156 -0.998535 0.172119 -0.011706 0.019156 0.018092 24.299999 47.099998 51.900002
0.029297 -1.000000 0.179199 -0.013835 0.020220 0.020220 24.600000 45.000000 54.000000
0.032959 -0.991211 0.171875 -0.011706 0.024477 0.019156 24.600000 46.200001 54.599998
0.035156 -0.994141 0.175537 -0.015963 0.021284 0.020220 24.600000 44.400002 53.400002
0.030029 -1.002441 0.168701 -0.014899 0.025541 0.017028 23.700001 45.900002 53.099998
0.030029 -0.994385 0.172119 -0.015963 0.021284 0.017028 24.600000 46.200001 52.799999
0.027588 -0.992188 0.179443 -0.014899 0.021284 0.021284 25.799999 46.799999 53.400002
0.038330 -1.000000 0.178711 -0.015963 0.021284 0.020220 23.700001 46.500000 54.299999
0.035156 -0.998535 0.177734 -0.014899 0.022349 0.019156 24.600000 46.200001 54.000000
0.034912 -0.999023 0.174316 -0.014899 0.020220 0.018092 24.900000 46.500000 52.500000
0.031250 -0.994873 0.167480 -0.015963 0.021284 0.019156 25.500000 46.500000 53.099998
0.033691 -0.989990 0.172607 -0.011706 0.020220 0.020220 25.500000 45.299999 51.299999
0.027100 -0.999023 0.172852 -0.014899 0.022349 0.017028 23.700001 47.700001 52.500000
0.028809 -0.996338 0.167969 -0.013835 0.025541 0.021284 24.600000 44.400002 53.400002
0.025879 -0.992676 0.179688 -0.015963 0.022349 0.020220 22.799999 46.200001 54.000000
0.033447 -0.998779 0.174805 -0.014899 0.022349 0.018092 24.299999 45.299999 53.099998
0.031006 -0.997314 0.173828 -0.014899 0.020220 0.018092 26.400000 46.200001 52.200001
0.034424 -0.997314 0.173828 -0.011706 0.024477 0.021284 23.700001 46.500000 53.099998
0.034424 -1.001709 0.180664 -0.013835 0.022349 0.015963 24.600000 45.599998 52.799999
0.036377 -0.990479 0.174072 -0.015963 0.021284 0.021284 25.200001 47.400002 52.799999
0.032227 -0.996338 0.171631 -0.017028 0.022349 0.023413 24.600000 45.599998 52.799999
0.023438 -0.996338 0.173096 -0.012771 0.022349 0.019156 24.600000 46.200001 53.400002
0.029053 -0.998047 0.177246 -0.012771 0.021284 0.015963 23.100000 47.099998 52.500000
0.031250 -0.996338 0.175537 -0.011706 0.023413 0.021284 24.000000 46.200001 52.799999
0.032959 -1.000977 0.168701 -0.014899 0.020220 0.017028 24.600000 45.599998 54.000000
0.032715 -0.998047 0.170166 -0.012771 0.021284 0.017028 25.799999 46.799999 52.799999
0.033936 -0.996338 0.174805 -0.017028 0.023413 0.017028 24.299999 45.900002 53.099998
0.038330 -1.000000 0.172852 -0.011706 0.022349 0.018092 24.900000 47.099998 53.700001
0.031494 -0.995117 0.166992 -0.013835 0.021284 0.017028 25.799999 46.200001 54.000000
0.026367 -0.993408 0.171387 -0.010642 0.021284 0.020220 24.900000 45.900002 53.099998
0.032715 -0.992920 0.173340 -0.013835 0.022349 0.019156 24.600000 45.000000 56.400002
0.033203 -1.000732 0.176758 -0.015963 0.022349 0.018092 25.200001 46.799999 52.799999
0.030518 -1.000000 0.172363 -0.012771 0.024477 0.017028 24.299999 47.099998 53.099998
0.029541 -0.994385 0.185303 -0.011706 0.022349 0.021284 25.500000 45.900002 53.700001
0.033691 -0.996338 0.168945 -0.014899 0.021284 0.020220 24.600000 46.799999 52.200001
0.030273 -0.995361 0.172607 -0.013835 0.021284 0.014899 24.299999 47.099998 53.700001
0.030273 -0.991699 0.174805 -0.014899 0.022349 0.018092 25.200001 46.799999 52.799999
0.034668 -0.998047 0.177734 -0.014899 0.022349 0.020220 24.000000 46.799999 53.400002
0.030762 -0.994629 0.170166 -0.014899 0.021284 0.020220 25.799999 46.200001 52.799999
0.029541 -0.995605 0.170898 -0.015963 0.023413 0.017028 25.200001 46.200001 52.200001
0.029053 -0.996826 0.169922 -0.012771 0.022349 0.019156 24.900000 46.500000 53.700001
0.030029 -0.997070 0.169189 -0.014899 0.021284 0.018092 27.000000 46.799999 52.799999
0.025879 -0.999268 0.177979 -0.015963 0.021284 0.019156 24.600000 45.599998 52.200001
0.035156 -1.000244 0.177002 -0.013835 0.021284 0.022349 24.900000 46.500000 52.500000
0.034668 -0.988525 0.171631 -0.014899 0.020220 0.018092 24.299999 46.500000 54.299999
0.034668 -1.001221 0.180176 -0.014899 0.023413 0.019156 26.100000 46.500000 54.299999
0.033691 -0.989014 0.175049 -0.015963 0.023413 0.017028 26.700001 47.700001 53.099998
0.036621 -0.995605 0.180176 -0.013835 0.022349 0.021284 23.700001 45.900002 53.099998
0.038818 -0.991455 0.167969 -0.014899 0.021284 0.020220 25.500000 45.900002 53.700001
0.034180 -0.993164 0.175049 -0.012771 0.019156 0.019156 24.600000 46.200001 51.599998
0.033691 -0.993896 0.176514 -0.014899 0.018092 0.015963 24.000000 45.599998 54.000000
0.028564 -1.000000 0.177979 -0.013835 0.022349 0.019156 24.000000 46.799999 52.799999
0.030273 -0.999512 0.184570 -0.014899 0.020220 0.018092 25.500000 46.500000 52.500000
0.031738 -0.999023 0.171143 -0.011706 0.020220 0.017028 23.700001 46.500000 53.099998
0.032227 -1.000977 0.168945 -0.012771 0.023413 0.018092 23.400000 47.400002 54.000000
0.030029 -0.997559 0.179199 -0.011706 0.022349 0.019156 25.200001 47.400002 53.400002
0.029053 -0.990723 0.170166 -0.014899 0.021284 0.019156 25.200001 48.000000 52.799999
0.034180 -1.001709 0.175293 -0.013835 0.020220 0.019156 24.299999 46.500000 53.099998
0.030029 -0.994141 0.172363 -0.015963 0.024477 0.018092 24.299999 45.299999 53.700001
0.030762 -0.996338 0.179688 -0.013835 0.021284 0.015963 25.200001 46.200001 53.400002
0.033691 -0.993652 0.177002 -0.012771 0.021284 0.019156 24.900000 45.900002 54.299999
0.063721 -1.047852 0.672607 -0.102166 0.001064 0.006385 24.000000 46.200001 53.400002
0.024170 -0.990234 0.181885 -0.015963 0.023413 0.020220 25.200001 45.599998 53.400002
0.028320 -0.999268 0.172119 -0.015963 0.021284 0.020220 25.500000 47.700001 53.700001
0.036133 -0.993164 0.180664 -0.013835 0.024477 0.019156 23.100000 46.500000 53.099998
0.032227 -1.002686 0.168701 -0.017028 0.024477 0.018092 24.900000 46.500000 53.099998
0.035400 -1.000488 0.172607 -0.012771 0.021284 0.018092 25.799999 45.000000 53.400002
0.028809 -0.986816 0.174316 -0.012771 0.020220 0.019156 24.600000 46.200001 53.400002
0.035889 -1.000488 0.174805 -0.011706 0.020220 0.017028 24.000000 45.599998 53.400002
0.033691 -0.995361 0.176270 -0.013835 0.022349 0.018092 25.200001 45.599998 51.000000
0.030029 -0.994141 0.168701 -0.014899 0.022349 0.017028 24.299999 44.700001 53.099998
0.034180 -0.994141 0.183838 -0.015963 0.023413 0.021284 24.600000 45.599998 54.000000
0.030518 -0.992676 0.166748 -0.012771 0.021284 0.019156 24.600000 45.599998 53.400002
0.026855 -0.998047 0.170410 -0.014899 0.019156 0.015963 24.299999 45.299999 52.500000
0.033691 -0.997314 0.178955 -0.012771 0.021284 0.021284 23.400000 46.200001 52.799999
0.032959 -0.996338 0.178223 -0.014899 0.021284 0.019156 25.500000 47.099998 52.500000
0.034180 -0.993408 0.175293 -0.015963 0.022349 0.018092 25.799999 45.599998 54.000000
0.031250 -1.000732 0.171631 -0.014899 0.022349 0.017028 24.000000 46.200001 52.799999
0.035156 -1.005127 0.165283 -0.012771 0.018092 0.019156 24.000000 46.799999 53.400002
0.031250 -0.988770 0.175293 -0.012771 0.020220 0.019156 26.100000 46.500000 52.500000
0.035645 -0.998535 0.178711 -0.015963 0.025541 0.017028 25.200001 46.200001 52.799999
0.029297 -0.998535 0.167480 -0.013835 0.022349 0.017028 24.900000 47.099998 53.700001
0.031494 -0.994873 0.174316 -0.011706 0.018092 0.020220 25.200001 46.799999 54.000000
0.031982 -0.998047 0.167236 -0.015963 0.023413 0.019156 25.200001 45.599998 52.799999
0.031250 -0.985596 0.161621 -0.013835 0.023413 0.020220 23.100000 47.099998 54.299999
0.031494 -0.998047 0.173828 -0.015963 0.023413 0.018092 25.200001 46.200001 52.200001
0.026855 -1.001221 0.173096 -0.014899 0.021284 0.021284 24.600000 46.200001 54.000000
0.030273 -0.989746 0.169922 -0.015963 0.020220 0.020220 24.900000 46.500000 53.700001
0.031982 -1.001709 0.173340 -0.012771 0.022349 0.019156 25.500000 46.500000 54.299999
0.032959 -0.993408 0.175049 -0.013835 0.021284 0.019156 24.900000 45.900002 53.099998
0.035400 -0.997070 0.174805 -0.013835 0.020220 0.021284 24.299999 46.500000 53.099998
0.030029 -0.990723 0.174316 -0.014899 0.021284 0.015963 25.799999 47.400002 54.000000
0.027100 -0.998779 0.179932 -0.012771 0.021284 0.015963 24.600000 46.200001 52.799999
0.033447 -0.998291 0.170898 -0.011706 0.021284 0.020220 25.200001 46.200001 53.400002
0.034912 -0.996826 0.165527 -0.013835 0.021284 0.019156 25.500000 44.700001 53.700001
0.026367 -0.990967 0.166504 -0.014899 0.022349 0.020220 24.600000 45.599998 53.400002
0.027832 -0.990234 0.176270 -0.014899 0.022349 0.017028 26.400000 45.599998 54.000000
0.029297 -0.995361 0.175049 -0.012771 0.023413 0.019156 23.700001 47.700001 51.299999
0.034668 -0.995361 0.172363 -0.014899 0.018092 0.017028 24.600000 45.599998 53.400002
0.025879 -0.998535 0.177979 -0.011706 0.020220 0.018092 23.400000 45.000000 53.400002
0.029053 -1.006104 0.169922 -0.014899 0.024477 0.017028 23.700001 45.900002 51.299999
0.032715 -0.998291 0.172607 -0.013835 0.022349 0.019156 24.000000 47.400002 52.799999
0.030518 -1.001465 0.174561 -0.014899 0.020220 0.018092 24.900000 47.099998 51.299999
0.030029 -0.997803 0.176514 -0.013835 0.021284 0.017028 24.000000 47.400002 52.799999
0.034912 -1.001221 0.178223 -0.013835 0.021284 0.019156 24.000000 46.200001 52.200001
0.033203 -0.996338 0.169434 -0.018092 0.020220 0.018092 24.600000 46.200001 52.200001
0.031494 -0.990234 0.170898 -0.013835 0.019156 0.021284 23.400000 45.000000 53.400002
0.031494 -0.990967 0.172607 -0.013835 0.020220 0.017028 24.299999 45.299999 54.299999
0.028564 -0.995850 0.174805 -0.013835 0.021284 0.021284 24.000000 45.599998 51.599998
0.031494 -0.998535 0.181396 -0.014899 0.019156 0.018092 22.799999 46.799999 54.000000
0.031738 -1.000244 0.171143 -0.014899 0.021284 0.020220 25.200001 45.000000 52.799999
0.033936 -0.997070 0.176758 -0.012771 0.022349 0.018092 23.400000 46.799999 54.000000
0.031494 -1.001465 0.175049 -0.013835 0.021284 0.022349 24.299999 44.700001 51.299999
0.028809 -0.995850 0.171875 -0.011706 0.022349 0.020220 24.000000 46.200001 52.799999
0.033203 -0.995117 0.176025 -0.011706 0.020220 0.017028 24.600000 46.799999 54.599998
0.029785 -0.994873 0.164062 -0.012771 0.021284 0.019156 25.500000 44.700001 52.500000
0.030518 -0.999756 0.164307 -0.014899 0.023413 0.021284 23.700001 45.900002 53.099998
0.030029 -0.995361 0.173828 -0.012771 0.022349 0.023413 25.200001 46.200001 52.200001
0.026611 -0.997559 0.166260 -0.014899 0.020220 0.015963 23.100000 46.500000 53.700001
0.032227 -0.998535 0.165527 -0.014899 0.018092 0.019156 24.299999 46.500000 53.700001
0.028809 -1.001221 0.175293 -0.011706 0.025541 0.021284 25.500000 47.099998 52.500000
0.032959 -0.995850 0.165039 -0.012771 0.022349 0.017028 26.100000 45.299999 53.099998
0.034424 -0.995117 0.177246 -0.014899 0.021284 0.017028 22.799999 45.599998 52.799999
0.034424 -1.003662 0.170166 -0.017028 0.021284 0.019156 24.299999 47.099998 53.700001
0.036865 -0.995361 0.173828 -0.017028 0.019156 0.019156 23.100000 45.299999 53.700001
0.025879 -0.994385 0.164062 -0.018092 0.022349 0.019156 25.500000 45.299999 52.500000
0.036377 -0.998047 0.174805 -0.013835 0.021284 0.018092 24.000000 48.000000 52.799999
0.031494 -0.991943 0.170410 -0.014899 0.021284 0.013835 25.799999 47.400002 51.599998
0.029785 -1.000244 0.180420 -0.013835 0.023413 0.019156 24.600000 45.599998 53.400002
0.036133 -0.997559 0.166260 -0.010642 0.022349 0.019156 25.200001 46.200001 53.400002
0.036621 -1.000488 0.174316 -0.014899 0.021284 0.019156 25.500000 45.900002 53.700001
0.032959 -1.000244 0.174561 -0.014899 0.022349 0.015963 25.799999 46.200001 53.400002
0.034668 -0.997070 0.175537 -0.014899 0.020220 0.020220 22.799999 47.400002 54.000000
0.034180 -1.000244 0.170654 -0.009578 0.019156 0.020220 23.700001 46.500000 53.700001
0.037598 -0.992676 0.175781 -0.012771 0.023413 0.019156 24.600000 46.799999 52.799999
0.033447 -0.995605 0.174561 -0.007450 0.022349 0.024477 23.400000 45.599998 52.799999
0.029053 -1.029541 0.174316 -0.018092 0.020220 0.014899 24.900000 45.900002 51.299999
0.028076 -0.995850 0.170410 -0.010642 0.022349 0.021284 24.000000 47.400002 52.200001
0.031006 -0.994873 0.169922 -0.013835 0.021284 0.019156 24.299999 44.700001 52.500000
0.033447 -1.023926 0.178223 -0.015963 0.019156 0.017028 24.299999 47.099998 54.299999
0.031738 -0.983643 0.171387 -0.011706 0.023413 0.018092 24.900000 45.900002 52.500000
0.033203 -1.006348 0.171631 -0.017028 0.022349 0.021284 24.900000 45.900002 52.500000
0.033691 -1.007080 0.177246 -0.012771 0.020220 0.018092 25.200001 45.599998 54.000000
0.028320 -0.984619 0.169922 -0.015963 0.023413 0.019156 25.799999 45.599998 52.799999
0.032959 -1.007812 0.176025 -0.013835 0.020220 0.019156 25.799999 46.200001 52.799999
0.030518 -0.994385 0.169434 -0.013835 0.019156 0.015963 24.000000 46.200001 52.799999
0.031982 -0.986572 0.171875 -0.018092 0.022349 0.020220 24.900000 45.299999 53.700001
0.033936 -1.005371 0.176758 -0.015963 0.020220 0.017028 24.900000 46.500000 53.700001
0.039795 -0.995850 0.175293 -0.011706 0.022349 0.019156 24.900000 45.900002 54.299999
