0.015869 -1.007812 -0.000977 -0.018092 -0.043633 -0.010642 31.799999 43.799999 50.400002
0.020508 -1.011719 0.005127 -0.014899 -0.006385 -0.037248 31.500000 42.299999 50.099998
0.004395 -1.010742 0.005127 -0.008514 0.028734 -0.024477 32.099998 42.900002 50.099998
0.001953 -1.014893 -0.007080 0.005321 -0.010642 0.024477 30.000000 40.799999 49.799999
0.010986 -0.995117 0.002930 -0.022349 0.007450 0.007450 31.500000 42.900002 49.500000
0.003662 -1.014404 -0.002930 -0.019156 0.029798 0.037248 30.600000 40.799999 50.400002
0.002686 -1.004150 0.003662 0.005321 0.036184 0.071303 31.500000 41.099998 50.099998
0.011963 -0.984375 0.020996 -0.036184 0.063853 0.059597 30.900000 42.900002 50.700001
0.017334 -1.002930 0.007324 -0.027670 0.022349 0.073431 31.799999 40.799999 49.200001
0.009766 -1.011230 0.001221 -0.014899 -0.009578 0.071303 32.099998 42.299999 49.500000
0.002197 -1.005127 0.005615 -0.026606 0.035119 0.053211 33.599998 42.000000 49.799999
0.013672 -1.001221 0.001953 -0.012771 0.074496 0.028734 31.200001 41.400002 49.799999
0.009766 -1.003174 0.003662 0.013835 0.092588 0.008514 31.200001 41.400002 51.000000
0.018066 -0.993896 0.019531 -0.010642 0.093652 0.014899 30.299999 41.700001 50.099998
0.017334 -1.010254 0.004639 -0.001064 0.044697 0.061725 31.500000 42.900002 49.500000
0.007080 -0.997070 0.018311 -0.008514 0.030863 0.085138 31.500000 40.500000 48.900002
0.018066 -0.998047 0.000000 0.009578 0.027670 0.072367 32.099998 41.700001 50.099998
0.012939 -1.016113 -0.005127 -0.003193 -0.003193 0.055340 31.500000 41.700001 50.099998
-0.007324 -1.002930 -0.000732 -0.008514 0.008514 0.015963 31.500000 42.900002 50.099998
-0.020996 -0.994141 0.016113 0.003193 -0.084074 0.022349 31.799999 42.000000 49.200001
-0.011475 -0.996826 0.009033 -0.004257 -0.086202 -0.023413 33.599998 42.599998 50.400002
0.010254 -1.006836 0.011963 -0.029798 -0.085138 -0.035119 32.099998 41.099998 48.299999
0.012695 -1.028809 0.012451 0.012771 -0.055340 -0.041505 31.200001 40.799999 49.200001
0.015137 -1.021484 0.013428 0.026606 0.020220 -0.040441 30.900000 40.500000 49.500000
0.011963 -1.011230 0.011475 0.037248 0.059597 -0.003193 31.500000 42.900002 50.700001
0.027344 -1.018555 0.002686 0.045762 0.129835 -0.007450 32.099998 42.900002 49.500000
0.023193 -0.989014 0.008789 0.007450 0.100037 -0.046826 30.600000 41.400002 48.599998
0.020264 -0.990479 0.004150 -0.004257 0.056404 -0.062789 31.799999 42.599998 49.200001
0.034180 -1.004150 0.005127 -0.005321 0.024477 -0.020220 31.799999 43.799999 49.799999
0.018311 -0.997314 0.019287 -0.026606 0.047890 -0.009578 31.200001 42.599998 49.799999
0.024414 -1.001953 0.018555 -0.043633 0.069175 -0.085138 32.099998 41.099998 48.299999
0.032227 -1.014648 0.006104 -0.034055 0.083009 -0.079817 30.900000 41.099998 49.500000
0.026855 -1.002686 0.016846 -0.026606 0.127707 -0.085138 31.200001 43.200001 49.799999
0.024658 -1.015869 0.010742 -0.010642 0.127707 -0.081945 30.000000 42.599998 50.400002
0.031250 -1.012451 0.021484 -0.001064 0.141542 -0.050019 30.299999 42.299999 50.700001
0.025879 -1.005127 0.018311 0.023413 0.122386 -0.009578 30.900000 42.299999 50.700001
0.035889 -1.010742 0.022217 0.024477 0.130900 -0.019156 30.000000 41.400002 49.200001
0.036865 -0.999512 0.022461 0.018092 0.129835 -0.025541 30.900000 41.099998 50.099998
0.032959 -1.007812 0.011475 0.019156 0.128771 -0.002128 30.299999 42.900002 50.700001
0.034912 -1.002686 0.021729 -0.004257 0.107487 -0.026606 31.500000 42.299999 49.500000
0.042725 -1.005127 0.014160 -0.017028 0.098973 -0.009578 30.000000 44.400002 51.599998
0.041992 -1.005615 0.020752 0.004257 0.076624 0.009578 30.600000 41.400002 51.000000
0.051758 -1.024658 0.020996 -0.023413 0.041505 0.055340 28.799999 43.200001 49.200001
0.041992 -1.043213 0.010010 -0.008514 0.006385 0.220294 30.000000 42.599998 49.799999
0.037598 -1.047607 0.013916 0.019156 -0.011706 0.371414 32.099998 41.700001 49.500000
0.027100 -1.041260 0.031006 0.040441 -0.003193 0.511892 29.700001 42.299999 50.700001
0.009277 -0.995361 0.033691 0.010642 0.044697 0.512956 31.200001 40.799999 48.599998
-0.010742 -0.982910 0.036133 -0.053211 0.089395 0.453360 32.700001 40.500000 49.500000
-0.030762 -0.990479 0.019531 -0.041505 0.091523 0.369286 33.000000 39.599998 48.000000
-0.036865 -0.997803 0.030029 -0.058532 0.098973 0.307561 34.799999 39.599998 49.200001
-0.052734 -1.009277 0.026855 -0.062789 0.092588 0.280955 34.500000 38.700001 50.700001
-0.055176 -1.015137 0.033203 -0.045762 0.077688 0.325653 34.200001 40.200001 51.000000
-0.080078 -1.018799 0.024902 -0.047890 0.086202 0.355451 35.400002 38.400002 51.000000
-0.096924 -1.023926 0.021484 -0.043633 0.092588 0.419304 35.700001 39.900002 50.099998
-0.101318 -0.998779 0.019531 -0.088331 0.112808 0.435268 36.299999 39.299999 50.700001
-0.115479 -1.007324 0.018066 -0.075560 0.142606 0.439525 37.799999 38.400002 51.599998
-0.136475 -0.991455 0.005859 -0.034055 0.131964 0.442717 36.299999 36.299999 51.299999
-0.142090 -1.002441 0.006592 0.003193 0.119193 0.456552 37.799999 37.200001 51.599998
-0.142334 -0.980713 0.013184 -0.043633 0.113872 0.405469 38.400002 37.200001 49.799999
-0.176025 -0.982178 0.009277 -0.027670 0.104294 0.378864 40.500000 36.299999 51.900002
-0.170654 -0.987305 -0.000488 -0.042569 0.091523 0.365029 40.500000 35.700001 50.700001
-0.197754 -0.980957 0.009033 -0.015963 0.088331 0.329910 40.799999 35.400002 51.599998
-0.193604 -0.982178 0.017090 -0.037248 0.091523 0.325653 40.200001 34.200001 51.599998
-0.218994 -0.989258 0.000977 -0.020220 0.088331 0.321396 40.200001 34.799999 53.400002
-0.218994 -0.988281 0.002197 -0.017028 0.056404 0.356515 39.900002 33.299999 51.900002
-0.230469 -0.970459 0.005371 -0.067046 0.053211 0.378864 41.400002 32.400002 52.799999
-0.246338 -0.986328 0.014893 -0.009578 0.061725 0.373543 42.299999 32.700001 53.099998
-0.258301 -0.979004 0.002930 -0.028734 0.055340 0.400148 42.000000 31.799999 52.200001
-0.265381 -0.968750 0.012451 -0.053211 0.057468 0.404405 42.299999 31.500000 50.700001
-0.289551 -0.961426 0.006836 -0.038312 0.068110 0.359708 42.900002 31.500000 53.099998
-0.305420 -0.966309 0.000000 -0.052147 0.059597 0.394827 42.299999 31.500000 50.700001
-0.319824 -0.957764 -0.005127 -0.035119 0.070239 0.416112 44.700001 29.700001 53.099998
-0.330811 -0.958740 0.008301 -0.042569 0.083009 0.399084 45.000000 30.000000 52.799999
-0.355225 -0.930908 -0.001709 -0.104294 0.083009 0.371414 45.299999 27.900000 53.099998
-0.348877 -0.946045 -0.012207 -0.045762 0.064918 0.380992 45.299999 29.100000 51.900002
-0.357422 -0.928955 -0.010742 -0.046826 0.067046 0.349066 46.200001 27.600000 53.400002
-0.371094 -0.944824 -0.010742 -0.032991 0.053211 0.360772 45.900002 27.900000 52.500000
-0.374512 -0.929688 -0.005127 -0.040441 0.048954 0.363965 45.900002 27.299999 52.500000
-0.391602 -0.931152 -0.002441 -0.058532 0.054275 0.404405 45.900002 26.100000 53.700001
-0.418213 -0.913574 -0.013184 -0.044697 0.068110 0.415047 45.299999 25.500000 53.099998
-0.424316 -0.907227 -0.025146 -0.004257 0.083009 0.421433 46.200001 26.400000 53.400002
-0.419434 -0.906738 -0.026611 -0.069175 0.079817 0.409726 48.599998 24.000000 53.400002
-0.445068 -0.890381 -0.017822 -0.031927 0.072367 0.395891 47.400002 24.000000 53.400002
-0.448242 -0.900391 -0.014404 -0.024477 0.084074 0.379928 48.299999 23.700001 53.700001
-0.465820 -0.888672 -0.030273 -0.048954 0.079817 0.377800 49.500000 23.700001 54.299999
-0.473389 -0.877686 -0.027100 -0.021284 0.081945 0.374607 49.500000 23.700001 53.700001
-0.485107 -0.888916 -0.019287 -0.001064 0.076624 0.371414 49.200001 21.600000 53.400002
-0.499512 -0.876221 -0.031250 -0.017028 0.078753 0.392699 49.799999 21.000000 54.599998
-0.513672 -0.874512 -0.013184 -0.003193 0.096844 0.411855 50.700001 21.900000 54.299999
-0.522705 -0.857910 -0.026611 -0.039376 0.102166 0.413983 51.299999 20.700001 54.299999
-0.528076 -0.860107 -0.026123 -0.035119 0.101101 0.457616 49.799999 19.799999 54.599998
-0.538086 -0.871338 -0.039551 -0.003193 0.083009 0.490607 50.099998 20.100000 55.500000
-0.561768 -0.842285 -0.039795 -0.014899 0.089395 0.501250 50.700001 17.700001 55.500000
-0.566406 -0.837158 -0.045654 -0.042569 0.093652 0.493800 52.200001 16.799999 55.200001
-0.593506 -0.832031 -0.042480 0.024477 0.078753 0.503378 52.799999 16.799999 55.200001
-0.597900 -0.794678 -0.029297 0.045762 0.075560 0.489543 52.500000 15.900000 55.500000
-0.619873 -0.795898 -0.036133 0.006385 0.058532 0.484222 51.599998 15.000000 54.599998
-0.634766 -0.770508 -0.040039 -0.029798 0.053211 0.448038 51.299999 14.100000 55.500000
-0.641846 -0.772461 -0.025635 0.022349 0.072367 0.439525 50.099998 12.900000 54.900002
-0.647461 -0.787598 -0.056396 -0.019156 0.064918 0.454424 51.299999 11.700000 55.500000
-0.662109 -0.768555 -0.026367 -0.009578 0.046826 0.486350 51.599998 11.400000 55.799999
-0.659912 -0.740723 -0.035156 -0.086202 0.050019 0.531048 52.200001 11.400000 55.200001
-0.694824 -0.725098 -0.033691 -0.107487 0.069175 0.518277 53.400002 9.000000 55.799999
-0.699707 -0.730469 -0.045166 -0.087266 0.068110 0.565103 54.000000 8.400000 55.799999
-0.717529 -0.713379 -0.036621 -0.078753 0.075560 0.552332 55.799999 7.800000 55.799999
-0.721191 -0.705322 -0.050293 -0.116000 0.073431 0.529984 53.099998 7.500000 57.900002
-0.741455 -0.673584 -0.056885 -0.159634 0.059597 0.525727 56.099998 5.700000 56.700001
-0.751221 -0.672119 -0.055908 -0.109615 0.037248 0.515085 55.200001 6.600000 56.400002
-0.768555 -0.656738 -0.051270 -0.058532 0.013835 0.484222 54.900002 3.300000 55.500000
-0.766113 -0.641357 -0.054932 -0.085138 0.031927 0.504442 54.000000 2.400000 55.799999
-0.777832 -0.635498 -0.065918 -0.060661 0.034055 0.520406 54.299999 3.300000 56.099998
-0.786621 -0.626709 -0.075195 -0.034055 0.037248 0.570424 54.299999 1.500000 54.299999
-0.802979 -0.597900 -0.061279 -0.009578 0.060661 0.573617 54.599998 0.600000 54.599998
-0.811035 -0.595215 -0.069580 0.007450 0.060661 0.616186 54.900002 -0.300000 55.500000
-0.826416 -0.567871 -0.051025 0.010642 0.068110 0.637470 53.700001 -1.500000 54.900002
-0.821533 -0.533447 -0.060303 -0.015963 0.090459 0.660883 53.700001 -3.300000 56.700001
-0.849121 -0.515625 -0.063721 -0.013835 0.084074 0.632149 53.099998 -5.100000 57.299999
-0.860107 -0.497314 -0.069092 0.007450 0.076624 0.615122 54.299999 -6.900000 57.299999
-0.867188 -0.468750 -0.066650 -0.043633 0.091523 0.582131 53.700001 -5.100000 57.299999
-0.893311 -0.465820 -0.080322 -0.027670 0.098973 0.577874 54.599998 -7.800000 57.599998
-0.901367 -0.463379 -0.090576 -0.027670 0.092588 0.610865 54.000000 -9.000000 54.599998
-0.905518 -0.437256 -0.083008 -0.034055 0.111744 0.631085 53.099998 -9.900000 57.299999
-0.914307 -0.431396 -0.072266 -0.009578 0.121322 0.647048 54.599998 -12.600000 57.000000
-0.927490 -0.405762 -0.072266 0.046826 0.116000 0.644920 54.599998 -12.600000 57.000000
-0.921143 -0.366455 -0.074951 -0.014899 0.097909 0.608736 53.400002 -12.600000 56.400002
-0.925781 -0.353271 -0.078125 -0.005321 0.095780 0.558718 53.400002 -15.000000 55.200001
-0.943115 -0.321045 -0.089844 0.028734 0.081945 0.465066 54.900002 -14.700000 57.900002
-0.946045 -0.291016 -0.094238 -0.028734 0.052147 0.370350 52.200001 -15.000000 57.599998
-0.942871 -0.297607 -0.105957 -0.036184 0.042569 0.325653 52.799999 -16.799999 57.000000
-0.944580 -0.290283 -0.091797 -0.051083 0.043633 0.341616 52.799999 -16.200001 58.200001
-0.953613 -0.279541 -0.094971 -0.055340 0.062789 0.385249 52.200001 -16.799999 55.200001
-0.956055 -0.262207 -0.093506 -0.071303 0.076624 0.423561 50.099998 -17.700001 57.299999
-0.962646 -0.262451 -0.103027 -0.054275 0.110679 0.469323 51.599998 -19.200001 60.000000
-0.960205 -0.261719 -0.106445 -0.012771 0.140478 0.532112 52.200001 -20.400000 58.799999
-0.979980 -0.242188 -0.088135 -0.039376 0.195817 0.533176 49.799999 -19.799999 58.799999
-0.988525 -0.196289 -0.115479 -0.091523 0.184111 0.492736 50.400002 -22.200001 58.200001
-0.994141 -0.204834 -0.142578 -0.028734 0.125578 0.490607 50.099998 -22.500000 58.500000
-0.986572 -0.150879 -0.126465 -0.027670 0.088331 0.424625 51.000000 -23.400000 58.200001
-0.979004 -0.160889 -0.119629 -0.021284 0.064918 0.345873 49.799999 -23.400000 58.200001
-0.976074 -0.135986 -0.127197 -0.070239 0.054275 0.304368 48.299999 -24.299999 57.299999
-0.976074 -0.140625 -0.135498 -0.081945 0.073431 0.300111 50.099998 -23.100000 57.299999
-0.991943 -0.111328 -0.127930 -0.111744 0.094716 0.293726 48.599998 -24.000000 58.200001
-0.982666 -0.134521 -0.142090 -0.107487 0.075560 0.294790 49.200001 -27.000000 57.599998
-0.979736 -0.108887 -0.146729 -0.164955 0.055340 0.296919 49.200001 -26.400000 58.200001
-0.989990 -0.098877 -0.129883 -0.154313 0.063853 0.299047 48.000000 -27.000000 57.000000
-0.973389 -0.100830 -0.113525 -0.106422 0.067046 0.279891 47.400002 -27.000000 59.400002
-0.994629 -0.063721 -0.144531 -0.131964 0.067046 0.242643 47.099998 -29.700001 57.900002
-0.988037 -0.060303 -0.146484 -0.137285 0.054275 0.219230 47.700001 -29.100000 59.700001
-0.989014 -0.076660 -0.161377 -0.039376 0.030863 0.211781 46.200001 -29.400000 58.799999
-0.985596 -0.046631 -0.143066 -0.036184 0.028734 0.164955 47.099998 -28.500000 59.700001
-0.989746 -0.053467 -0.148438 -0.038312 0.029798 0.154313 47.400002 -29.400000 58.799999
-0.996582 -0.038330 -0.135986 -0.039376 0.041505 0.114936 46.500000 -28.500000 58.500000
-0.987549 -0.041992 -0.141357 -0.019156 0.045762 0.112808 47.400002 -28.799999 58.200001
-0.995361 -0.045166 -0.145508 -0.023413 0.034055 0.116000 48.299999 -28.500000 59.099998
-0.986328 -0.032471 -0.155762 -0.034055 0.030863 0.126643 48.000000 -30.600000 58.200001
-0.996338 -0.034668 -0.153320 -0.027670 0.026606 0.096844 46.799999 -29.400000 59.400002
-0.987305 -0.027588 -0.142822 -0.040441 0.023413 0.063853 45.900002 -31.500000 59.700001
-0.997314 -0.019043 -0.144287 -0.032991 0.034055 0.030863 45.000000 -30.600000 60.000000
-1.002930 -0.007080 -0.147949 -0.047890 0.025541 -0.003193 46.799999 -29.400000 58.799999
-0.995605 -0.031494 -0.159912 -0.041505 0.006385 -0.007450 45.900002 -29.700001 58.500000
-0.987549 -0.019531 -0.143066 -0.050019 0.007450 -0.005321 48.000000 -29.400000 59.400002
-0.987061 -0.031006 -0.153076 -0.029798 0.022349 -0.004257 46.200001 -28.799999 58.799999
-0.975586 -0.039795 -0.135742 -0.051083 0.044697 -0.009578 47.700001 -30.299999 58.500000
-0.984619 -0.063477 -0.156982 -0.024477 0.029798 0.019156 47.400002 -29.400000 57.599998
-0.988281 -0.045654 -0.142334 0.003193 0.032991 0.028734 48.900002 -30.299999 58.500000
-0.990967 -0.061035 -0.157959 0.007450 0.030863 0.054275 46.200001 -30.000000 58.200001
-1.003174 -0.054199 -0.155762 0.036184 0.006385 0.064918 48.000000 -30.600000 60.000000
-1.006836 -0.027832 -0.154053 0.026606 0.011706 0.064918 46.799999 -30.000000 58.200001
-1.007812 -0.028320 -0.144775 0.009578 0.019156 0.073431 46.200001 -30.600000 58.200001
-0.996094 -0.017334 -0.144043 0.006385 0.023413 0.064918 45.599998 -31.200001 58.200001
-0.990723 -0.022705 -0.164551 -0.011706 0.019156 0.058532 47.099998 -29.700001 59.099998
-0.983398 -0.009766 -0.161133 -0.003193 0.018092 0.054275 45.900002 -31.500000 57.900002
-0.980225 -0.003418 -0.150635 -0.019156 0.041505 0.045762 46.500000 -30.900000 59.099998
-0.987061 -0.018555 -0.147461 -0.030863 0.042569 0.058532 47.400002 -30.600000 58.200001
-0.986328 -0.019531 -0.148193 -0.037248 0.026606 0.061725 46.200001 -30.000000 58.799999
-0.990967 -0.017090 -0.165039 -0.050019 0.012771 0.062789 46.500000 -29.700001 58.500000
-0.995850 -0.012207 -0.148926 -0.044697 0.018092 0.055340 45.900002 -29.100000 60.299999
-1.007080 -0.007568 -0.140625 -0.046826 0.018092 0.034055 45.299999 -29.700001 58.500000
-1.003662 -0.009766 -0.142090 -0.043633 0.015963 0.013835 46.200001 -30.000000 58.200001
-0.985840 -0.014648 -0.141357 -0.034055 0.013835 0.008514 46.500000 -29.700001 59.700001
-0.982666 -0.031250 -0.139404 -0.026606 0.021284 0.030863 45.599998 -30.000000 58.200001
-0.989014 -0.004395 -0.162598 -0.015963 0.028734 0.034055 46.799999 -29.400000 58.799999
-0.978516 -0.013672 -0.136230 -0.041505 0.042569 0.046826 47.099998 -30.299999 59.099998
-0.979492 -0.015625 -0.141846 -0.023413 0.042569 0.061725 46.200001 -31.200001 57.599998
-0.992432 -0.012451 -0.161377 -0.015963 0.034055 0.053211 47.400002 -30.600000 59.400002
-0.997559 -0.002930 -0.147949 -0.029798 0.031927 0.036184 45.900002 -30.299999 57.900002
-0.991943 0.000977 -0.151367 -0.027670 0.034055 0.019156 45.000000 -29.400000 58.799999
-1.000977 -0.013916 -0.151855 -0.014899 0.019156 0.009578 45.299999 -29.700001 58.500000
-0.986328 -0.005615 -0.147705 -0.013835 0.015963 0.000000 45.299999 -29.100000 59.099998
-0.990479 -0.011475 -0.155273 -0.010642 0.005321 -0.009578 45.299999 -32.099998 59.099998
-0.992188 -0.018066 -0.162842 -0.009578 0.014899 0.006385 45.599998 -28.799999 58.200001
-0.989014 -0.011963 -0.163330 -0.018092 0.013835 0.030863 45.900002 -31.500000 59.099998
-0.990723 0.000244 -0.149658 -0.022349 0.028734 0.031927 45.000000 -29.400000 57.599998
-0.979980 -0.012939 -0.158203 -0.021284 0.026606 0.030863 45.000000 -30.600000 59.400002
-0.991211 -0.008545 -0.156250 -0.020220 0.023413 0.042569 45.299999 -29.700001 58.500000
-0.996826 -0.001465 -0.141602 -0.024477 0.026606 0.036184 45.599998 -30.600000 58.799999
-0.990479 -0.010254 -0.138916 -0.036184 0.027670 0.021284 46.799999 -31.200001 58.200001
-0.986572 -0.010986 -0.154541 -0.032991 0.021284 0.010642 45.000000 -30.600000 58.200001
-0.991943 -0.020020 -0.150635 -0.008514 0.020220 0.024477 43.799999 -31.200001 60.000000
-0.989990 -0.008789 -0.154785 -0.027670 0.023413 0.018092 45.000000 -31.200001 58.200001
-0.984619 -0.011719 -0.156250 -0.045762 0.018092 0.022349 45.599998 -31.200001 59.400002
-0.990967 -0.016602 -0.140381 -0.020220 0.019156 0.037248 46.200001 -30.600000 58.200001
-0.991943 -0.020996 -0.151123 -0.011706 0.011706 0.042569 46.200001 -30.600000 60.000000
-0.989990 0.000977 -0.153320 -0.018092 0.012771 0.036184 46.500000 -29.100000 57.299999
-0.988525 -0.011475 -0.141846 -0.011706 0.020220 0.025541 45.000000 -31.200001 59.400002
-0.990234 -0.004395 -0.157715 -0.024477 0.021284 0.013835 45.299999 -29.700001 58.500000
-0.990723 -0.018799 -0.157959 0.001064 0.012771 0.026606 45.299999 -31.500000 59.099998
-0.988037 -0.000732 -0.145020 -0.017028 0.015963 0.027670 46.799999 -29.400000 59.400002
-0.992188 -0.002441 -0.152344 -0.013835 0.011706 0.029798 45.599998 -31.799999 58.200001
-0.983154 -0.006836 -0.153564 -0.009578 0.011706 0.031927 44.400002 -30.000000 59.400002
-0.991943 -0.010254 -0.150879 0.004257 0.007450 0.038312 45.900002 -29.700001 56.700001
-0.994629 -0.000732 -0.153809 -0.008514 0.010642 0.045762 45.900002 -30.299999 57.299999
-0.989746 -0.004883 -0.152100 -0.032991 0.030863 0.031927 45.900002 -30.299999 58.500000
-0.988281 -0.016357 -0.153076 -0.022349 0.018092 0.032991 46.200001 -32.400002 58.200001
-0.998291 -0.010254 -0.147461 -0.002128 0.017028 0.037248 46.200001 -30.600000 56.400002
-0.997559 0.000000 -0.150391 -0.021284 0.019156 0.036184 47.099998 -31.500000 58.500000
-0.996338 -0.004883 -0.148926 -0.013835 0.021284 0.031927 45.900002 -31.500000 57.299999
-0.992432 -0.008545 -0.145508 0.000000 0.024477 0.035119 46.799999 -30.600000 59.400002
-0.990234 -0.002441 -0.155029 -0.019156 0.021284 0.031927 47.099998 -30.299999 59.700001
-0.991943 -0.013428 -0.151611 0.013835 0.006385 0.032991 45.000000 -31.799999 58.200001
-0.992188 0.003662 -0.148926 -0.002128 0.002128 0.018092 45.900002 -31.500000 59.700001
-0.984375 0.002197 -0.149414 -0.004257 0.011706 0.021284 46.200001 -31.200001 58.799999
-0.985840 0.012695 -0.140869 -0.002128 0.017028 0.017028 45.900002 -30.299999 57.900002
-0.991943 0.001953 -0.154785 -0.006385 0.028734 0.004257 45.599998 -31.799999 58.799999
-0.988770 -0.005127 -0.148682 -0.022349 0.021284 0.021284 46.500000 -32.099998 57.299999
-0.990234 -0.006348 -0.148193 -0.008514 0.018092 0.032991 44.099998 -30.900000 59.099998
-0.997070 -0.002197 -0.154053 -0.005321 0.014899 0.022349 46.500000 -32.099998 58.500000
-0.999268 -0.000732 -0.156494 -0.015963 0.008514 0.039376 45.000000 -29.400000 56.400002
-1.000244 -0.000488 -0.136963 -0.008514 0.014899 0.029798 45.299999 -30.299999 57.900002
-0.991211 -0.000488 -0.145020 -0.002128 0.014899 0.029798 45.299999 -31.500000 58.500000
-0.993164 -0.004883 -0.147949 -0.019156 0.017028 0.031927 46.200001 -31.799999 58.200001
-0.976074 -0.015869 -0.140381 -0.014899 0.018092 0.043633 46.799999 -30.600000 60.000000
-0.989746 0.014648 -0.134766 -0.021284 0.023413 0.025541 45.299999 -30.900000 56.700001
-0.991943 -0.003174 -0.156738 -0.018092 0.013835 0.045762 45.299999 -32.099998 56.700001
-0.991943 0.006592 -0.139404 -0.039376 0.027670 0.042569 45.900002 -31.500000 59.099998
-0.976807 0.012695 -0.135010 -0.055340 0.026606 0.027670 45.599998 -30.600000 60.000000
-0.996826 0.001465 -0.162842 -0.050019 0.022349 0.032991 46.500000 -30.900000 59.700001
-0.996094 0.015625 -0.143311 -0.052147 0.034055 0.028734 46.500000 -30.900000 59.099998
-0.992188 0.015869 -0.152344 -0.046826 0.035119 0.015963 45.599998 -30.000000 58.200001
-0.995850 0.007080 -0.157227 -0.036184 0.010642 0.014899 44.099998 -32.700001 59.099998
-0.988281 0.005615 -0.143799 -0.032991 0.018092 0.035119 45.000000 -31.200001 57.599998
-0.990723 0.010010 -0.141357 -0.024477 0.026606 0.026606 46.799999 -31.200001 58.799999
-0.984375 0.001953 -0.143799 -0.023413 0.017028 0.031927 46.799999 -32.400002 58.200001
-0.988770 0.003906 -0.145996 -0.021284 0.009578 0.040441 45.900002 -31.500000 57.900002
-0.980713 0.002930 -0.154297 -0.015963 0.004257 0.045762 45.599998 -30.600000 58.200001
-0.983643 0.011475 -0.149414 0.002128 0.013835 0.050019 45.599998 -31.799999 59.400002
-0.989990 0.023682 -0.149658 -0.035119 0.022349 0.052147 46.799999 -32.400002 57.599998
-0.985352 0.017090 -0.140137 -0.025541 0.031927 0.053211 45.599998 -31.799999 59.400002
-1.000977 0.027832 -0.143066 -0.022349 0.042569 0.043633 46.799999 -31.799999 58.200001
-0.995850 0.016846 -0.148438 -0.022349 0.046826 0.036184 45.000000 -30.600000 57.000000
-0.995117 0.019287 -0.142334 -0.027670 0.040441 0.009578 45.599998 -31.200001 57.599998
-0.998535 0.006104 -0.145996 -0.017028 0.031927 0.006385 44.700001 -30.900000 57.900002
-0.993408 0.003662 -0.161621 -0.006385 0.017028 0.014899 44.700001 -31.500000 57.900002
-0.993408 0.018311 -0.150635 -0.021284 0.024477 0.014899 46.200001 -32.400002 59.400002
-0.985352 0.008301 -0.156738 -0.022349 0.022349 0.024477 44.700001 -31.500000 59.099998
-0.984375 0.001953 -0.156738 -0.009578 0.022349 0.037248 46.799999 -31.200001 60.000000
-0.981689 0.017090 -0.144287 -0.028734 0.030863 0.029798 46.200001 -30.600000 58.799999
-0.976562 0.004150 -0.150391 -0.032991 0.015963 0.034055 45.299999 -30.900000 57.900002
-0.993408 0.020264 -0.166748 -0.035119 0.020220 0.039376 45.900002 -32.700001 58.500000
-0.992432 0.018066 -0.150146 -0.023413 0.032991 0.027670 45.299999 -31.500000 57.900002
-0.986084 0.020508 -0.147461 -0.027670 0.037248 0.026606 44.099998 -32.700001 57.900002
-0.990234 0.021484 -0.149170 -0.024477 0.038312 0.020220 45.299999 -31.500000 58.500000
-0.990479 0.009277 -0.169678 -0.009578 0.029798 0.028734 45.599998 -32.400002 58.799999
-0.991211 0.028564 -0.148682 -0.020220 0.044697 0.019156 45.900002 -32.099998 57.900002
-0.988037 0.020020 -0.145508 -0.001064 0.026606 0.013835 43.500000 -32.700001 58.500000
-0.991699 0.011719 -0.165527 -0.007450 0.023413 0.012771 46.500000 -31.500000 59.099998
-0.985840 0.015381 -0.165771 -0.015963 0.015963 0.007450 45.599998 -32.400002 58.200001
-0.988770 0.017334 -0.148926 -0.020220 0.022349 0.005321 45.900002 -32.700001 57.900002
-0.990479 0.028076 -0.138916 -0.028734 0.020220 0.002128 44.400002 -33.000000 60.000000
-0.996582 0.009521 -0.150635 -0.023413 0.009578 0.024477 45.299999 -30.900000 57.299999
-0.987793 0.019531 -0.148682 -0.025541 0.030863 0.038312 43.799999 -31.799999 58.200001
-0.983643 0.037109 -0.155273 -0.039376 0.037248 0.040441 45.599998 -34.200001 58.200001
-0.990479 0.006592 -0.157227 -0.014899 0.024477 0.034055 46.200001 -33.000000 58.200001
-0.988770 0.015381 -0.156006 -0.011706 0.015963 0.027670 44.700001 -32.700001 58.500000
-0.990479 0.019531 -0.146973 -0.022349 0.023413 0.010642 44.400002 -33.000000 58.799999
-0.991699 0.008057 -0.153320 -0.019156 0.012771 0.007450 45.599998 -31.200001 57.000000
-0.995850 0.016113 -0.141846 -0.015963 0.010642 0.009578 46.200001 -31.799999 58.799999
-0.989014 0.008057 -0.145264 -0.008514 0.011706 0.015963 46.200001 -32.400002 58.200001
-0.979736 0.016113 -0.150391 -0.019156 0.024477 0.027670 46.200001 -31.200001 58.799999
-0.987305 0.014160 -0.156006 -0.001064 0.020220 0.037248 44.099998 -30.900000 59.700001
-0.983154 0.008545 -0.158203 -0.010642 0.018092 0.040441 45.000000 -32.400002 59.400002
-0.989502 0.036377 -0.150146 -0.020220 0.025541 0.029798 44.700001 -32.700001 56.099998
-0.993408 0.021240 -0.153320 0.001064 0.035119 0.023413 45.000000 -30.600000 57.599998
-0.988525 0.008789 -0.159180 -0.008514 0.022349 0.014899 47.099998 -30.299999 58.500000
-0.987549 0.014404 -0.157227 -0.011706 0.009578 0.018092 46.500000 -30.900000 59.700001
-0.977295 0.020996 -0.154785 0.002128 0.012771 0.019156 46.200001 -31.200001 58.200001
-0.976807 0.031738 -0.145996 -0.019156 0.024477 0.017028 44.400002 -33.599998 60.000000
-0.989014 0.013428 -0.143066 -0.011706 0.029798 0.014899 45.599998 -30.600000 58.200001
-0.988770 0.019531 -0.159668 -0.009578 0.028734 0.011706 45.000000 -31.200001 59.400002
-0.998047 0.017090 -0.139648 -0.006385 0.031927 0.002128 45.299999 -32.099998 58.500000
-0.998047 0.019531 -0.155762 -0.005321 0.013835 -0.003193 44.400002 -31.799999 58.200001
-1.002441 0.011230 -0.158203 -0.009578 -0.002128 0.019156 46.200001 -31.799999 58.799999
-0.990479 0.018799 -0.147705 -0.007450 0.015963 0.035119 45.599998 -31.799999 58.799999
-0.983887 0.026367 -0.151123 -0.013835 0.030863 0.038312 45.900002 -30.900000 59.700001
-0.979492 0.009521 -0.150146 -0.010642 0.027670 0.038312 45.000000 -31.799999 58.799999
-0.984619 0.014404 -0.154541 -0.013835 0.025541 0.031927 45.599998 -30.600000 58.799999
-0.989502 0.025391 -0.150391 -0.031927 0.027670 0.029798 45.299999 -31.500000 59.099998
-0.999023 0.014648 -0.153076 -0.012771 0.018092 0.027670 45.299999 -31.500000 57.900002
-0.988770 0.020508 -0.153076 -0.014899 0.012771 0.023413 44.099998 -30.299999 57.900002
-0.981445 0.021973 -0.160645 -0.035119 0.003193 0.032991 44.099998 -30.900000 60.299999
