0.000000 0.000000 68199414280355160522752.000000 0.000000 0.000000 0.000000 291214306125383931743057215488.000000 0.000000 1034643190516285440.000000
-0.013916 0.981201 -0.124756 -0.017028 0.022349 0.018092 22.799999 -51.000000 21.000000
-0.006104 0.982666 -0.120117 -0.019156 0.022349 0.018092 21.600000 -51.599998 21.000000
-0.006348 0.980957 -0.131104 -0.012771 0.021284 0.021284 19.799999 -52.799999 19.799999
-0.010986 0.978027 -0.120850 -0.014899 0.022349 0.020220 21.299999 -53.099998 21.299999
-0.015381 0.974365 -0.127930 -0.015963 0.024477 0.021284 20.400000 -52.200001 20.400000
-0.007568 0.983154 -0.129395 -0.014899 0.022349 0.018092 20.700001 -51.299999 21.900000
-0.009521 0.974609 -0.130859 -0.015963 0.023413 0.021284 21.299999 -52.500000 20.700001
-0.014404 0.976318 -0.119629 -0.014899 0.022349 0.017028 21.299999 -53.700001 19.500000
-0.009766 0.975098 -0.131592 -0.017028 0.020220 0.019156 20.400000 -53.400002 21.600000
-0.010742 0.980713 -0.127197 -0.013835 0.021284 0.019156 20.400000 -51.000000 20.400000
-0.012939 0.983398 -0.116943 -0.010642 0.021284 0.018092 21.900000 -49.500000 21.299999
-0.011963 0.977295 -0.128906 -0.014899 0.024477 0.018092 21.000000 -52.200001 21.600000
-0.004639 0.975098 -0.126465 -0.010642 0.017028 0.020220 21.600000 -50.400002 19.799999
-0.013672 0.977539 -0.129883 -0.018092 0.022349 0.019156 22.200001 -52.200001 19.200001
-0.009277 0.977051 -0.120117 -0.015963 0.021284 0.015963 21.600000 -52.200001 19.799999
-0.010742 0.978027 -0.124023 -0.012771 0.022349 0.019156 21.299999 -51.900002 20.100000
-0.008301 0.980225 -0.123535 -0.014899 0.021284 0.019156 20.700001 -52.500000 20.100000
-0.016113 0.979736 -0.120605 -0.018092 0.025541 0.017028 22.200001 -52.799999 19.799999
-0.008789 0.972900 -0.122803 -0.012771 0.022349 0.019156 19.500000 -51.900002 21.900000
-0.009277 0.980713 -0.131836 -0.014899 0.022349 0.015963 20.700001 -54.299999 21.299999
-0.010010 0.979736 -0.126465 -0.013835 0.021284 0.018092 19.200001 -53.400002 20.400000
-0.008301 0.978271 -0.130371 -0.013835 0.022349 0.018092 20.700001 -53.099998 21.299999
-0.009277 0.978027 -0.124023 -0.014899 0.020220 0.015963 21.000000 -50.400002 19.799999
-0.010986 0.973877 -0.124512 -0.013835 0.022349 0.018092 20.400000 -52.799999 20.400000
-0.014893 0.980225 -0.130615 -0.018092 0.021284 0.018092 20.700001 -51.299999 20.700001
-0.009766 0.983398 -0.126709 -0.013835 0.024477 0.019156 20.400000 -52.799999 20.400000
-0.008057 0.974365 -0.125977 -0.017028 0.024477 0.018092 20.100000 -51.299999 20.700001
-0.011475 0.975830 -0.122314 -0.012771 0.022349 0.019156 20.700001 -50.099998 20.100000
-0.009766 0.979004 -0.129150 -0.015963 0.022349 0.019156 22.500000 -52.500000 21.299999
-0.012207 0.980469 -0.127686 -0.015963 0.022349 0.019156 20.700001 -52.500000 19.500000
-0.007568 0.978027 -0.125488 -0.015963 0.020220 0.019156 21.900000 -52.500000 21.299999
-0.006836 0.979248 -0.134521 -0.013835 0.023413 0.015963 21.000000 -53.400002 19.799999
-0.012207 0.978516 -0.130859 -0.012771 0.021284 0.019156 22.200001 -51.000000 19.799999
-0.010498 0.981689 -0.126709 -0.013835 0.020220 0.020220 21.000000 -52.799999 20.400000
-0.015137 0.974365 -0.130859 -0.012771 0.024477 0.018092 19.799999 -53.400002 21.000000
-0.010498 0.980225 -0.119873 -0.011706 0.024477 0.020220 21.299999 -51.299999 20.700001
-0.004150 0.973389 -0.117920 -0.014899 0.022349 0.020220 20.700001 -51.299999 19.500000
-0.006592 0.976807 -0.131836 -0.015963 0.024477 0.015963 21.000000 -50.400002 20.400000
-0.009521 0.980225 -0.129883 -0.012771 0.022349 0.017028 21.299999 -51.299999 20.100000
-0.007568 0.979492 -0.118164 -0.013835 0.023413 0.017028 19.799999 -50.400002 19.200001
-0.012207 0.980713 -0.129395 -0.018092 0.020220 0.019156 21.600000 -52.200001 20.400000
-0.010010 0.977539 -0.126221 -0.015963 0.022349 0.021284 22.500000 -52.500000 19.500000
-0.012207 0.978271 -0.125244 -0.013835 0.024477 0.022349 21.900000 -51.299999 19.500000
-0.008789 0.981689 -0.130859 -0.014899 0.021284 0.021284 21.600000 -52.799999 21.000000
-0.013184 0.982666 -0.133545 -0.008514 0.019156 0.017028 20.400000 -51.599998 19.200001
-0.011230 0.972412 -0.124268 -0.014899 0.023413 0.020220 20.700001 -52.500000 21.299999
-0.007812 0.978760 -0.117676 -0.015963 0.023413 0.018092 20.700001 -52.500000 20.700001
-0.012695 0.977539 -0.127197 -0.013835 0.021284 0.018092 21.600000 -52.200001 21.000000
-0.013672 0.978516 -0.129639 -0.013835 0.021284 0.018092 21.000000 -50.400002 20.400000
-0.009033 0.987305 -0.125977 -0.013835 0.022349 0.020220 20.100000 -51.900002 21.900000
-0.008545 0.975586 -0.123047 -0.013835 0.024477 0.020220 21.299999 -53.099998 21.900000
-0.012939 0.977539 -0.125488 -0.012771 0.022349 0.019156 19.500000 -50.099998 20.700001
-0.009033 0.979248 -0.127441 -0.018092 0.024477 0.020220 19.200001 -52.799999 21.000000
-0.006104 0.981934 -0.124023 -0.013835 0.022349 0.014899 20.700001 -51.900002 20.100000
-0.008545 0.979492 -0.128174 -0.017028 0.022349 0.018092 21.600000 -52.200001 21.600000
-0.009277 0.979736 -0.129883 -0.015963 0.018092 0.021284 20.400000 -54.000000 21.600000
-0.011719 0.979004 -0.137451 -0.019156 0.022349 0.019156 20.100000 -51.299999 20.100000
-0.013672 0.984131 -0.115967 -0.015963 0.022349 0.019156 20.700001 -51.299999 21.900000
-0.009766 0.972656 -0.126221 -0.013835 0.022349 0.019156 21.000000 -52.200001 20.400000
-0.013428 0.979004 -0.129639 -0.013835 0.023413 0.021284 21.900000 -51.900002 20.100000
-0.010254 0.983154 -0.124268 -0.014899 0.020220 0.020220 21.299999 -52.500000 20.100000
-0.005859 0.979004 -0.131836 -0.015963 0.022349 0.020220 21.299999 -50.099998 20.700001
-0.010986 0.976074 -0.124756 -0.014899 0.020220 0.019156 22.500000 -53.700001 21.900000
-0.011719 0.978760 -0.119141 -0.010642 0.023413 0.020220 21.299999 -53.700001 21.299999
-0.010742 0.979248 -0.126465 -0.013835 0.024477 0.019156 22.200001 -49.200001 21.000000
-0.005371 0.975830 -0.132568 -0.012771 0.022349 0.018092 20.400000 -52.799999 20.400000
-0.004150 0.985107 -0.115967 -0.014899 0.024477 0.017028 21.000000 -50.400002 21.000000
-0.013916 0.975586 -0.128662 -0.014899 0.022349 0.020220 20.700001 -51.299999 21.299999
-0.007568 0.975586 -0.127930 -0.013835 0.022349 0.020220 20.400000 -51.599998 21.600000
-0.005615 0.977783 -0.129395 -0.014899 0.022349 0.018092 21.900000 -51.299999 19.500000
-0.012695 0.981934 -0.132080 -0.013835 0.022349 0.021284 21.900000 -53.099998 19.500000
-0.011963 0.984619 -0.131348 -0.015963 0.019156 0.020220 21.299999 -51.900002 21.900000
-0.012207 0.981934 -0.119629 -0.017028 0.023413 0.019156 21.299999 -51.900002 19.500000
-0.010254 0.978027 -0.131592 -0.011706 0.021284 0.018092 21.299999 -51.900002 20.700001
-0.011230 0.975098 -0.118164 -0.011706 0.021284 0.019156 21.299999 -52.500000 20.100000
-0.004395 0.980469 -0.133545 -0.013835 0.020220 0.021284 22.200001 -52.200001 21.600000
-0.001709 0.978760 -0.129395 -0.010642 0.020220 0.018092 21.600000 -51.599998 18.600000
-0.008301 0.976562 -0.129639 -0.013835 0.026606 0.018092 21.000000 -51.599998 21.000000
-0.014893 0.977295 -0.124756 -0.013835 0.025541 0.019156 21.600000 -51.599998 21.600000
-0.005127 0.984375 -0.128418 -0.015963 0.022349 0.015963 21.900000 -52.500000 20.100000
-0.009766 0.975830 -0.129639 -0.012771 0.024477 0.019156 21.000000 -52.799999 20.400000
-0.008545 0.971191 -0.124023 -0.012771 0.023413 0.019156 21.900000 -50.700001 21.299999
-0.008057 0.979736 -0.125244 -0.017028 0.019156 0.020220 21.900000 -51.299999 21.900000
-0.009033 0.984619 -0.125000 -0.017028 0.020220 0.020220 20.400000 -52.200001 20.400000
-0.010498 0.973389 -0.122559 -0.014899 0.023413 0.019156 21.299999 -52.500000 20.700001
-0.008789 0.983154 -0.121826 -0.015963 0.022349 0.019156 21.900000 -50.099998 21.299999
-0.011475 0.981689 -0.125732 -0.017028 0.025541 0.020220 21.000000 -52.200001 19.799999
-0.015625 0.980957 -0.129883 -0.014899 0.021284 0.015963 21.000000 -52.200001 19.799999
-0.000977 0.974854 -0.135986 -0.014899 0.022349 0.018092 21.900000 -51.299999 21.299999
-0.011963 0.974609 -0.121826 -0.015963 0.024477 0.018092 21.299999 -51.900002 20.700001
-0.006836 0.971191 -0.124023 -0.014899 0.019156 0.019156 21.900000 -51.900002 21.299999
-0.016357 0.976074 -0.119385 -0.014899 0.022349 0.020220 20.400000 -51.599998 21.000000
-0.010498 0.976318 -0.135010 -0.015963 0.020220 0.018092 21.299999 -52.500000 21.299999
-0.028076 1.005371 -0.169678 -0.002128 0.057468 0.010642 20.700001 -52.500000 19.500000
-0.012207 0.984131 -0.103027 -0.010642 0.027670 0.018092 20.400000 -51.599998 19.799999
-0.011719 0.979980 -0.111816 -0.013835 0.021284 0.019156 20.700001 -52.500000 20.700001
-0.016846 0.977539 -0.125732 -0.018092 0.014899 0.019156 22.799999 -52.200001 21.600000
-0.004639 0.991455 -0.100342 -0.017028 0.028734 0.019156 22.500000 -51.900002 20.100000
-0.008057 0.982178 -0.121094 -0.012771 0.023413 0.020220 21.000000 -51.599998 21.000000
-0.005127 0.969482 -0.122803 -0.017028 0.021284 0.017028 19.799999 -51.000000 19.799999
-0.010254 0.980469 -0.138184 -0.012771 0.027670 0.014899 21.000000 -51.599998 19.799999
-0.010254 0.989990 -0.117676 -0.012771 0.017028 0.019156 22.200001 -52.799999 20.400000
-0.000977 0.974365 -0.129150 -0.012771 0.012771 0.019156 21.000000 -51.000000 20.400000
-0.008057 0.987305 -0.132568 -0.018092 0.027670 0.019156 21.000000 -51.599998 21.600000
-0.002930 0.979248 -0.127686 -0.010642 0.028734 0.018092 21.900000 -50.700001 19.500000
-0.002930 0.964844 -0.130615 -0.020220 0.034055 0.019156 22.799999 -52.799999 21.000000
-0.015137 0.976074 -0.112305 -0.008514 0.023413 0.019156 21.900000 -51.900002 20.100000
-0.014404 0.969727 -0.129883 -0.013835 0.031927 0.015963 20.400000 -51.599998 21.600000
-0.005371 1.010498 -0.135742 -0.013835 0.038312 0.014899 20.400000 -51.000000 21.600000
-0.015869 0.998535 -0.147949 -0.015963 0.031927 0.018092 21.600000 -52.799999 22.200001
-0.011475 0.990723 -0.130615 -0.023413 0.026606 0.019156 20.700001 -54.299999 20.700001
-0.007324 0.974609 -0.121582 -0.018092 0.025541 0.018092 21.900000 -51.299999 21.299999
-0.010742 0.985596 -0.137939 -0.021284 0.019156 0.015963 22.200001 -50.400002 21.000000
-0.008301 0.976074 -0.119873 -0.027670 0.021284 0.018092 20.700001 -52.500000 20.100000
-0.006592 0.981934 -0.124756 -0.015963 0.022349 0.018092 21.299999 -51.900002 20.700001
-0.013672 0.983643 -0.123535 -0.020220 0.027670 0.015963 18.600000 -51.000000 21.600000
-0.008301 0.968750 -0.129395 -0.014899 0.029798 0.014899 21.299999 -52.500000 20.100000
-0.008057 0.975098 -0.115967 -0.012771 0.037248 0.014899 21.000000 -53.400002 20.400000
-0.013184 0.989014 -0.140137 -0.021284 0.043633 0.020220 21.299999 -51.299999 22.500000
-0.017334 0.972168 -0.140381 -0.015963 0.022349 0.020220 21.000000 -52.200001 21.000000
-0.016602 0.978760 -0.114990 -0.005321 0.019156 0.017028 20.100000 -53.099998 21.299999
-0.009766 0.993652 -0.136719 -0.006385 0.020220 0.017028 21.000000 -52.799999 21.000000
-0.010986 0.973145 -0.115479 -0.018092 0.007450 0.020220 22.200001 -52.200001 20.400000
-0.009033 0.964600 -0.120361 -0.011706 0.024477 0.019156 23.100000 -50.700001 20.700001
-0.007568 0.953613 -0.108154 -0.013835 0.027670 0.021284 21.299999 -51.900002 20.100000
-0.017334 0.982910 -0.139648 -0.015963 0.018092 0.019156 21.299999 -51.299999 20.700001
-0.002197 0.977783 -0.120850 -0.015963 0.027670 0.017028 21.600000 -54.000000 20.400000
-0.003662 0.960205 -0.121338 -0.027670 0.020220 0.022349 19.799999 -51.599998 20.400000
-0.009033 0.968750 -0.104980 -0.013835 0.018092 0.017028 21.299999 -51.900002 21.299999
-0.014160 0.983398 -0.127686 -0.019156 0.001064 0.021284 21.000000 -52.200001 20.400000
-0.014160 0.979736 -0.127930 -0.014899 -0.002128 0.021284 21.600000 -51.000000 19.799999
-0.009766 0.982422 -0.129150 -0.010642 0.023413 0.015963 22.200001 -52.799999 20.400000
-0.013672 0.958496 -0.136230 -0.007450 0.004257 0.024477 21.000000 -51.000000 21.600000
-0.007568 0.977051 -0.136719 -0.018092 0.009578 0.018092 21.299999 -51.900002 21.299999
-0.002197 0.966553 -0.115479 -0.011706 0.029798 0.018092 21.299999 -51.299999 20.700001
-0.007080 0.975098 -0.128174 -0.022349 0.020220 0.017028 21.299999 -52.500000 20.100000
-0.007812 0.969727 -0.117676 -0.010642 0.027670 0.018092 20.100000 -51.900002 20.100000
-0.009766 0.979248 -0.141113 -0.013835 0.006385 0.021284 22.200001 -52.799999 20.400000
-0.014893 0.981445 -0.145264 -0.007450 0.023413 0.020220 21.900000 -53.099998 20.700001
-0.010986 1.000977 -0.135254 -0.023413 0.040441 0.015963 21.900000 -52.500000 20.700001
-0.014404 0.985352 -0.135254 -0.003193 0.034055 0.015963 21.000000 -52.799999 20.400000
-0.009766 0.989258 -0.114258 -0.007450 0.042569 0.015963 21.900000 -51.900002 20.700001
-0.016113 1.001221 -0.147217 -0.014899 0.054275 0.012771 22.200001 -51.000000 21.600000
-0.012695 0.967285 -0.106445 -0.015963 0.065982 0.012771 21.600000 -51.000000 21.000000
-0.010742 0.983887 -0.114258 -0.022349 0.069175 0.014899 21.299999 -51.900002 19.500000
-0.012207 0.984863 -0.115723 -0.018092 0.055340 0.015963 20.100000 -52.500000 21.900000
-0.012695 0.994141 -0.116211 -0.010642 0.028734 0.017028 20.100000 -53.099998 21.900000
-0.015137 0.988770 -0.134521 -0.004257 0.014899 0.021284 20.700001 -51.900002 20.700001
-0.010010 0.983643 -0.119385 -0.015963 0.019156 0.019156 22.200001 -52.200001 20.400000
-0.013672 0.968018 -0.132324 -0.018092 0.012771 0.019156 21.299999 -53.099998 22.500000
-0.013184 0.980469 -0.135742 -0.012771 0.023413 0.019156 20.400000 -53.400002 19.799999
-0.012451 0.980713 -0.136475 -0.010642 0.015963 0.022349 20.700001 -51.900002 21.900000
-0.013184 0.989990 -0.111572 -0.014899 0.011706 0.020220 20.400000 -52.200001 21.000000
-0.012939 0.968506 -0.137451 -0.017028 0.027670 0.021284 20.400000 -51.000000 19.799999
-0.002930 0.978516 -0.140625 -0.005321 0.030863 0.019156 21.000000 -52.200001 20.400000
-0.016602 0.976562 -0.123291 -0.011706 0.011706 0.023413 20.100000 -51.299999 20.100000
-0.000488 0.976562 -0.107422 -0.017028 0.020220 0.020220 20.100000 -52.500000 21.900000
-0.011230 0.972900 -0.131348 -0.014899 0.012771 0.020220 20.700001 -52.500000 21.900000
-0.012207 0.980469 -0.121338 -0.018092 0.006385 0.019156 21.600000 -52.200001 20.400000
-0.013428 0.980225 -0.119141 -0.014899 0.018092 0.019156 20.700001 -51.900002 22.500000
-0.012939 0.978027 -0.115967 -0.014899 0.022349 0.017028 21.600000 -50.400002 21.600000
-0.011475 0.979248 -0.116699 -0.013835 0.021284 0.018092 20.700001 -53.099998 22.500000
-0.012695 0.979492 -0.125488 -0.009578 0.022349 0.021284 21.000000 -52.799999 20.400000
-0.015137 0.976807 -0.128174 -0.018092 0.021284 0.017028 21.000000 -51.599998 20.400000
-0.008301 0.981201 -0.125000 -0.017028 0.023413 0.019156 21.900000 -51.900002 21.299999
-0.008301 0.977783 -0.123535 -0.015963 0.025541 0.019156 22.200001 -51.599998 22.200001
-0.010010 0.983643 -0.135498 -0.013835 0.020220 0.018092 22.200001 -51.599998 21.600000
-0.002197 0.976074 -0.133057 -0.015963 0.022349 0.021284 20.100000 -51.299999 20.700001
-0.003906 0.978271 -0.118164 -0.012771 0.023413 0.019156 21.900000 -52.500000 21.900000
-0.007080 0.976562 -0.127686 -0.013835 0.022349 0.017028 20.700001 -52.500000 20.700001
-0.005615 0.983887 -0.136475 -0.015963 0.020220 0.020220 21.000000 -51.599998 21.600000
-0.011719 0.968262 -0.117676 -0.014899 0.021284 0.020220 22.200001 -49.799999 20.400000
-0.007812 0.978027 -0.126953 -0.013835 0.024477 0.021284 20.100000 -51.299999 19.500000
-0.008057 0.977051 -0.125977 -0.013835 0.021284 0.018092 21.299999 -51.900002 21.299999
-0.007812 0.980713 -0.120361 -0.011706 0.021284 0.018092 21.600000 -49.799999 21.000000
-0.013184 0.982178 -0.130371 -0.013835 0.022349 0.018092 21.900000 -50.700001 20.700001
-0.010742 0.978516 -0.122314 -0.017028 0.022349 0.020220 21.900000 -50.700001 20.700001
-0.004639 0.979248 -0.122803 -0.012771 0.022349 0.015963 22.200001 -52.799999 22.200001
-0.010742 0.980469 -0.112793 -0.019156 0.022349 0.023413 21.299999 -53.099998 20.100000
-0.010742 0.979492 -0.124756 -0.012771 0.021284 0.017028 22.200001 -52.200001 21.000000
-0.014404 0.978271 -0.128662 -0.015963 0.023413 0.019156 21.299999 -52.500000 21.299999
-0.010010 0.982422 -0.124023 -0.015963 0.023413 0.018092 21.600000 -52.799999 20.400000
-0.010254 0.978760 -0.129883 -0.013835 0.024477 0.022349 21.299999 -52.500000 20.700001
-0.006836 0.977783 -0.123047 -0.014899 0.022349 0.020220 20.700001 -51.900002 20.100000
-0.013428 0.974854 -0.133057 -0.015963 0.020220 0.019156 21.000000 -53.400002 21.000000
-0.015869 0.975586 -0.127686 -0.015963 0.023413 0.019156 21.000000 -52.799999 21.000000
-0.004150 0.978516 -0.123535 -0.015963 0.021284 0.019156 21.000000 -51.000000 21.600000
-0.009277 0.978760 -0.131104 -0.014899 0.022349 0.015963 19.200001 -52.200001 20.400000
-0.005127 0.982666 -0.124023 -0.014899 0.021284 0.017028 21.299999 -52.500000 20.700001
-0.009766 0.979248 -0.124756 -0.014899 0.019156 0.020220 20.100000 -51.900002 20.700001
-0.004639 0.979492 -0.119873 -0.014899 0.020220 0.015963 21.600000 -51.599998 21.000000
-0.003662 0.978760 -0.121582 -0.017028 0.020220 0.015963 21.299999 -52.500000 21.900000
-0.006104 0.979736 -0.124023 -0.014899 0.022349 0.019156 21.600000 -51.000000 19.200001
-0.012695 0.983154 -0.126465 -0.017028 0.021284 0.017028 21.600000 -51.000000 21.000000
-0.011230 0.975830 -0.121582 -0.013835 0.023413 0.019156 21.900000 -52.500000 21.900000
-0.008057 0.981689 -0.128418 -0.012771 0.023413 0.017028 22.200001 -52.200001 21.000000
-0.005859 0.973145 -0.123291 -0.015963 0.023413 0.015963 20.400000 -52.200001 20.400000
-0.012207 0.978271 -0.124756 -0.015963 0.021284 0.019156 21.600000 -52.200001 21.600000
-0.012695 0.976562 -0.127441 -0.013835 0.023413 0.019156 19.799999 -52.799999 20.400000
-0.002930 0.983887 -0.126953 -0.012771 0.022349 0.019156 21.299999 -52.500000 21.299999
-0.010986 0.983887 -0.126465 -0.013835 0.021284 0.019156 21.900000 -53.099998 20.700001
-0.013428 0.980225 -0.135498 -0.013835 0.021284 0.020220 21.000000 -51.599998 20.400000
-0.009033 0.978027 -0.119141 -0.012771 0.023413 0.018092 19.799999 -51.599998 21.000000
-0.011230 0.976074 -0.119141 -0.017028 0.022349 0.021284 21.600000 -52.200001 21.600000
-0.011963 0.981445 -0.126709 -0.015963 0.022349 0.021284 21.000000 -52.799999 21.600000
-0.010498 0.978760 -0.135010 -0.018092 0.021284 0.020220 20.700001 -52.500000 21.299999
-0.010742 0.975586 -0.120361 -0.013835 0.021284 0.019156 21.900000 -51.299999 20.100000
-0.005859 0.978271 -0.122559 -0.017028 0.022349 0.018092 20.100000 -53.099998 20.700001
-0.014404 0.981201 -0.131348 -0.012771 0.023413 0.019156 20.700001 -53.099998 20.700001
-0.010010 0.979248 -0.124512 -0.017028 0.023413 0.020220 22.500000 -53.700001 21.299999
-0.010742 0.981201 -0.118652 -0.015963 0.023413 0.020220 21.600000 -51.599998 18.600000
-0.009521 0.975098 -0.125732 -0.015963 0.022349 0.020220 21.299999 -53.099998 21.299999
-0.008789 0.978516 -0.131348 -0.013835 0.023413 0.017028 21.299999 -52.500000 19.500000
-0.009277 0.979492 -0.124756 -0.011706 0.022349 0.019156 21.000000 -51.599998 21.600000
-0.006348 0.980225 -0.118652 -0.014899 0.021284 0.019156 21.600000 -52.799999 19.200001
-0.014160 0.980713 -0.127441 -0.013835 0.020220 0.013835 23.700001 -52.500000 21.299999
-0.010010 0.976562 -0.120605 -0.015963 0.021284 0.017028 21.000000 -52.200001 22.799999
-0.006348 0.981689 -0.130127 -0.015963 0.023413 0.021284 21.600000 -52.200001 19.799999
-0.014648 0.983887 -0.133057 -0.015963 0.022349 0.020220 20.400000 -52.799999 21.600000
-0.010010 0.979492 -0.128418 -0.018092 0.021284 0.020220 21.000000 -51.599998 20.400000
-0.006348 0.982910 -0.126221 -0.015963 0.019156 0.020220 21.000000 -51.599998 21.000000
-0.013672 0.981934 -0.130859 -0.012771 0.022349 0.017028 20.700001 -53.099998 21.299999
-0.016113 0.974365 -0.124512 -0.019156 0.021284 0.020220 22.500000 -51.900002 20.100000
-0.010010 0.980713 -0.128906 -0.014899 0.023413 0.018092 21.600000 -51.599998 20.400000
-0.009766 0.977783 -0.129395 -0.019156 0.022349 0.018092 22.799999 -51.599998 20.400000
-0.005615 0.973633 -0.124023 -0.014899 0.021284 0.018092 21.299999 -50.700001 21.900000
-0.006592 0.981689 -0.125732 -0.015963 0.021284 0.019156 19.500000 -53.099998 20.100000
-0.013916 0.983154 -0.132568 -0.017028 0.023413 0.019156 20.400000 -52.799999 21.600000
-0.012939 0.979736 -0.125977 -0.013835 0.020220 0.019156 22.500000 -52.500000 20.700001
-0.008545 0.972168 -0.129395 -0.015963 0.023413 0.017028 21.000000 -52.799999 19.200001
-0.014893 0.980225 -0.119873 -0.012771 0.023413 0.021284 20.400000 -52.200001 20.400000
-0.008301 0.976807 -0.126709 -0.017028 0.021284 0.021284 21.600000 -54.000000 20.400000
-0.008789 0.975098 -0.129395 -0.017028 0.021284 0.017028 19.799999 -52.799999 21.600000
-0.011719 0.978027 -0.121094 -0.012771 0.022349 0.018092 22.799999 -52.200001 21.000000
-0.009033 0.981201 -0.124268 -0.018092 0.023413 0.018092 21.299999 -52.500000 20.700001
-0.008789 0.981934 -0.123291 -0.014899 0.021284 0.018092 21.000000 -51.599998 20.400000
-0.007568 0.970215 -0.119873 -0.012771 0.024477 0.019156 23.700001 -51.299999 21.299999
-0.011475 0.983398 -0.130371 -0.017028 0.019156 0.020220 21.299999 -52.500000 21.299999
-0.011475 0.979004 -0.120117 -0.015963 0.019156 0.015963 19.799999 -51.599998 19.200001
-0.010986 0.977051 -0.117432 -0.017028 0.020220 0.019156 20.400000 -51.000000 21.600000
-0.018799 0.981201 -0.129883 -0.013835 0.023413 0.020220 21.000000 -52.200001 21.600000
-0.007080 0.977539 -0.121582 -0.011706 0.023413 0.020220 21.299999 -52.500000 20.100000
-0.007324 0.973145 -0.122559 -0.010642 0.024477 0.019156 21.600000 -51.000000 21.000000
-0.002441 0.972900 -0.126953 -0.014899 0.022349 0.018092 21.900000 -50.099998 20.100000
-0.006592 0.980225 -0.120605 -0.014899 0.024477 0.018092 18.900000 -53.099998 21.299999
-0.013184 0.985352 -0.134766 -0.011706 0.022349 0.018092 21.600000 -51.599998 22.200001
-0.010254 0.979736 -0.131348 -0.014899 0.023413 0.019156 21.900000 -53.099998 21.299999
-0.003662 0.979980 -0.124756 -0.013835 0.022349 0.019156 22.500000 -51.299999 21.900000
-0.015137 0.976318 -0.130615 -0.014899 0.023413 0.014899 21.299999 -51.900002 20.100000
-0.012451 0.977539 -0.137451 -0.012771 0.020220 0.019156 21.600000 -50.400002 21.000000
-0.004395 0.983643 -0.121338 -0.014899 0.022349 0.019156 21.900000 -52.500000 21.900000
-0.001709 0.982910 -0.138184 -0.012771 0.022349 0.021284 22.200001 -52.200001 21.000000
-0.012939 0.981934 -0.122559 -0.015963 0.022349 0.014899 23.400000 -51.000000 22.799999
-0.010010 0.979980 -0.131592 -0.009578 0.024477 0.019156 19.799999 -52.200001 21.000000
-0.014404 0.977783 -0.125000 -0.015963 0.023413 0.018092 21.600000 -52.799999 22.200001
-0.011719 0.979248 -0.133057 -0.013835 0.026606 0.019156 21.000000 -52.799999 21.600000
-0.007324 0.981689 -0.134766 -0.011706 0.020220 0.019156 20.100000 -51.900002 21.900000
-0.007568 0.973389 -0.117920 -0.013835 0.023413 0.020220 21.000000 -52.200001 21.000000
-0.011230 0.983398 -0.118896 -0.017028 0.020220 0.017028 21.600000 -52.799999 21.000000
-0.009766 0.976074 -0.131348 -0.018092 0.022349 0.019156 21.900000 -51.900002 20.100000
-0.011230 0.974365 -0.115479 -0.013835 0.022349 0.021284 22.799999 -52.200001 21.000000
-0.009033 0.978271 -0.126709 -0.013835 0.022349 0.018092 21.000000 -51.599998 21.000000
-0.009033 0.972900 -0.126221 -0.012771 0.025541 0.019156 21.600000 -52.200001 20.400000
-0.010498 0.983398 -0.127197 -0.020220 0.018092 0.017028 20.400000 -51.000000 21.000000
-0.008789 0.980225 -0.124756 -0.015963 0.022349 0.017028 21.299999 -51.900002 21.900000
-0.010498 0.980225 -0.127686 -0.014899 0.023413 0.018092 19.200001 -50.400002 21.000000
-0.013672 0.983887 -0.126465 -0.012771 0.021284 0.017028 22.500000 -51.900002 18.900000
-0.011475 0.982422 -0.129639 -0.017028 0.023413 0.019156 21.000000 -52.200001 21.000000
-0.006104 0.983887 -0.131592 -0.014899 0.022349 0.018092 20.100000 -51.900002 21.900000
-0.005127 0.984131 -0.129639 -0.018092 0.024477 0.020220 21.900000 -53.099998 20.700001
-0.012939 0.984131 -0.122559 -0.017028 0.021284 0.021284 21.900000 -51.299999 21.900000
-0.009033 0.980957 -0.135254 -0.015963 0.022349 0.021284 20.400000 -53.400002 21.600000
-0.010010 0.984619 -0.129639 -0.014899 0.023413 0.018092 21.000000 -52.200001 22.200001
-0.009033 0.972412 -0.127441 -0.013835 0.022349 0.018092 22.200001 -50.400002 21.000000
-0.003174 0.980713 -0.133057 -0.015963 0.023413 0.022349 21.600000 -51.000000 21.000000
-0.015625 0.979980 -0.125244 -0.017028 0.021284 0.020220 21.600000 -51.000000 20.400000
-0.006348 0.979492 -0.126221 -0.013835 0.020220 0.020220 20.700001 -51.900002 21.299999
-0.015625 0.977295 -0.118408 -0.013835 0.021284 0.015963 21.900000 -51.900002 20.700001
-0.009521 0.985107 -0.128174 -0.013835 0.024477 0.019156 21.900000 -52.500000 18.900000
-0.010254 0.980225 -0.130127 -0.010642 0.023413 0.018092 21.600000 -51.599998 19.799999
-0.007568 0.978760 -0.127197 -0.015963 0.025541 0.018092 22.500000 -51.299999 21.299999
-0.012451 0.976318 -0.121338 -0.015963 0.018092 0.017028 21.000000 -51.000000 21.000000
-0.010742 0.978027 -0.118164 -0.015963 0.023413 0.018092 21.000000 -51.599998 20.400000
-0.012207 0.984619 -0.128174 -0.014899 0.022349 0.020220 21.900000 -53.099998 19.500000
-0.007080 0.971924 -0.131348 -0.017028 0.023413 0.022349 20.700001 -51.900002 20.700001
-0.009766 0.976074 -0.128906 -0.018092 0.019156 0.021284 21.299999 -53.099998 21.299999
-0.010742 0.981689 -0.123535 -0.012771 0.023413 0.020220 21.600000 -51.599998 20.400000
-0.009766 0.983154 -0.125244 -0.014899 0.026606 0.018092 23.100000 -53.099998 19.500000
-0.007568 0.974609 -0.125732 -0.014899 0.025541 0.018092 20.700001 -53.099998 21.900000
-0.009521 0.979248 -0.119873 -0.011706 0.021284 0.020220 20.700001 -51.299999 20.700001
-0.011475 0.979492 -0.123291 -0.014899 0.022349 0.018092 21.600000 -52.799999 19.799999
-0.010986 0.979004 -0.119873 -0.014899 0.022349 0.019156 21.000000 -52.799999 21.000000
-0.006104 0.978760 -0.129150 -0.015963 0.020220 0.018092 22.500000 -52.500000 20.700001
-0.012695 0.976318 -0.124268 -0.014899 0.019156 0.020220 20.700001 -50.700001 20.700001
-0.008301 0.983398 -0.122070 -0.015963 0.021284 0.020220 21.900000 -53.099998 21.299999
-0.005859 0.978271 -0.129150 -0.011706 0.021284 0.019156 21.600000 -52.200001 19.799999
-0.010742 0.979980 -0.131592 -0.014899 0.023413 0.020220 20.400000 -51.599998 21.000000
-0.010010 0.975830 -0.133545 -0.012771 0.023413 0.020220 22.500000 -50.700001 20.700001
-0.006104 0.978760 -0.120850 -0.014899 0.024477 0.017028 21.299999 -51.299999 20.700001
