0.041016 -1.000000 0.146973 -0.015963 0.025541 0.020220 -15.900000 38.099998 51.900002
0.045410 -1.000244 0.139160 -0.014899 0.023413 0.019156 -15.900000 39.299999 52.500000
0.038086 -1.005371 0.152100 -0.012771 0.023413 0.014899 -15.900000 38.099998 53.099998
0.043457 -1.008057 0.146729 -0.013835 0.024477 0.015963 -17.700001 38.700001 52.500000
0.044922 -0.997070 0.148926 -0.014899 0.023413 0.018092 -15.000000 37.799999 52.200001
0.042725 -1.002197 0.148682 -0.011706 0.024477 0.019156 -15.300000 38.700001 53.099998
0.037842 -1.000244 0.144287 -0.012771 0.023413 0.017028 -15.900000 38.700001 52.500000
0.045654 -0.997314 0.156006 -0.017028 0.023413 0.015963 -16.500000 39.900002 51.900002
0.043701 -0.997070 0.142822 -0.011706 0.026606 0.020220 -17.100000 38.099998 52.500000
0.036621 -0.997314 0.154785 -0.014899 0.025541 0.014899 -15.900000 38.700001 52.500000
0.045410 -1.002930 0.146973 -0.012771 0.022349 0.020220 -17.700001 38.700001 53.099998
0.040283 -1.001953 0.135254 -0.015963 0.021284 0.015963 -16.200001 39.599998 51.599998
0.041992 -1.001953 0.145508 -0.014899 0.020220 0.017028 -15.900000 38.099998 53.700001
0.043945 -1.001709 0.152344 -0.011706 0.022349 0.021284 -17.100000 37.500000 51.900002
0.038330 -0.995605 0.148682 -0.011706 0.023413 0.017028 -16.799999 38.400002 53.400002
0.047119 -1.008301 0.143311 -0.013835 0.022349 0.019156 -15.300000 38.700001 50.700001
0.041748 -0.995117 0.151855 -0.013835 0.025541 0.019156 -16.799999 39.599998 52.799999
0.041504 -1.003662 0.156494 -0.014899 0.023413 0.019156 -15.900000 39.299999 53.700001
0.040283 -0.999023 0.142578 -0.012771 0.025541 0.018092 -16.500000 38.099998 53.099998
0.041260 -1.003418 0.154053 -0.013835 0.024477 0.017028 -15.300000 38.099998 52.500000
0.043945 -0.996094 0.148438 -0.018092 0.022349 0.017028 -15.600000 38.400002 52.200001
0.042480 -1.000244 0.145020 -0.011706 0.021284 0.018092 -17.700001 39.299999 53.099998
0.032471 -0.999512 0.138916 -0.011706 0.022349 0.018092 -14.700000 39.299999 51.900002
0.036621 -1.006592 0.154541 -0.014899 0.024477 0.019156 -15.000000 37.200001 51.599998
0.046387 -0.995850 0.141357 -0.015963 0.024477 0.021284 -16.500000 38.099998 51.299999
0.043213 -1.003662 0.154053 -0.015963 0.022349 0.021284 -16.200001 37.799999 51.599998
0.042480 -1.003418 0.143555 -0.013835 0.024477 0.018092 -15.900000 39.299999 51.900002
0.041016 -1.000732 0.145508 -0.012771 0.023413 0.018092 -16.799999 39.000000 53.400002
0.052246 -1.002686 0.150635 -0.012771 0.023413 0.020220 -17.400000 39.000000 52.799999
0.039307 -0.999512 0.147217 -0.013835 0.022349 0.018092 -15.900000 39.299999 50.700001
0.042236 -1.002441 0.156006 -0.012771 0.025541 0.019156 -16.200001 39.000000 54.000000
0.044434 -0.999023 0.153076 -0.015963 0.021284 0.015963 -17.700001 39.900002 51.900002
0.041260 -1.004639 0.147949 -0.012771 0.026606 0.019156 -15.000000 38.400002 52.200001
0.039551 -1.002441 0.146240 -0.012771 0.024477 0.019156 -17.100000 39.299999 50.700001
0.047119 -1.010010 0.155518 -0.015963 0.023413 0.019156 -16.500000 39.299999 51.900002
0.040527 -1.001953 0.139160 -0.015963 0.023413 0.018092 -15.300000 39.900002 53.099998
0.034668 -0.999756 0.147461 -0.010642 0.022349 0.019156 -14.700000 39.299999 51.900002
0.043701 -1.002441 0.150146 -0.013835 0.023413 0.017028 -16.500000 37.500000 51.900002
0.044189 -1.003174 0.148193 -0.014899 0.025541 0.017028 -16.200001 37.799999 52.799999
0.036865 -1.000488 0.149658 -0.011706 0.024477 0.019156 -16.200001 40.200001 52.200001
0.039551 -0.998291 0.145264 -0.010642 0.023413 0.013835 -15.900000 38.099998 50.700001
0.046143 -0.998779 0.143311 -0.011706 0.021284 0.015963 -16.500000 39.299999 53.700001
0.039795 -0.996338 0.149170 -0.013835 0.024477 0.015963 -17.100000 38.700001 52.500000
0.039062 -0.997314 0.142090 -0.014899 0.025541 0.022349 -15.000000 37.799999 52.799999
0.043457 -1.006836 0.150879 -0.008514 0.024477 0.019156 -18.299999 37.500000 51.900002
0.044678 -0.998047 0.154053 -0.014899 0.025541 0.020220 -15.900000 39.299999 50.099998
0.039062 -1.002197 0.145752 -0.013835 0.023413 0.019156 -15.600000 38.400002 53.400002
0.035889 -1.002197 0.146973 -0.013835 0.023413 0.017028 -15.900000 37.500000 53.700001
0.038330 -0.999512 0.144531 -0.013835 0.022349 0.020220 -15.600000 38.400002 54.599998
0.035889 -1.004395 0.144287 -0.015963 0.025541 0.018092 -15.900000 36.900002 51.900002
0.043701 -1.002441 0.151123 -0.014899 0.022349 0.020220 -15.900000 39.299999 53.099998
0.042969 -1.001465 0.153564 -0.013835 0.023413 0.018092 -15.900000 37.500000 53.099998
0.042969 -1.000732 0.145752 -0.012771 0.023413 0.019156 -15.900000 39.299999 51.299999
0.044434 -1.000488 0.144775 -0.012771 0.023413 0.020220 -16.500000 37.500000 51.900002
0.046631 -1.000244 0.153809 -0.014899 0.022349 0.022349 -15.900000 39.299999 51.900002
0.042725 -1.000244 0.152588 -0.017028 0.024477 0.020220 -16.500000 40.500000 52.500000
0.037109 -0.998779 0.147705 -0.010642 0.024477 0.018092 -15.900000 39.900002 52.500000
0.040283 -0.997314 0.134766 -0.012771 0.024477 0.021284 -15.600000 37.799999 53.400002
0.047607 -1.003174 0.140137 -0.013835 0.021284 0.020220 -16.200001 39.000000 52.799999
0.040527 -0.996826 0.148682 -0.013835 0.026606 0.019156 -14.100000 37.500000 51.299999
0.039307 -0.998535 0.150635 -0.014899 0.024477 0.018092 -16.500000 39.900002 53.099998
0.043213 -1.000732 0.143799 -0.012771 0.024477 0.021284 -17.100000 38.700001 52.500000
0.038818 -0.995850 0.140137 -0.012771 0.021284 0.017028 -16.799999 37.799999 52.799999
0.046875 -1.004395 0.149170 -0.012771 0.021284 0.020220 -15.300000 38.099998 53.099998
0.062500 -1.002686 0.183838 -0.017028 0.018092 0.014899 -15.600000 38.400002 51.000000
0.054199 -0.991455 0.163086 -0.017028 0.013835 0.019156 -16.200001 38.400002 53.400002
0.052734 -1.001953 0.157715 -0.013835 0.000000 0.024477 -14.400000 37.200001 51.000000
0.065186 -0.993896 0.182129 -0.013835 -0.015963 0.019156 -14.700000 38.099998 51.900002
0.062988 -0.992188 0.182129 -0.009578 -0.027670 0.022349 -17.100000 38.099998 53.700001
0.063232 -0.991211 0.183594 -0.013835 -0.024477 0.025541 -13.800000 35.400002 52.799999
0.075928 -0.997070 0.195312 -0.010642 -0.025541 0.026606 -13.800000 36.599998 52.200001
0.066162 -1.000488 0.186279 -0.008514 -0.017028 0.022349 -13.200000 34.799999 54.000000
0.062988 -1.006104 0.173584 -0.015963 0.013835 0.021284 -14.100000 34.500000 52.500000
0.066895 -0.980469 0.189453 -0.019156 0.036184 0.019156 -11.700000 34.500000 54.299999
0.069336 -0.990234 0.184326 -0.015963 0.046826 0.015963 -10.200000 34.200001 52.200001
0.061768 -1.002197 0.185547 -0.013835 0.065982 0.012771 -9.300000 32.700001 53.099998
0.063721 -0.997803 0.176758 -0.014899 0.081945 0.011706 -9.900000 31.500000 55.500000
0.060059 -0.990723 0.177246 -0.018092 0.077688 0.010642 -9.000000 31.799999 54.599998
0.076416 -0.995361 0.172363 -0.019156 0.072367 0.010642 -8.100000 32.099998 54.299999
0.076172 -0.981934 0.188965 -0.013835 0.069175 0.010642 -7.200000 29.400000 55.200001
0.071045 -0.999512 0.185303 -0.017028 0.093652 0.009578 -5.400000 30.600000 55.799999
0.068848 -0.993408 0.184814 -0.012771 0.109615 0.011706 -4.800000 30.000000 54.000000
0.063232 -1.002686 0.171875 -0.009578 0.104294 0.009578 -2.700000 29.700001 54.900002
0.064941 -0.989258 0.179932 -0.021284 0.103230 0.003193 -2.100000 30.299999 55.500000
0.065186 -0.995117 0.177490 -0.019156 0.098973 0.011706 -0.300000 30.299999 56.700001
0.055908 -0.992676 0.152832 -0.013835 0.102166 0.010642 0.000000 30.000000 57.000000
0.072754 -0.984131 0.184814 -0.013835 0.088331 0.013835 0.600000 30.000000 58.200001
0.058594 -1.007812 0.176514 -0.018092 0.084074 0.012771 0.600000 29.400000 57.599998
0.074219 -0.991699 0.178223 -0.017028 0.083009 0.008514 1.200000 28.799999 58.200001
0.059326 -0.985107 0.171631 -0.017028 0.112808 0.010642 1.800000 30.600000 60.599998
0.055176 -1.010254 0.153564 -0.018092 0.101101 0.006385 3.000000 30.000000 58.200001
0.042725 -0.989746 0.150146 -0.007450 0.085138 0.009578 3.900000 30.900000 59.700001
0.062988 -1.000977 0.159912 -0.014899 0.061725 0.009578 4.800000 30.600000 60.599998
0.059814 -0.984131 0.156250 -0.018092 0.077688 0.009578 2.400000 31.799999 59.400002
0.058350 -1.009766 0.160156 -0.015963 0.107487 0.004257 3.000000 29.400000 60.599998
0.025879 -1.046387 0.134766 -0.014899 0.152184 0.011706 5.700000 30.299999 59.700001
0.039795 -1.001221 0.138916 -0.014899 0.152184 0.012771 4.500000 32.700001 59.700001
0.043457 -1.006104 0.158936 -0.009578 0.103230 0.008514 6.000000 31.799999 60.599998
0.041992 -0.994141 0.148682 -0.009578 0.067046 0.008514 3.900000 32.099998 59.700001
0.041016 -1.003662 0.135986 -0.012771 0.023413 0.015963 5.400000 32.400002 60.599998
0.033203 -0.989990 0.125732 -0.007450 -0.001064 0.013835 3.600000 31.799999 61.200001
0.028809 -1.009766 0.128418 -0.010642 0.002128 0.014899 6.900000 33.299999 61.500000
0.034912 -1.005371 0.126465 -0.009578 -0.020220 0.025541 6.900000 33.900002 60.299999
0.020508 -0.991699 0.112061 -0.010642 -0.028734 0.017028 6.600000 32.400002 61.200001
0.036865 -1.006348 0.105469 -0.010642 -0.030863 0.030863 7.200000 33.599998 61.799999
0.026855 -0.997314 0.120361 -0.009578 -0.008514 0.024477 7.500000 33.299999 60.900002
0.003662 -0.995605 0.112061 -0.014899 -0.012771 0.022349 7.500000 33.900002 60.900002
0.015625 -1.004395 0.117676 -0.005321 -0.013835 0.019156 7.800000 33.599998 61.799999
0.019043 -1.000244 0.116455 -0.009578 -0.010642 0.026606 7.200000 33.599998 58.799999
0.015869 -1.009033 0.113525 -0.013835 0.014899 0.017028 7.800000 33.599998 60.599998
0.012207 -1.024414 0.092285 -0.011706 0.015963 0.014899 8.700000 33.299999 60.900002
0.011963 -1.008789 0.097412 -0.018092 0.018092 0.017028 8.400000 33.000000 60.599998
-0.026855 -0.977295 0.114502 -0.015963 0.019156 0.015963 7.500000 33.900002 60.900002
-0.001465 -1.007324 0.083252 -0.012771 0.027670 0.020220 8.100000 33.900002 59.700001
0.003174 -1.005859 0.078857 -0.015963 0.011706 0.021284 7.500000 35.099998 60.900002
-0.012939 -1.017334 0.059326 -0.012771 -0.018092 0.017028 7.500000 33.900002 60.900002
-0.023682 -1.021729 0.084473 -0.011706 -0.005321 0.019156 6.000000 33.599998 60.599998
-0.017822 -1.008545 0.091064 -0.012771 0.010642 0.018092 8.400000 34.200001 61.200001
0.053955 -1.015137 0.145752 -0.010642 0.022349 0.013835 8.400000 34.799999 60.599998
0.047119 -1.000732 0.143555 -0.009578 0.020220 0.020220 8.100000 34.500000 60.299999
0.043457 -0.997559 0.146729 -0.011706 0.025541 0.019156 8.100000 35.099998 60.299999
0.041992 -0.997314 0.150146 -0.015963 0.025541 0.019156 8.100000 33.900002 59.700001
0.043945 -1.002441 0.156494 -0.011706 0.020220 0.019156 9.300000 35.099998 59.099998
0.039795 -0.995850 0.142090 -0.012771 0.024477 0.019156 8.400000 35.400002 60.000000
0.040039 -1.003174 0.149902 -0.011706 0.023413 0.019156 8.400000 34.799999 60.000000
0.038330 -1.000000 0.153076 -0.015963 0.025541 0.018092 9.000000 33.599998 61.200001
0.047119 -0.997803 0.141602 -0.014899 0.024477 0.018092 8.400000 34.200001 62.400002
0.045654 -0.999023 0.157227 -0.014899 0.024477 0.017028 9.300000 36.299999 58.500000
0.045898 -1.003174 0.144287 -0.011706 0.023413 0.019156 6.900000 35.700001 59.700001
0.045166 -0.998535 0.153320 -0.014899 0.023413 0.020220 6.900000 35.099998 62.099998
0.041504 -0.994385 0.153809 -0.013835 0.021284 0.019156 7.800000 33.599998 61.799999
0.045654 -0.996582 0.152832 -0.014899 0.024477 0.021284 7.500000 36.299999 60.900002
0.040771 -1.003418 0.144531 -0.013835 0.025541 0.017028 7.800000 34.200001 61.200001
0.049072 -0.996094 0.157959 -0.011706 0.023413 0.017028 7.500000 34.500000 60.299999
0.044189 -0.995117 0.155762 -0.017028 0.023413 0.018092 8.100000 33.900002 59.700001
0.046631 -0.999756 0.150146 -0.012771 0.021284 0.019156 7.500000 32.700001 60.900002
0.044189 -0.999023 0.156006 -0.015963 0.024477 0.021284 9.300000 35.099998 60.900002
0.050537 -1.004883 0.136963 -0.011706 0.025541 0.021284 9.300000 32.700001 61.500000
0.046387 -1.000244 0.144775 -0.013835 0.021284 0.019156 7.800000 36.000000 60.599998
0.044922 -0.999268 0.139404 -0.012771 0.024477 0.020220 8.400000 35.400002 60.599998
0.043457 -0.996094 0.150635 -0.015963 0.022349 0.019156 8.400000 34.200001 60.599998
0.042969 -1.002441 0.140137 -0.012771 0.024477 0.021284 9.300000 35.099998 60.299999
0.045898 -1.001709 0.154053 -0.010642 0.022349 0.018092 7.800000 35.400002 61.200001
0.047607 -0.997070 0.153076 -0.015963 0.023413 0.018092 8.400000 34.799999 61.200001
0.049316 -0.997559 0.147705 -0.012771 0.021284 0.019156 7.800000 34.799999 62.400002
0.044434 -0.994141 0.149414 -0.010642 0.023413 0.019156 9.000000 33.599998 61.200001
0.040527 -1.004395 0.145752 -0.014899 0.023413 0.017028 9.000000 34.200001 61.799999
0.042480 -1.002441 0.155029 -0.011706 0.024477 0.020220 10.500000 34.500000 59.700001
0.043457 -0.994873 0.148926 -0.012771 0.025541 0.019156 8.100000 34.500000 59.700001
0.051270 -0.998779 0.138184 -0.013835 0.025541 0.018092 8.100000 36.900002 61.500000
0.042480 -0.999512 0.150391 -0.013835 0.023413 0.019156 7.800000 34.200001 60.000000
0.039551 -1.000244 0.144775 -0.013835 0.025541 0.020220 6.600000 36.000000 61.200001
0.047363 -0.997314 0.150391 -0.014899 0.020220 0.017028 8.100000 34.500000 60.299999
0.042480 -0.998291 0.150879 -0.013835 0.020220 0.015963 7.200000 36.000000 60.599998
0.041016 -1.000000 0.150146 -0.012771 0.023413 0.019156 8.700000 34.500000 60.299999
0.039551 -0.999756 0.139404 -0.014899 0.023413 0.020220 8.400000 36.000000 61.200001
0.048340 -0.999023 0.148438 -0.017028 0.022349 0.018092 8.700000 35.099998 61.500000
0.043213 -0.995850 0.146729 -0.017028 0.022349 0.020220 9.000000 34.799999 60.599998
0.050049 -1.003418 0.146240 -0.017028 0.021284 0.017028 9.600000 34.799999 60.599998
0.049805 -1.002686 0.144531 -0.013835 0.023413 0.020220 9.300000 33.900002 62.099998
0.045654 -1.001953 0.148438 -0.012771 0.021284 0.021284 8.100000 36.299999 60.299999
0.042480 -0.996338 0.154785 -0.011706 0.023413 0.021284 9.600000 35.400002 61.200001
0.042969 -1.004883 0.145752 -0.014899 0.024477 0.018092 9.600000 35.400002 61.200001
0.049561 -0.998535 0.143311 -0.013835 0.025541 0.019156 7.200000 36.000000 61.200001
0.044434 -1.004639 0.141602 -0.012771 0.021284 0.017028 7.500000 34.500000 59.099998
0.047852 -1.005859 0.149414 -0.011706 0.023413 0.018092 7.200000 35.400002 60.599998
0.040283 -1.001465 0.138428 -0.011706 0.025541 0.017028 8.700000 35.700001 61.500000
0.048584 -0.998291 0.146729 -0.014899 0.021284 0.021284 7.800000 34.200001 60.000000
0.039795 -0.999023 0.154541 -0.012771 0.021284 0.018092 8.100000 33.900002 59.099998
0.042236 -0.996094 0.140625 -0.011706 0.022349 0.019156 7.800000 34.799999 61.200001
0.049805 -0.999268 0.148438 -0.013835 0.024477 0.019156 7.200000 34.200001 60.000000
0.044189 -1.001465 0.150635 -0.012771 0.020220 0.018092 8.100000 34.500000 60.299999
0.046387 -1.001953 0.146729 -0.013835 0.024477 0.018092 6.900000 34.500000 59.700001
0.047119 -0.994141 0.148682 -0.013835 0.026606 0.020220 7.500000 35.099998 61.500000
0.045898 -1.004395 0.142578 -0.014899 0.026606 0.017028 8.100000 34.500000 59.700001
0.044678 -0.992188 0.158691 -0.010642 0.024477 0.018092 8.100000 35.700001 60.299999
0.048340 -0.996826 0.140625 -0.013835 0.023413 0.015963 9.300000 34.500000 62.700001
0.039551 -1.004150 0.151611 -0.013835 0.024477 0.015963 7.800000 36.000000 61.200001
0.046387 -1.004395 0.143311 -0.012771 0.017028 0.018092 9.900000 34.500000 62.099998
0.040771 -0.997314 0.147217 -0.011706 0.007450 0.019156 7.800000 36.000000 61.200001
0.030029 -0.998535 0.138916 -0.010642 0.004257 0.021284 8.700000 34.500000 60.299999
0.029297 -1.004883 0.128906 -0.013835 0.003193 0.020220 7.200000 34.200001 60.000000
0.036621 -1.001465 0.120605 -0.012771 -0.001064 0.024477 8.100000 35.099998 61.500000
0.006104 -1.002197 0.104004 -0.010642 -0.010642 0.025541 8.400000 34.200001 60.000000
0.016602 -1.001465 0.111816 -0.014899 -0.007450 0.026606 8.700000 35.700001 59.700001
0.017334 -1.004883 0.116699 -0.011706 -0.009578 0.025541 9.000000 33.599998 61.200001
0.011963 -1.013672 0.094727 -0.007450 -0.020220 0.026606 7.800000 34.200001 60.599998
0.019531 -1.005127 0.108643 -0.015963 -0.020220 0.029798 7.200000 35.400002 61.200001
0.019775 -1.001709 0.118652 -0.009578 -0.039376 0.027670 6.300000 33.900002 62.099998
0.018555 -1.000244 0.107178 -0.007450 -0.048954 0.030863 7.800000 34.799999 60.599998
0.010986 -1.010498 0.117676 -0.008514 -0.064918 0.031927 7.500000 33.900002 60.299999
0.024414 -1.009277 0.120361 -0.004257 -0.078753 0.028734 8.400000 33.000000 60.599998
0.030029 -1.011475 0.113525 -0.011706 -0.092588 0.030863 10.200000 34.200001 61.200001
0.031250 -1.007568 0.128906 -0.013835 -0.072367 0.027670 7.200000 33.599998 60.599998
0.046143 -0.995117 0.136230 -0.014899 -0.047890 0.027670 9.300000 34.500000 62.099998
0.031006 -1.007080 0.114014 -0.008514 -0.037248 0.023413 9.300000 32.099998 62.099998
0.026367 -1.007568 0.143555 -0.010642 -0.022349 0.019156 10.200000 33.599998 62.400002
0.031006 -0.993164 0.151855 -0.010642 -0.010642 0.020220 9.600000 34.200001 63.000000
0.030762 -1.006104 0.128662 -0.011706 0.013835 0.022349 8.400000 32.400002 61.799999
0.040039 -0.998779 0.154541 -0.014899 0.017028 0.024477 7.800000 32.400002 62.400002
0.021729 -0.998535 0.128418 -0.011706 0.007450 0.027670 7.800000 33.599998 61.799999
0.018311 -1.005371 0.113281 -0.012771 0.017028 0.020220 7.500000 32.099998 60.299999
0.028809 -1.005859 0.135986 -0.011706 0.006385 0.023413 8.700000 31.500000 61.500000
0.015381 -1.013184 0.127686 -0.008514 0.002128 0.023413 7.800000 32.400002 60.599998
0.032715 -1.012451 0.132568 -0.017028 0.018092 0.021284 6.900000 33.299999 62.700001
0.029785 -0.987061 0.129395 -0.018092 0.056404 0.017028 6.600000 31.200001 61.799999
0.019775 -1.012939 0.142578 -0.014899 0.083009 0.011706 5.100000 31.500000 62.099998
0.025635 -0.991211 0.160889 -0.020220 0.106422 0.012771 6.600000 31.799999 61.799999
0.030029 -1.001465 0.154053 -0.022349 0.127707 0.005321 6.600000 33.000000 60.599998
0.025635 -0.998779 0.161865 -0.031927 0.121322 -0.003193 4.800000 32.400002 61.200001
0.027832 -1.012207 0.146484 -0.015963 0.126643 0.006385 6.600000 31.200001 59.400002
0.036377 -1.001465 0.137939 -0.014899 0.092588 0.015963 3.300000 32.099998 60.900002
0.011475 -1.005371 0.152588 -0.009578 0.059597 0.020220 4.800000 29.400000 58.799999
0.013428 -0.993652 0.108398 -0.012771 0.028734 0.022349 3.300000 30.299999 59.099998
0.022949 -1.003418 0.114502 -0.011706 -0.012771 0.029798 3.300000 31.500000 58.500000
0.033691 -1.010498 0.109131 -0.013835 -0.038312 0.036184 2.100000 30.299999 58.500000
0.043701 -1.000244 0.110596 -0.005321 -0.064918 0.032991 1.800000 31.200001 57.599998
0.041748 -1.008789 0.128906 -0.008514 -0.109615 0.037248 2.100000 29.100000 59.700001
0.041992 -1.004883 0.141357 0.000000 -0.129835 0.039376 1.500000 30.299999 57.900002
0.043457 -0.996094 0.135010 -0.007450 -0.146863 0.032991 1.200000 28.799999 57.599998
0.052979 -0.995361 0.157715 -0.008514 -0.140478 0.038312 2.400000 29.400000 57.599998
0.059814 -0.998535 0.165039 -0.003193 -0.159634 0.038312 -0.600000 28.799999 55.799999
0.063721 -0.994141 0.195312 -0.005321 -0.168147 0.047890 -2.400000 30.000000 57.000000
0.060059 -1.004150 0.198975 -0.010642 -0.122386 0.040441 -3.600000 28.799999 55.799999
0.068359 -0.984375 0.196777 -0.008514 -0.100037 0.035119 -4.200000 30.600000 55.200001
0.069824 -0.989258 0.191650 -0.011706 -0.061725 0.032991 -6.300000 30.299999 55.500000
0.071289 -0.996582 0.188965 -0.011706 -0.035119 0.023413 -7.800000 31.200001 55.200001
0.076660 -0.999268 0.190674 -0.006385 -0.003193 0.023413 -7.800000 33.000000 55.200001
0.077637 -0.993896 0.193848 -0.012771 -0.002128 0.024477 -9.900000 33.299999 54.900002
0.069092 -0.999268 0.166748 -0.014899 0.010642 0.022349 -11.400000 33.000000 53.400002
0.088379 -1.007568 0.176514 -0.012771 0.043633 0.015963 -11.700000 35.700001 51.900002
0.106445 -0.979736 0.204102 -0.015963 0.085138 0.011706 -14.100000 37.500000 53.099998
0.108887 -0.981445 0.205566 -0.020220 0.114936 0.005321 -14.100000 38.099998 53.700001
0.099365 -1.004395 0.209717 -0.017028 0.122386 0.007450 -15.300000 38.700001 52.500000
0.084961 -0.992188 0.196777 -0.019156 0.153248 0.003193 -15.600000 38.400002 51.599998
0.076904 -0.997803 0.194580 -0.021284 0.163891 -0.001064 -16.500000 38.099998 51.900002
0.070557 -0.995850 0.200439 -0.020220 0.134092 0.005321 -16.799999 41.400002 51.599998
0.078857 -0.992188 0.193604 -0.014899 0.067046 0.010642 -16.500000 41.700001 51.900002
0.064453 -0.994385 0.168945 -0.013835 0.027670 0.021284 -17.400000 41.400002 53.400002
0.044434 -0.992432 0.143799 -0.012771 0.023413 0.018092 -16.200001 41.400002 54.000000
0.040527 -1.002930 0.145020 -0.011706 0.022349 0.015963 -16.799999 41.400002 51.599998
0.039307 -1.001221 0.146484 -0.013835 0.026606 0.019156 -18.000000 41.400002 52.799999
0.039551 -0.998779 0.142822 -0.012771 0.022349 0.019156 -16.200001 41.400002 51.599998
0.041992 -0.998047 0.139648 -0.018092 0.023413 0.020220 -17.400000 41.400002 53.400002
0.052002 -0.990967 0.151611 -0.011706 0.022349 0.018092 -15.900000 42.299999 51.900002
0.040283 -0.997803 0.148682 -0.014899 0.024477 0.020220 -16.799999 39.000000 51.599998
0.041504 -1.000732 0.142578 -0.015963 0.024477 0.019156 -17.700001 41.099998 52.500000
0.040771 -1.000000 0.141357 -0.011706 0.021284 0.018092 -15.300000 41.099998 51.900002
0.045166 -1.006348 0.153564 -0.011706 0.023413 0.017028 -17.400000 41.400002 52.799999
0.042480 -0.998047 0.149170 -0.012771 0.022349 0.021284 -16.200001 39.599998 51.599998
0.045654 -0.994385 0.145020 -0.014899 0.025541 0.018092 -17.700001 39.900002 53.700001
0.042725 -1.002441 0.151611 -0.012771 0.022349 0.017028 -17.700001 41.099998 51.900002
0.039062 -0.993408 0.146729 -0.015963 0.023413 0.021284 -17.100000 39.900002 52.500000
0.039307 -1.000977 0.154297 -0.012771 0.025541 0.019156 -16.500000 40.500000 53.099998
0.046875 -0.997559 0.150635 -0.013835 0.022349 0.020220 -15.900000 39.299999 51.299999
0.041016 -0.995850 0.143799 -0.011706 0.023413 0.019156 -16.799999 42.000000 51.599998
0.039062 -1.000244 0.156006 -0.012771 0.025541 0.020220 -18.600000 40.200001 52.799999
0.037598 -1.003418 0.150146 -0.013835 0.023413 0.014899 -17.400000 40.200001 52.799999
0.039062 -1.001465 0.149902 -0.011706 0.022349 0.020220 -16.500000 39.900002 51.299999
0.041748 -1.000732 0.137939 -0.012771 0.023413 0.018092 -16.200001 41.400002 51.599998
0.039551 -1.008057 0.146240 -0.013835 0.025541 0.017028 -18.000000 40.799999 51.599998
0.049072 -1.000000 0.145264 -0.012771 0.023413 0.017028 -17.700001 40.500000 53.099998
0.043457 -0.999512 0.151123 -0.017028 0.023413 0.019156 -17.100000 41.099998 51.900002
0.041016 -1.001709 0.144287 -0.011706 0.022349 0.020220 -18.299999 39.900002 53.099998
0.043945 -1.000000 0.144775 -0.017028 0.023413 0.019156 -17.100000 42.299999 52.500000
0.041504 -0.996826 0.150879 -0.014899 0.021284 0.019156 -16.500000 41.700001 52.500000
0.040771 -0.990234 0.152588 -0.012771 0.024477 0.018092 -16.200001 41.400002 52.200001
0.044922 -0.993164 0.151367 -0.010642 0.021284 0.019156 -17.100000 41.700001 52.500000
0.045410 -1.006592 0.156250 -0.013835 0.024477 0.020220 -17.100000 42.299999 52.500000
0.044189 -0.995605 0.155518 -0.014899 0.025541 0.018092 -16.200001 39.599998 53.400002
0.032959 -1.000244 0.158203 -0.013835 0.028734 0.018092 -17.100000 42.299999 50.700001
0.048096 -1.000732 0.150391 -0.013835 0.038312 0.017028 -17.400000 41.400002 52.200001
0.052979 -0.993408 0.152344 -0.017028 0.114936 0.008514 -17.100000 41.099998 53.099998
0.044922 -0.992676 0.142578 -0.021284 0.135156 0.002128 -16.200001 40.799999 51.000000
0.024414 -0.995605 0.128174 -0.013835 0.057468 0.014899 -17.700001 41.099998 51.900002
0.047607 -1.001709 0.159180 -0.015963 0.109615 0.005321 -16.799999 41.400002 51.599998
0.032227 -1.002930 0.134766 -0.020220 0.130900 0.006385 -19.200001 42.000000 53.400002
0.041504 -0.998535 0.145752 -0.021284 0.141542 0.002128 -17.700001 41.099998 51.299999
0.041748 -1.012939 0.149170 -0.014899 0.160698 0.001064 -16.200001 40.200001 51.599998
0.042725 -0.987305 0.153564 -0.021284 0.141542 0.002128 -16.200001 40.200001 50.400002
0.032959 -1.004639 0.134277 -0.017028 0.056404 0.017028 -14.700000 40.500000 51.900002
0.033691 -0.989502 0.147705 -0.015963 0.024477 0.018092 -17.400000 40.799999 51.000000
0.043213 -1.002686 0.148926 -0.017028 0.022349 0.020220 -17.100000 40.500000 52.500000
0.043213 -0.999023 0.150879 -0.012771 0.023413 0.019156 -17.100000 41.099998 51.900002
0.044678 -1.000732 0.141113 -0.012771 0.024477 0.018092 -17.100000 41.700001 52.500000
0.034912 -1.000732 0.144043 -0.012771 0.024477 0.021284 -18.000000 40.799999 52.799999
0.040527 -1.002441 0.143555 -0.014899 0.022349 0.019156 -15.300000 41.099998 51.900002
0.039551 -1.001221 0.142822 -0.013835 0.024477 0.019156 -17.100000 40.500000 51.299999
0.035889 -0.999268 0.173340 -0.014899 0.021284 0.015963 -15.000000 39.000000 52.799999
0.037354 -0.998047 0.141846 -0.011706 0.022349 0.021284 -16.500000 39.900002 52.500000
0.041016 -1.003418 0.151855 -0.012771 0.024477 0.017028 -17.100000 41.099998 52.500000
0.045166 -1.001953 0.156738 -0.010642 0.023413 0.018092 -16.799999 41.400002 50.400002
0.039062 -0.995850 0.147949 -0.013835 0.024477 0.019156 -18.299999 39.900002 51.299999
0.041260 -1.007080 0.139404 -0.011706 0.024477 0.019156 -17.400000 40.799999 52.799999
0.041748 -1.002197 0.136719 -0.015963 0.024477 0.015963 -17.400000 40.200001 51.000000
0.048096 -1.002441 0.152344 -0.012771 0.026606 0.020220 -17.100000 40.500000 51.299999
0.039551 -1.002197 0.146729 -0.014899 0.020220 0.019156 -15.600000 41.400002 50.400002
0.034180 -1.000000 0.144775 -0.015963 0.023413 0.017028 -18.600000 40.200001 51.000000
0.043701 -0.997314 0.140137 -0.010642 0.024477 0.018092 -15.000000 40.200001 51.000000
0.043213 -1.004150 0.147461 -0.013835 0.023413 0.017028 -15.900000 39.299999 53.099998
