0.000000 0.000000 20697754505099025400012472320.000000 -0.015963 0.021284 0.017028 -23.400000 42.000000 49.799999
-0.017822 -0.996094 -0.107666 -0.014899 0.022349 0.018092 -23.400000 41.400002 49.200001
-0.021484 -0.997314 -0.117676 -0.014899 0.020220 0.021284 -22.799999 40.799999 49.799999
-0.022949 -0.992676 -0.094238 -0.015963 0.021284 0.021284 -25.200001 41.400002 48.599998
-0.020752 -0.999268 -0.102783 -0.017028 0.024477 0.019156 -24.299999 41.700001 49.500000
-0.021484 -0.996826 -0.104736 -0.014899 0.022349 0.018092 -24.299999 41.099998 50.700001
-0.020508 -0.994629 -0.105469 -0.015963 0.019156 0.018092 -25.200001 40.799999 48.000000
-0.015869 -0.998047 -0.102783 -0.015963 0.023413 0.017028 -22.799999 43.799999 50.400002
-0.019775 -0.995605 -0.107178 -0.013835 0.022349 0.018092 -23.700001 41.700001 48.299999
-0.022705 -0.994385 -0.109131 -0.019156 0.019156 0.021284 -24.299999 42.299999 48.900002
-0.019531 -0.992920 -0.109375 -0.017028 0.020220 0.018092 -21.600000 41.400002 49.200001
-0.022949 -0.988281 -0.101562 -0.017028 0.022349 0.018092 -24.600000 40.799999 48.599998
-0.016357 -0.995605 -0.103516 -0.013835 0.023413 0.021284 -24.900000 41.099998 49.500000
-0.017578 -0.998535 -0.103027 -0.013835 0.021284 0.018092 -24.900000 41.099998 47.700001
-0.022217 -0.997070 -0.107422 -0.015963 0.020220 0.018092 -24.900000 42.900002 48.900002
-0.019775 -1.000732 -0.108398 -0.013835 0.024477 0.017028 -24.600000 41.400002 49.799999
-0.020752 -0.994629 -0.113037 -0.013835 0.022349 0.019156 -24.900000 42.900002 49.500000
-0.015869 -0.998779 -0.111572 -0.015963 0.023413 0.018092 -25.500000 41.700001 50.099998
-0.020752 -0.998047 -0.111816 -0.015963 0.025541 0.020220 -23.100000 41.700001 49.500000
-0.021240 -0.998291 -0.118408 -0.012771 0.024477 0.015963 -23.400000 43.200001 48.599998
-0.018311 -0.995361 -0.108887 -0.013835 0.023413 0.015963 -23.700001 41.099998 48.900002
-0.018311 -0.997314 -0.105469 -0.018092 0.024477 0.018092 -22.799999 42.000000 50.400002
-0.021973 -0.992432 -0.101562 -0.017028 0.025541 0.020220 -23.700001 42.299999 48.900002
-0.023438 -0.994629 -0.119141 -0.017028 0.022349 0.018092 -24.000000 42.599998 48.000000
-0.022461 -0.999023 -0.114990 -0.013835 0.024477 0.018092 -25.200001 42.599998 49.200001
-0.024170 -0.999756 -0.104980 -0.017028 0.020220 0.018092 -24.900000 42.900002 48.900002
-0.025635 -0.990723 -0.102051 -0.012771 0.024477 0.018092 -23.400000 41.400002 49.200001
-0.020264 -0.997559 -0.112305 -0.011706 0.023413 0.017028 -24.000000 41.400002 48.000000
-0.017334 -0.997070 -0.107910 -0.014899 0.022349 0.021284 -22.799999 42.000000 49.799999
-0.022949 -0.998047 -0.113281 -0.018092 0.021284 0.017028 -24.600000 40.200001 48.599998
-0.022949 -0.997070 -0.104248 -0.017028 0.022349 0.017028 -23.700001 41.700001 49.500000
-0.015869 -0.993652 -0.097412 -0.017028 0.025541 0.020220 -25.200001 41.400002 50.400002
-0.015869 -0.993652 -0.110840 -0.017028 0.022349 0.017028 -25.799999 41.400002 47.400002
-0.016357 -0.995850 -0.102051 -0.015963 0.020220 0.018092 -24.900000 42.299999 48.900002
-0.018066 -0.997314 -0.099121 -0.011706 0.020220 0.017028 -24.600000 42.599998 48.000000
-0.016357 -0.997559 -0.104248 -0.015963 -0.021284 0.011706 -24.900000 41.700001 48.900002
-0.012207 -1.000977 -0.117188 -0.018092 -0.014899 0.014899 -24.000000 42.000000 48.599998
-0.015869 -0.998047 -0.103027 -0.017028 -0.007450 0.014899 -24.600000 43.200001 48.000000
-0.029541 -0.997559 -0.114502 -0.015963 0.006385 0.013835 -22.799999 42.000000 47.400002
-0.020508 -0.995850 -0.109131 -0.017028 0.007450 0.020220 -25.200001 40.799999 48.000000
-0.027832 -0.993896 -0.110840 -0.013835 0.017028 0.015963 -24.299999 42.299999 48.900002
-0.016602 -0.992432 -0.102051 -0.013835 0.017028 0.017028 -24.299999 42.299999 50.099998
-0.020752 -0.997559 -0.118896 -0.014899 0.014899 0.014899 -23.100000 42.299999 48.299999
-0.029785 -1.000244 -0.110596 -0.015963 0.012771 0.014899 -24.600000 42.000000 49.200001
-0.008545 -0.999756 -0.102783 -0.014899 0.005321 0.017028 -24.900000 41.700001 49.500000
-0.014404 -0.997559 -0.097412 -0.014899 0.018092 0.017028 -24.299999 42.299999 48.900002
-0.011475 -0.996826 -0.090820 -0.014899 0.011706 0.014899 -22.200001 43.200001 48.599998
-0.017334 -0.994873 -0.109131 -0.014899 0.019156 0.021284 -24.000000 42.599998 47.400002
-0.020752 -0.996582 -0.116211 -0.019156 0.013835 0.019156 -25.799999 42.000000 49.200001
-0.011230 -0.995361 -0.106445 -0.017028 0.014899 0.018092 -24.299999 41.099998 47.700001
-0.021729 -0.993896 -0.114258 -0.014899 0.004257 0.012771 -24.000000 42.000000 51.000000
-0.005859 -0.992188 -0.108887 -0.013835 0.007450 0.015963 -24.000000 42.000000 49.200001
-0.027832 -0.992432 -0.113770 -0.011706 0.006385 0.019156 -24.600000 42.599998 49.799999
-0.023438 -1.001465 -0.112793 -0.014899 0.015963 0.017028 -23.100000 42.900002 50.099998
-0.017578 -0.991455 -0.104736 -0.013835 0.025541 0.020220 -24.900000 42.299999 48.900002
-0.027832 -1.000977 -0.119873 -0.009578 0.027670 0.021284 -24.000000 42.000000 48.599998
-0.012939 -0.998291 -0.105225 -0.012771 0.021284 0.021284 -24.000000 42.000000 48.599998
-0.011719 -0.995850 -0.116211 -0.014899 0.018092 0.019156 -25.200001 42.000000 48.599998
-0.021240 -0.994141 -0.109619 -0.019156 0.018092 0.020220 -24.600000 40.799999 49.200001
-0.019287 -0.996826 -0.107666 -0.017028 0.011706 0.014899 -24.900000 42.299999 49.500000
-0.020752 -1.002441 -0.107666 -0.013835 0.014899 0.015963 -23.400000 42.000000 48.599998
-0.021240 -1.003906 -0.106934 -0.013835 0.020220 0.023413 -23.700001 41.700001 49.500000
-0.015381 -0.997070 -0.101318 -0.009578 0.022349 0.018092 -24.299999 42.900002 48.900002
-0.024658 -0.989746 -0.106934 -0.019156 0.020220 0.015963 -24.000000 43.200001 50.400002
-0.024414 -1.002686 -0.102783 -0.015963 0.014899 0.015963 -25.500000 40.500000 50.700001
-0.010498 -1.004883 -0.103760 -0.012771 0.009578 0.019156 -24.600000 42.000000 50.400002
-0.017578 -0.987305 -0.115967 -0.013835 0.010642 0.020220 -24.299999 40.500000 48.900002
-0.012939 -0.997070 -0.096436 -0.013835 0.009578 0.017028 -24.000000 43.200001 49.799999
-0.026855 -0.991211 -0.100830 -0.012771 0.012771 0.015963 -23.400000 42.000000 49.200001
-0.010986 -0.983643 -0.109619 -0.020220 0.014899 0.018092 -24.000000 42.000000 47.400002
-0.014160 -1.003418 -0.092529 -0.014899 0.009578 0.019156 -25.500000 41.700001 50.099998
-0.013428 -1.003174 -0.101318 -0.011706 0.020220 0.019156 -24.900000 41.700001 48.900002
-0.020020 -0.981934 -0.114990 -0.015963 0.023413 0.017028 -26.700001 42.299999 49.500000
-0.012207 -1.002441 -0.106934 -0.017028 0.018092 0.019156 -24.000000 40.799999 49.799999
-0.020508 -0.971924 -0.098389 -0.018092 0.023413 0.020220 -24.600000 40.799999 49.200001
-0.015381 -0.985107 -0.092041 -0.014899 0.022349 0.021284 -26.700001 41.700001 49.500000
-0.024170 -0.997314 -0.123291 -0.022349 0.019156 0.021284 -25.200001 42.000000 48.599998
-0.025635 -1.009277 -0.106689 -0.022349 0.021284 0.014899 -25.500000 41.099998 49.500000
-0.018555 -1.009521 -0.111816 -0.010642 0.013835 0.015963 -25.799999 42.000000 47.400002
-0.016602 -0.991699 -0.101807 -0.009578 0.009578 0.015963 -24.900000 42.299999 48.900002
-0.019043 -0.995605 -0.097900 -0.010642 0.018092 0.017028 -27.000000 40.200001 49.200001
-0.026611 -0.995850 -0.124023 -0.017028 0.010642 0.019156 -24.900000 42.900002 50.700001
-0.023193 -0.995605 -0.107178 -0.019156 0.002128 0.018092 -25.799999 41.400002 49.799999
-0.012939 -0.976318 -0.100342 -0.014899 0.001064 0.017028 -27.600000 40.799999 49.200001
-0.020996 -0.984375 -0.106934 -0.013835 0.005321 0.018092 -25.799999 41.400002 50.400002
-0.024414 -1.009033 -0.117920 -0.014899 0.007450 0.017028 -26.100000 42.299999 51.299999
-0.022949 -0.981445 -0.131836 -0.012771 -0.004257 0.014899 -25.500000 41.099998 51.299999
-0.006592 -1.006836 -0.107178 -0.017028 0.009578 0.018092 -25.799999 42.599998 50.400002
-0.020996 -0.980469 -0.103760 -0.014899 0.011706 0.017028 -26.100000 41.700001 48.900002
-0.013428 -0.991699 -0.108643 -0.020220 0.008514 0.017028 -26.400000 42.000000 50.400002
-0.012207 -0.987305 -0.102295 -0.019156 0.009578 0.017028 -24.900000 42.900002 48.900002
-0.017822 -0.982178 -0.093994 -0.020220 0.011706 0.018092 -25.500000 41.099998 50.700001
-0.017090 -1.016846 -0.108887 -0.015963 0.008514 0.018092 -27.000000 42.599998 48.000000
-0.008301 -0.985352 -0.110840 -0.018092 0.010642 0.017028 -26.700001 42.900002 50.700001
-0.016846 -0.977539 -0.115479 -0.021284 0.015963 0.013835 -27.000000 42.599998 49.799999
-0.008545 -1.010010 -0.112305 -0.017028 0.001064 0.013835 -26.100000 42.900002 49.500000
-0.018555 -1.008789 -0.095703 -0.013835 0.015963 0.019156 -26.400000 41.400002 49.200001
-0.020996 -0.991943 -0.118408 -0.008514 0.011706 0.018092 -26.100000 40.500000 48.299999
-0.016602 -0.974609 -0.100342 -0.010642 0.019156 0.018092 -27.000000 41.400002 50.400002
-0.023438 -1.004639 -0.108398 -0.014899 0.022349 0.017028 -24.900000 41.700001 49.500000
-0.011963 -0.995605 -0.105957 -0.018092 0.020220 0.018092 -27.000000 40.200001 48.000000
-0.017334 -1.013672 -0.104492 -0.021284 0.013835 0.019156 -27.600000 41.400002 49.799999
-0.022949 -0.991455 -0.113281 -0.009578 0.006385 0.019156 -26.100000 40.500000 50.700001
-0.028320 -0.995605 -0.121826 -0.011706 0.002128 0.012771 -27.000000 40.799999 50.400002
-0.021240 -0.989502 -0.106689 -0.011706 0.009578 0.015963 -24.900000 42.299999 48.900002
-0.017822 -0.971680 -0.102051 -0.011706 0.011706 0.015963 -26.400000 40.799999 48.599998
-0.027832 -0.992676 -0.101074 -0.012771 0.007450 0.011706 -26.700001 42.299999 51.900002
-0.026367 -1.008057 -0.112793 -0.008514 0.014899 0.020220 -26.100000 40.500000 50.099998
-0.003906 -0.965820 -0.103516 -0.012771 0.023413 0.022349 -27.600000 40.799999 51.000000
-0.015625 -0.982178 -0.086914 -0.013835 0.015963 0.017028 -28.500000 41.700001 50.700001
-0.033447 -1.017090 -0.120605 -0.013835 0.023413 0.022349 -27.000000 40.799999 49.200001
-0.016602 -0.997070 -0.104736 -0.014899 0.034055 0.018092 -27.900000 41.099998 49.500000
-0.024170 -0.998535 -0.096680 -0.018092 0.034055 0.019156 -26.700001 41.099998 49.500000
-0.021240 -1.003174 -0.114502 -0.013835 0.027670 0.019156 -29.400000 41.400002 49.200001
-0.030273 -1.010254 -0.126221 -0.011706 0.027670 0.019156 -27.600000 42.000000 50.400002
-0.022217 -1.004639 -0.123047 -0.021284 0.018092 0.018092 -26.400000 40.799999 50.400002
-0.023193 -1.001953 -0.109863 -0.014899 0.007450 0.019156 -27.600000 41.400002 51.000000
-0.014404 -0.997314 -0.104004 -0.014899 -0.001064 0.017028 -27.900000 41.099998 48.900002
-0.022461 -0.997803 -0.117920 -0.011706 -0.008514 0.014899 -27.600000 41.400002 49.200001
-0.025391 -0.992920 -0.114746 -0.004257 -0.005321 0.013835 -28.799999 42.000000 50.400002
-0.011963 -0.998047 -0.109863 -0.005321 0.000000 0.015963 -26.700001 42.900002 49.500000
-0.031006 -0.988037 -0.106934 -0.002128 0.001064 0.014899 -28.200001 42.000000 50.400002
-0.034424 -1.004883 -0.111328 -0.013835 0.002128 0.015963 -27.900000 39.900002 50.700001
-0.028809 -1.006348 -0.096680 -0.003193 0.010642 0.012771 -28.500000 41.700001 50.700001
-0.027832 -0.996826 -0.092529 -0.013835 0.018092 0.017028 -29.100000 41.700001 49.500000
-0.016602 -1.010742 -0.105225 -0.005321 0.012771 0.014899 -29.400000 42.000000 49.200001
-0.023682 -0.990967 -0.107666 -0.006385 0.004257 0.019156 -29.100000 41.700001 48.299999
-0.014160 -0.994629 -0.101318 -0.009578 0.011706 0.012771 -25.799999 42.599998 50.400002
-0.016357 -0.982666 -0.103516 -0.011706 0.018092 0.017028 -27.900000 42.299999 48.900002
-0.023438 -0.997070 -0.105957 -0.024477 0.011706 0.017028 -29.100000 41.099998 48.900002
-0.015137 -0.997559 -0.107666 -0.018092 -0.002128 0.017028 -27.600000 42.599998 50.400002
-0.011963 -0.984375 -0.092773 -0.014899 -0.010642 0.013835 -27.900000 41.099998 49.500000
-0.035645 -0.999268 -0.116211 -0.005321 -0.007450 0.014899 -27.900000 41.099998 51.299999
-0.019287 -0.989746 -0.106445 -0.018092 -0.004257 0.015963 -27.900000 41.700001 51.299999
-0.012695 -0.979248 -0.104736 -0.017028 -0.004257 0.017028 -27.600000 42.599998 50.400002
-0.013672 -0.976318 -0.092529 -0.011706 0.006385 0.015963 -29.100000 42.299999 50.700001
-0.018066 -0.997803 -0.114990 -0.018092 0.003193 0.017028 -27.900000 41.099998 49.500000
-0.017578 -1.009521 -0.100098 -0.020220 0.000000 0.015963 -28.500000 41.099998 48.900002
-0.037598 -1.005127 -0.103027 -0.013835 -0.001064 0.014899 -27.600000 41.400002 51.599998
-0.015869 -0.999756 -0.108154 -0.007450 -0.002128 0.015963 -27.299999 41.700001 49.500000
-0.018311 -0.980957 -0.112549 -0.010642 -0.004257 0.015963 -27.299999 42.900002 50.099998
-0.018066 -0.993652 -0.105713 -0.012771 -0.002128 0.018092 -28.200001 41.400002 49.799999
-0.030273 -1.004639 -0.114746 -0.007450 0.005321 0.017028 -27.000000 42.599998 49.799999
-0.013184 -1.010742 -0.103760 -0.009578 0.001064 0.015963 -27.900000 41.099998 50.099998
-0.032715 -0.995605 -0.108887 -0.015963 -0.002128 0.014899 -28.200001 40.799999 48.599998
-0.019043 -0.980957 -0.094727 -0.014899 -0.001064 0.015963 -28.500000 42.299999 50.099998
-0.019775 -1.004395 -0.104736 -0.012771 -0.008514 0.019156 -27.299999 41.099998 50.099998
-0.015137 -0.986328 -0.099854 -0.018092 -0.007450 0.013835 -28.500000 41.700001 49.500000
-0.030273 -0.992676 -0.103516 -0.015963 -0.005321 0.014899 -27.299999 41.700001 49.500000
-0.029785 -0.989746 -0.097412 -0.008514 0.000000 0.014899 -29.400000 42.000000 50.400002
-0.006104 -0.986816 -0.082031 -0.013835 -0.010642 0.014899 -28.799999 42.000000 50.400002
-0.016602 -0.990479 -0.112061 -0.009578 -0.003193 0.015963 -28.799999 41.400002 50.400002
-0.028809 -0.997803 -0.105713 -0.020220 -0.017028 0.017028 -28.799999 42.000000 48.599998
-0.015625 -1.011230 -0.112061 -0.015963 -0.009578 0.014899 -28.200001 41.400002 51.000000
-0.021240 -1.000732 -0.095703 -0.007450 -0.005321 0.013835 -27.900000 40.500000 50.099998
-0.022705 -0.995117 -0.107666 -0.005321 -0.014899 0.017028 -27.600000 40.200001 50.400002
-0.031982 -1.000732 -0.117188 -0.012771 -0.038312 0.014899 -29.700001 41.700001 50.700001
-0.030518 -1.002930 -0.102295 -0.009578 -0.040441 0.013835 -30.000000 41.400002 49.200001
-0.023193 -0.991699 -0.105713 -0.011706 0.022349 0.019156 -27.900000 41.700001 48.900002
-0.023438 -0.991943 -0.089111 -0.013835 0.021284 0.019156 -29.700001 41.700001 50.099998
-0.016113 -0.993652 -0.093018 -0.013835 0.022349 0.015963 -28.200001 41.400002 50.400002
-0.017090 -0.990967 -0.100342 -0.015963 0.020220 0.019156 -29.100000 42.900002 48.900002
-0.016602 -0.996826 -0.109863 -0.019156 0.024477 0.018092 -28.500000 41.700001 49.500000
-0.012939 -1.000244 -0.111328 -0.013835 0.023413 0.015963 -28.500000 41.700001 51.299999
-0.022461 -1.001953 -0.109375 -0.014899 0.024477 0.021284 -28.200001 42.000000 52.200001
-0.020508 -0.997559 -0.109131 -0.015963 0.021284 0.019156 -29.100000 41.700001 51.299999
-0.026123 -1.000732 -0.101318 -0.014899 0.023413 0.019156 -27.299999 41.099998 50.700001
-0.016846 -1.000977 -0.101318 -0.011706 0.023413 0.019156 -28.500000 41.700001 50.099998
-0.023438 -0.997070 -0.103271 -0.015963 0.022349 0.018092 -27.900000 41.700001 51.299999
-0.015381 -0.998535 -0.102539 -0.017028 0.022349 0.021284 -27.900000 41.700001 50.099998
-0.013428 -0.993652 -0.107666 -0.013835 0.022349 0.021284 -27.299999 41.700001 50.700001
-0.017090 -0.997803 -0.103271 -0.013835 0.023413 0.013835 -29.400000 40.799999 50.400002
-0.020752 -0.991455 -0.104736 -0.014899 0.023413 0.019156 -28.500000 41.099998 50.099998
-0.023193 -0.997803 -0.102295 -0.013835 0.022349 0.019156 -27.900000 42.900002 50.700001
-0.023682 -0.990723 -0.102783 -0.013835 0.022349 0.017028 -27.000000 41.400002 48.599998
-0.023438 -0.999268 -0.104004 -0.015963 0.024477 0.019156 -27.900000 41.099998 50.099998
-0.017822 -0.999512 -0.116455 -0.014899 0.023413 0.020220 -29.100000 41.700001 51.900002
-0.020508 -1.001709 -0.102783 -0.014899 0.022349 0.019156 -29.400000 42.000000 49.200001
-0.014404 -1.001221 -0.098877 -0.018092 0.021284 0.017028 -28.799999 40.799999 49.799999
-0.015869 -0.995361 -0.094971 -0.014899 0.023413 0.017028 -28.200001 42.000000 49.200001
-0.020508 -0.998047 -0.095947 -0.017028 0.020220 0.019156 -26.100000 43.500000 50.099998
-0.027344 -1.001709 -0.102051 -0.015963 0.020220 0.015963 -28.500000 41.099998 50.700001
-0.027832 -0.997559 -0.102295 -0.019156 0.021284 0.018092 -28.500000 41.099998 51.299999
-0.020020 -1.000732 -0.102295 -0.012771 0.021284 0.021284 -30.299999 40.500000 49.500000
-0.016113 -0.997314 -0.089844 -0.014899 0.020220 0.020220 -27.900000 41.099998 50.099998
-0.021240 -1.002197 -0.106445 -0.014899 0.021284 0.020220 -28.200001 41.400002 51.599998
-0.022217 -0.993896 -0.107422 -0.012771 0.023413 0.018092 -30.000000 42.000000 49.799999
-0.012207 -0.996338 -0.092529 -0.013835 0.023413 0.019156 -28.200001 41.400002 50.400002
-0.023438 -0.995850 -0.102295 -0.018092 0.023413 0.018092 -27.900000 42.299999 48.900002
-0.015625 -0.998535 -0.111328 -0.013835 0.022349 0.017028 -26.400000 42.599998 50.400002
-0.019531 -0.998291 -0.112549 -0.012771 0.022349 0.020220 -28.200001 42.599998 51.000000
-0.023926 -0.989014 -0.110596 -0.017028 0.019156 0.018092 -30.000000 40.799999 51.000000
-0.019287 -0.999023 -0.101562 -0.017028 0.022349 0.018092 -29.700001 41.700001 51.299999
-0.017090 -0.992676 -0.101318 -0.013835 0.023413 0.019156 -29.700001 41.099998 51.299999
-0.012939 -0.995605 -0.099854 -0.014899 0.021284 0.019156 -28.500000 40.500000 50.099998
-0.022461 -0.997070 -0.106445 -0.015963 0.021284 0.020220 -27.900000 42.299999 51.299999
-0.025146 -0.993408 -0.103760 -0.014899 0.022349 0.017028 -28.799999 42.599998 49.799999
-0.016357 -0.996582 -0.105225 -0.014899 0.023413 0.014899 -29.400000 40.200001 52.799999
-0.019775 -0.992920 -0.096436 -0.018092 0.023413 0.020220 -28.200001 41.400002 49.799999
-0.019775 -0.992676 -0.107178 -0.018092 0.021284 0.018092 -28.799999 40.799999 51.000000
-0.023193 -0.994141 -0.104004 -0.019156 0.020220 0.017028 -29.700001 41.099998 50.099998
-0.014893 -0.996338 -0.100098 -0.017028 0.023413 0.019156 -27.000000 40.799999 51.000000
-0.020752 -1.004150 -0.107910 -0.012771 0.021284 0.019156 -27.600000 41.400002 51.000000
-0.016602 -0.996094 -0.100342 -0.013835 0.020220 0.022349 -28.799999 40.799999 51.000000
-0.020996 -1.002686 -0.095947 -0.012771 0.022349 0.020220 -28.500000 41.099998 50.700001
-0.022705 -0.996826 -0.093506 -0.018092 0.021284 0.017028 -27.600000 40.799999 49.799999
-0.014893 -0.992676 -0.098145 -0.013835 0.020220 0.018092 -28.799999 42.599998 51.000000
-0.018066 -0.993896 -0.115479 -0.015963 0.023413 0.020220 -28.799999 42.599998 50.400002
-0.015625 -0.997070 -0.108398 -0.013835 0.021284 0.018092 -28.500000 41.099998 48.299999
-0.018311 -0.998291 -0.104248 -0.011706 0.022349 0.018092 -27.900000 42.299999 50.700001
-0.017090 -0.994629 -0.100098 -0.012771 0.025541 0.020220 -28.500000 40.500000 51.299999
-0.018311 -0.989990 -0.098877 -0.017028 0.021284 0.018092 -28.200001 42.000000 51.000000
-0.021484 -1.001465 -0.103760 -0.010642 0.020220 0.020220 -29.700001 41.099998 50.099998
-0.019287 -0.998047 -0.103271 -0.018092 0.023413 0.020220 -29.100000 40.500000 50.099998
-0.020264 -0.997314 -0.100830 -0.014899 0.022349 0.021284 -27.600000 42.599998 51.599998
-0.017090 -0.996094 -0.108398 -0.011706 0.021284 0.015963 -28.200001 42.000000 51.599998
-0.021240 -1.001465 -0.113037 -0.019156 0.020220 0.017028 -28.500000 41.099998 49.500000
-0.015137 -0.994629 -0.103516 -0.012771 0.023413 0.020220 -28.799999 40.799999 48.599998
-0.013428 -0.995850 -0.105957 -0.014899 0.020220 0.020220 -28.200001 42.000000 49.200001
-0.018555 -1.000732 -0.096924 -0.015963 0.022349 0.019156 -28.200001 41.400002 49.200001
-0.021240 -0.997559 -0.097168 -0.017028 0.020220 0.018092 -29.100000 40.500000 50.700001
-0.016846 -0.998047 -0.106445 -0.013835 0.022349 0.015963 -28.799999 41.400002 49.200001
-0.022461 -0.995361 -0.114258 -0.013835 0.022349 0.014899 -29.100000 41.700001 50.700001
-0.015625 -0.997314 -0.099609 -0.014899 0.021284 0.019156 -27.600000 42.000000 49.799999
-0.026611 -0.994385 -0.100098 -0.014899 0.025541 0.018092 -27.900000 41.099998 50.700001
-0.026123 -0.995850 -0.098145 -0.011706 0.020220 0.019156 -28.799999 43.200001 50.400002
-0.018799 -0.993408 -0.105469 -0.010642 0.021284 0.018092 -28.200001 43.200001 51.599998
-0.032959 -1.002930 -0.106445 -0.015963 0.023413 0.020220 -29.400000 41.400002 49.200001
-0.019531 -0.992188 -0.099365 -0.014899 0.021284 0.019156 -27.600000 41.400002 50.400002
-0.021729 -0.995117 -0.099854 -0.014899 0.022349 0.017028 -28.799999 40.799999 49.799999
-0.021729 -0.998535 -0.106934 -0.015963 0.024477 0.019156 -28.500000 40.500000 50.700001
-0.017578 -0.992432 -0.103027 -0.013835 0.025541 0.018092 -28.799999 42.599998 50.400002
-0.015137 -1.000244 -0.105957 -0.014899 0.022349 0.020220 -28.500000 41.099998 49.500000
-0.020264 -0.995361 -0.106689 -0.017028 0.022349 0.017028 -27.900000 42.299999 50.700001
-0.027344 -0.995117 -0.098633 -0.013835 0.023413 0.018092 -28.200001 41.400002 51.599998
-0.018311 -0.997070 -0.102295 -0.015963 0.023413 0.018092 -28.200001 42.599998 51.599998
-0.018555 -0.997559 -0.102783 -0.014899 0.022349 0.019156 -28.200001 42.000000 50.400002
-0.014893 -0.999512 -0.097168 -0.017028 0.021284 0.017028 -30.600000 41.400002 50.400002
-0.022705 -0.995850 -0.095947 -0.015963 0.022349 0.018092 -28.200001 42.000000 49.200001
-0.022461 -0.995117 -0.104248 -0.011706 0.022349 0.018092 -29.100000 41.700001 50.700001
-0.017334 -0.999023 -0.096924 -0.015963 0.022349 0.021284 -27.000000 42.599998 49.200001
-0.020996 -0.999512 -0.103271 -0.013835 0.023413 0.018092 -29.100000 41.099998 50.700001
-0.022705 -0.997314 -0.108154 -0.017028 0.022349 0.018092 -27.600000 42.000000 49.799999
-0.022217 -0.995117 -0.108887 -0.015963 0.022349 0.021284 -27.600000 40.799999 49.799999
-0.020996 -0.998779 -0.102783 -0.011706 0.022349 0.021284 -27.299999 42.299999 49.500000
-0.022217 -0.994873 -0.099854 -0.014899 0.024477 0.014899 -28.200001 41.400002 50.400002
-0.019531 -0.996338 -0.102539 -0.014899 0.023413 0.021284 -27.600000 42.000000 51.000000
-0.030029 -0.993896 -0.106934 -0.014899 0.022349 0.017028 -27.000000 41.400002 50.400002
-0.021484 -0.997559 -0.109863 -0.014899 0.023413 0.018092 -27.600000 40.200001 51.599998
-0.017334 -0.998779 -0.100098 -0.018092 0.023413 0.017028 -28.200001 42.599998 49.799999
-0.018066 -0.997559 -0.106934 -0.015963 0.025541 0.019156 -27.000000 40.200001 51.000000
-0.020264 -1.001709 -0.100830 -0.013835 0.022349 0.017028 -28.500000 42.900002 50.700001
-0.011230 -0.993652 -0.098145 -0.014899 0.021284 0.019156 -28.500000 42.900002 50.099998
-0.023193 -0.999023 -0.103027 -0.018092 0.025541 0.021284 -28.200001 41.400002 49.200001
-0.021973 -0.995361 -0.109863 -0.020220 0.022349 0.019156 -27.600000 42.599998 50.400002
-0.020996 -0.996094 -0.100830 -0.015963 0.025541 0.018092 -28.500000 41.700001 50.099998
-0.021973 -1.000000 -0.110352 -0.014899 0.021284 0.015963 -28.200001 42.599998 49.200001
-0.021973 -0.999512 -0.103516 -0.012771 0.024477 0.018092 -29.400000 40.200001 49.200001
-0.018799 -0.994873 -0.103271 -0.014899 0.020220 0.017028 -26.400000 41.400002 49.200001
-0.018555 -0.999756 -0.098877 -0.014899 0.023413 0.018092 -28.200001 42.000000 49.799999
-0.018066 -0.995361 -0.099121 -0.015963 0.021284 0.020220 -28.799999 42.000000 50.400002
-0.021240 -1.000000 -0.104248 -0.012771 0.020220 0.019156 -27.299999 41.099998 50.700001
-0.023926 -0.996582 -0.114990 -0.012771 0.021284 0.021284 -28.799999 40.799999 49.799999
-0.024658 -0.998047 -0.111084 -0.012771 0.026606 0.018092 -27.000000 40.799999 49.799999
-0.019531 -0.993652 -0.105713 -0.013835 0.026606 0.022349 -28.799999 42.000000 51.000000
-0.027100 -0.997070 -0.107910 -0.017028 0.024477 0.018092 -28.500000 42.900002 50.099998
-0.022217 -0.999268 -0.099854 -0.017028 0.023413 0.020220 -28.799999 40.799999 50.400002
-0.019775 -0.990723 -0.093750 -0.013835 0.023413 0.021284 -26.700001 42.299999 50.700001
-0.023438 -1.000488 -0.099854 -0.014899 0.021284 0.020220 -28.500000 43.500000 50.099998
-0.021484 -0.992188 -0.102051 -0.014899 0.021284 0.019156 -28.799999 41.400002 50.400002
-0.021973 -0.995117 -0.102295 -0.014899 0.022349 0.019156 -28.799999 42.000000 50.400002
-0.020508 -1.000000 -0.104492 -0.013835 0.020220 0.018092 -26.400000 41.400002 49.799999
-0.019531 -1.000000 -0.106445 -0.014899 0.021284 0.020220 -27.900000 41.099998 50.099998
-0.020020 -0.997070 -0.105469 -0.014899 0.022349 0.021284 -29.100000 41.700001 48.900002
-0.018066 -0.997803 -0.094238 -0.013835 0.021284 0.019156 -27.900000 42.299999 50.099998
-0.021973 -0.995605 -0.097168 -0.013835 0.022349 0.019156 -28.799999 42.599998 51.000000
-0.027100 -0.999023 -0.098389 -0.018092 0.021284 0.020220 -29.400000 41.400002 51.000000
-0.020264 -1.000244 -0.098877 -0.015963 0.021284 0.019156 -27.900000 40.500000 50.700001
-0.015381 -0.997559 -0.103271 -0.014899 0.020220 0.018092 -27.900000 40.500000 49.500000
-0.017822 -0.992432 -0.109863 -0.012771 0.022349 0.018092 -27.900000 42.299999 50.700001
-0.021973 -0.999268 -0.103760 -0.013835 0.020220 0.019156 -29.400000 42.599998 52.200001
-0.020264 -0.996338 -0.106445 -0.018092 0.020220 0.019156 -27.900000 43.500000 50.700001
-0.023438 -0.994873 -0.110107 -0.015963 0.023413 0.021284 -28.500000 42.299999 49.500000
-0.017334 -0.999023 -0.110596 -0.011706 0.025541 0.017028 -27.900000 40.500000 50.700001
-0.017578 -0.997314 -0.104736 -0.013835 0.020220 0.018092 -28.200001 41.400002 50.400002
-0.019531 -0.998535 -0.089844 -0.018092 0.020220 0.018092 -28.200001 41.400002 50.400002
-0.019531 -1.000488 -0.099365 -0.013835 0.022349 0.017028 -27.600000 41.400002 51.000000
-0.015869 -1.001465 -0.104004 -0.017028 0.021284 0.020220 -27.000000 40.200001 50.400002
-0.020752 -0.999756 -0.106934 -0.015963 0.024477 0.018092 -29.400000 41.400002 50.400002
-0.021240 -1.002197 -0.108398 -0.014899 0.024477 0.018092 -27.900000 39.299999 48.299999
-0.024170 -0.996582 -0.101074 -0.014899 0.020220 0.021284 -27.900000 42.299999 50.099998
-0.021240 -0.999756 -0.105225 -0.015963 0.021284 0.021284 -30.299999 39.900002 50.700001
-0.023926 -0.990723 -0.108154 -0.012771 0.025541 0.015963 -27.900000 41.700001 50.700001
-0.021973 -0.997559 -0.105713 -0.012771 0.022349 0.021284 -28.799999 42.000000 51.000000
-0.024902 -0.990479 -0.094971 -0.014899 0.024477 0.020220 -27.299999 40.500000 50.700001
-0.021973 -0.994873 -0.099854 -0.015963 0.024477 0.019156 -29.100000 41.099998 51.299999
-0.021729 -1.000732 -0.106201 -0.014899 0.022349 0.015963 -27.900000 42.299999 51.299999
-0.030029 -0.997803 -0.100342 -0.017028 0.020220 0.021284 -28.500000 41.099998 50.700001
-0.020752 -1.000488 -0.100098 -0.014899 0.022349 0.020220 -27.299999 42.900002 50.700001
-0.020508 -0.997314 -0.107422 -0.014899 0.023413 0.022349 -28.200001 42.000000 49.799999
