-0.031494 -0.035156 -0.967285 -0.010642 0.020220 0.014899 22.500000 -28.500000 83.699997
-0.028809 -0.030029 -0.975098 -0.012771 0.018092 0.019156 22.500000 -30.299999 83.699997
-0.032471 -0.038330 -0.979980 -0.015963 0.019156 0.019156 21.600000 -27.600000 84.000000
-0.032227 -0.037354 -0.983643 -0.014899 0.020220 0.019156 24.299999 -28.500000 82.500000
-0.029541 -0.029297 -0.985352 -0.015963 0.021284 0.018092 22.500000 -27.900000 83.099998
-0.031738 -0.034668 -0.979492 -0.014899 0.020220 0.020220 22.799999 -30.000000 82.199997
-0.029053 -0.036377 -0.978516 -0.013835 0.021284 0.018092 23.700001 -29.700001 83.699997
-0.038574 -0.034180 -0.978271 -0.013835 0.021284 0.020220 23.400000 -29.400000 84.599998
-0.043213 -0.036621 -0.977051 -0.011706 0.022349 0.021284 24.299999 -29.100000 83.699997
-0.033203 -0.037354 -0.978516 -0.012771 0.019156 0.017028 24.000000 -29.400000 82.800003
-0.038574 -0.026123 -0.980957 -0.013835 0.019156 0.018092 23.100000 -27.900000 84.300003
-0.031250 -0.041016 -0.979980 -0.010642 0.021284 0.015963 22.799999 -28.799999 84.000000
-0.033203 -0.033691 -0.973633 -0.013835 0.020220 0.015963 22.200001 -27.600000 83.400002
-0.032959 -0.036621 -0.971924 -0.012771 0.020220 0.021284 23.100000 -27.900000 82.500000
-0.029053 -0.030518 -0.982666 -0.017028 0.023413 0.015963 23.400000 -28.799999 83.400002
-0.032227 -0.030762 -0.970703 -0.011706 0.020220 0.020220 23.400000 -28.200001 84.000000
-0.028809 -0.030762 -0.975098 -0.013835 0.020220 0.017028 22.799999 -28.799999 82.800003
-0.029297 -0.033447 -0.975342 -0.015963 0.020220 0.021284 24.299999 -28.500000 83.099998
-0.041260 -0.031006 -0.972412 -0.011706 0.020220 0.018092 22.500000 -29.700001 84.900002
-0.033203 -0.039307 -0.975586 -0.010642 0.018092 0.015963 24.299999 -28.500000 81.900002
-0.038574 -0.035156 -0.975098 -0.013835 0.019156 0.019156 23.400000 -30.000000 82.199997
-0.028809 -0.034180 -0.986572 -0.011706 0.021284 0.015963 23.700001 -29.100000 82.500000
-0.037109 -0.031006 -0.976074 -0.012771 0.020220 0.018092 21.900000 -29.700001 82.500000
-0.032227 -0.036133 -0.972900 -0.018092 0.017028 0.015963 22.500000 -29.100000 84.300003
-0.034668 -0.035400 -0.978271 -0.015963 0.020220 0.015963 24.600000 -29.400000 84.000000
-0.035889 -0.031494 -0.976318 -0.012771 0.021284 0.015963 23.100000 -27.299999 82.500000
-0.034912 -0.031494 -0.983643 -0.013835 0.020220 0.021284 23.700001 -28.500000 84.900002
-0.032471 -0.038574 -0.976807 -0.011706 0.020220 0.019156 23.700001 -29.100000 83.099998
-0.030762 -0.037842 -0.970215 -0.014899 0.021284 0.015963 22.799999 -29.400000 84.599998
-0.030762 -0.033203 -0.975098 -0.011706 0.023413 0.017028 22.500000 -27.900000 84.900002
-0.037109 -0.036621 -0.962891 0.001064 0.020220 0.014899 23.100000 -29.100000 83.699997
-0.000488 -0.037354 -0.925049 -0.017028 0.010642 0.025541 23.100000 -30.299999 83.099998
-0.330078 0.064697 -0.803955 -0.025541 0.150056 0.098973 22.799999 -28.200001 82.199997
-0.286377 0.131836 -1.011719 0.003193 -0.028734 -0.125578 21.299999 -28.500000 83.699997
-0.430664 0.173584 -0.987305 -0.059597 -0.076624 -0.471451 24.000000 -30.000000 82.800003
-0.504639 0.183105 -0.973389 0.041505 0.134092 -0.529984 22.500000 -29.100000 83.699997
-0.306641 0.056396 -1.068604 -0.065982 -0.011706 -0.591709 23.700001 -27.900000 83.099998
-0.243408 0.056152 -0.888916 -0.060661 0.064918 -0.484222 24.000000 -27.000000 81.599998
-0.084961 0.031738 -1.127686 -0.014899 0.035119 -0.538497 24.299999 -26.700001 83.099998
-0.039307 -0.050781 -0.843506 0.127707 0.103230 -0.536369 25.500000 -26.100000 83.099998
0.002930 0.014893 -1.326172 -0.021284 -0.079817 -0.739636 26.100000 -26.700001 83.099998
0.073242 0.013672 -1.009766 0.011706 0.035119 -0.665140 24.900000 -26.700001 83.699997
0.220703 -0.143311 -1.188965 0.013835 0.086202 -0.706645 28.500000 -24.299999 84.300003
0.260254 -0.188721 -1.059326 -0.025541 -0.009578 -0.523598 27.000000 -22.799999 81.599998
0.309326 -0.225586 -1.099854 -0.014899 0.019156 -0.212845 27.000000 -22.799999 82.800003
0.288574 -0.141846 -0.986328 -0.037248 0.011706 -0.146863 26.700001 -24.299999 81.300003
0.234863 -0.130127 -0.843018 -0.040441 0.015963 -0.180918 27.600000 -23.400000 82.199997
0.164307 -0.072754 -0.998047 -0.013835 0.011706 -0.103230 26.700001 -24.299999 81.300003
0.141113 -0.076416 -0.973633 -0.010642 0.003193 -0.145799 28.799999 -22.799999 82.199997
0.081055 -0.060547 -0.987061 -0.014899 0.015963 -0.076624 28.200001 -22.799999 82.199997
-0.011475 -0.083252 -1.005615 -0.013835 0.027670 0.013835 28.200001 -21.600000 81.599998
-0.044189 -0.030273 -0.954346 -0.011706 0.035119 0.026606 27.600000 -22.200001 83.400002
-0.047852 -0.015869 -0.960693 -0.017028 0.018092 0.023413 26.400000 -23.400000 81.599998
-0.025146 -0.044434 -0.982666 -0.011706 0.010642 0.017028 27.299999 -22.500000 83.099998
-0.025391 -0.039795 -0.996338 -0.018092 0.021284 0.014899 28.500000 -24.299999 81.900002
-0.030273 -0.029785 -0.975342 -0.010642 0.028734 0.020220 27.900000 -23.100000 81.900002
-0.031250 -0.029785 -0.963867 -0.017028 0.025541 0.018092 28.799999 -21.600000 82.800003
-0.026611 -0.036621 -0.967773 -0.015963 0.015963 0.017028 28.799999 -23.400000 83.400002
-0.025879 -0.042480 -0.981445 -0.013835 0.012771 0.019156 30.000000 -22.200001 82.800003
-0.025635 -0.031006 -0.987793 -0.011706 0.020220 0.020220 27.600000 -22.200001 81.599998
-0.035156 -0.034912 -0.981689 -0.015963 0.023413 0.018092 27.900000 -23.700001 81.900002
-0.037842 -0.032227 -0.961426 -0.012771 0.018092 0.021284 26.700001 -21.900000 82.500000
-0.031006 -0.035400 -0.978760 -0.014899 0.014899 0.017028 29.400000 -22.799999 82.800003
-0.022705 -0.033203 -0.978516 -0.012771 0.023413 0.017028 28.799999 -22.799999 82.800003
-0.032471 -0.035156 -0.973877 -0.014899 0.022349 0.015963 28.799999 -22.799999 82.800003
-0.035156 -0.031738 -0.983154 -0.014899 0.020220 0.019156 28.500000 -22.500000 81.300003
-0.025146 -0.030762 -0.979736 -0.015963 0.020220 0.017028 28.500000 -23.700001 81.900002
-0.027344 -0.032227 -0.979492 -0.013835 0.022349 0.019156 28.200001 -23.400000 82.800003
-0.029785 -0.030518 -0.980713 -0.014899 0.020220 0.017028 27.299999 -23.100000 81.300003
-0.035400 -0.034668 -0.978027 -0.014899 0.021284 0.017028 28.500000 -23.100000 81.900002
-0.028809 -0.040283 -0.985352 -0.014899 0.020220 0.019156 28.500000 -24.299999 81.300003
-0.030273 -0.045410 -0.978516 -0.013835 0.019156 0.019156 29.100000 -24.299999 81.900002
-0.029297 -0.043213 -0.970947 -0.015963 0.024477 0.019156 28.500000 -23.700001 83.099998
-0.026611 -0.035400 -0.972168 -0.011706 0.020220 0.015963 29.100000 -23.700001 81.900002
-0.020752 -0.038330 -0.982178 -0.012771 0.018092 0.019156 26.400000 -24.000000 81.000000
-0.029785 -0.034668 -0.978271 -0.013835 0.022349 0.018092 27.600000 -22.799999 82.199997
-0.031006 -0.035889 -0.975342 -0.010642 0.021284 0.021284 27.900000 -21.900000 82.500000
-0.027100 -0.031738 -0.973389 -0.013835 0.022349 0.013835 27.600000 -23.400000 81.599998
-0.035645 -0.035156 -0.973633 -0.012771 0.019156 0.019156 26.400000 -24.000000 82.199997
-0.027832 -0.033936 -0.981445 -0.013835 0.021284 0.017028 27.600000 -23.400000 82.199997
-0.031006 -0.032959 -0.968262 -0.013835 0.022349 0.019156 28.799999 -23.400000 81.599998
-0.031250 -0.035889 -0.983643 -0.017028 0.021284 0.015963 27.900000 -23.100000 83.699997
-0.025635 -0.027100 -0.975342 -0.011706 0.021284 0.019156 27.000000 -24.000000 83.400002
-0.030762 -0.036377 -0.972656 -0.017028 0.021284 0.015963 27.600000 -22.799999 82.199997
-0.025635 -0.039795 -0.984375 -0.012771 0.017028 0.015963 27.600000 -22.200001 82.800003
-0.032471 -0.035645 -0.976074 -0.013835 0.020220 0.019156 28.500000 -23.700001 81.300003
-0.030518 -0.037842 -0.979492 -0.014899 0.020220 0.018092 28.799999 -22.799999 81.599998
-0.030273 -0.033691 -0.981201 -0.014899 0.018092 0.019156 27.299999 -23.100000 83.699997
-0.030273 -0.037109 -0.985596 -0.014899 0.023413 0.020220 27.900000 -24.299999 80.699997
-0.029541 -0.033691 -0.976074 -0.014899 0.019156 0.017028 28.799999 -21.600000 82.199997
-0.033936 -0.033691 -0.977783 -0.011706 0.020220 0.017028 28.500000 -21.299999 82.500000
-0.039062 -0.039307 -0.978760 -0.019156 0.019156 0.020220 29.100000 -22.500000 81.300003
-0.032227 -0.033203 -0.975830 -0.013835 0.015963 0.019156 29.100000 -21.299999 81.300003
-0.029297 -0.032715 -0.979492 -0.013835 0.022349 0.020220 28.200001 -23.400000 82.800003
-0.020508 -0.035400 -0.970947 -0.012771 0.019156 0.018092 27.900000 -21.900000 81.900002
-0.026855 -0.041748 -0.982910 -0.011706 0.021284 0.021284 28.200001 -21.000000 81.599998
-0.032959 -0.028320 -0.984131 -0.014899 0.021284 0.022349 29.700001 -23.700001 81.900002
-0.032959 -0.036133 -0.976562 -0.012771 0.020220 0.017028 28.200001 -22.799999 83.400002
-0.032227 -0.035156 -0.973145 -0.012771 0.022349 0.019156 27.299999 -23.100000 83.099998
-0.029297 -0.037109 -0.970215 -0.015963 0.021284 0.018092 28.500000 -23.100000 81.900002
-0.025879 -0.036133 -0.982178 -0.011706 0.018092 0.017028 28.200001 -22.799999 81.599998
-0.031982 -0.033691 -0.987305 -0.012771 0.021284 0.019156 27.900000 -23.100000 81.300003
-0.028809 -0.037354 -0.983398 -0.015963 0.019156 0.019156 28.200001 -24.000000 82.800003
-0.026855 -0.034424 -0.968506 -0.012771 0.021284 0.019156 27.900000 -23.100000 81.900002
-0.028564 -0.041016 -0.979736 -0.018092 0.019156 0.022349 28.200001 -21.600000 84.000000
-0.029541 -0.032227 -0.975586 -0.010642 0.022349 0.019156 28.500000 -23.100000 83.099998
-0.026123 -0.035156 -0.975098 -0.013835 0.021284 0.017028 28.200001 -21.600000 81.599998
-0.031494 -0.037354 -0.982910 -0.012771 0.022349 0.017028 26.400000 -21.600000 83.400002
-0.027100 -0.031494 -0.969971 -0.012771 0.020220 0.019156 27.900000 -22.500000 81.300003
-0.028320 -0.032959 -0.974609 -0.015963 0.020220 0.020220 27.600000 -23.400000 83.400002
-0.024170 -0.030518 -0.972900 -0.013835 0.019156 0.018092 27.000000 -23.400000 82.800003
-0.028076 -0.032227 -0.980957 -0.017028 0.022349 0.020220 28.500000 -22.500000 83.099998
-0.027344 -0.032471 -0.977051 -0.015963 0.020220 0.015963 27.299999 -23.700001 83.699997
-0.026367 -0.033447 -0.979004 -0.012771 0.021284 0.017028 27.600000 -22.200001 81.000000
-0.037109 -0.037842 -0.980713 -0.017028 0.019156 0.022349 28.500000 -23.700001 81.900002
-0.030273 -0.034668 -0.980469 -0.013835 0.020220 0.017028 28.500000 -20.100000 81.900002
-0.029297 -0.043701 -0.970703 -0.012771 0.021284 0.019156 27.900000 -23.700001 82.500000
-0.020508 -0.029297 -0.973389 -0.014899 0.020220 0.015963 26.400000 -22.799999 82.800003
-0.026611 -0.030518 -0.972168 -0.014899 0.018092 0.015963 27.900000 -23.700001 80.699997
-0.024414 -0.029541 -0.979004 -0.015963 0.018092 0.020220 28.799999 -22.200001 82.800003
-0.031250 -0.031494 -0.977783 -0.017028 0.019156 0.012771 27.000000 -22.799999 81.000000
-0.026855 -0.030273 -0.983398 -0.014899 0.022349 0.021284 27.900000 -21.900000 81.300003
-0.034668 -0.029785 -0.984131 -0.014899 0.019156 0.018092 27.299999 -23.700001 83.699997
-0.029785 -0.029785 -0.980225 -0.014899 0.019156 0.017028 27.900000 -24.900000 81.300003
-0.026855 -0.017578 -0.975098 -0.018092 0.020220 -0.025541 28.799999 -23.400000 81.000000
-0.027588 -0.041748 -0.980225 -0.014899 0.018092 -0.026606 28.200001 -22.200001 82.199997
-0.031738 -0.044189 -0.967285 -0.014899 0.021284 0.015963 28.500000 -21.900000 81.300003
-0.032715 -0.039551 -0.986572 -0.013835 0.018092 0.005321 27.000000 -23.400000 82.800003
-0.020752 -0.021973 -0.976318 -0.010642 0.020220 -0.039376 29.400000 -24.000000 82.800003
-0.031494 -0.035400 -0.977295 -0.012771 0.018092 -0.021284 27.299999 -21.900000 81.300003
-0.027100 -0.041992 -0.978760 -0.015963 0.019156 0.014899 27.000000 -24.000000 82.800003
-0.027344 -0.040283 -0.976562 -0.014899 0.021284 0.012771 28.500000 -22.500000 83.099998
-0.032227 -0.028564 -0.975098 -0.015963 0.019156 -0.007450 29.400000 -24.000000 81.599998
-0.028564 -0.034912 -0.972168 -0.014899 0.019156 -0.013835 28.200001 -21.000000 82.800003
-0.032715 -0.023926 -0.976807 -0.012771 0.018092 -0.050019 28.799999 -23.400000 81.599998
-0.024414 -0.026367 -0.980225 -0.017028 0.015963 -0.076624 28.799999 -23.400000 81.599998
-0.033691 -0.052734 -0.979492 -0.013835 0.019156 -0.051083 28.799999 -22.200001 82.800003
-0.031738 -0.025391 -0.978027 -0.015963 0.019156 -0.085138 29.400000 -23.400000 82.800003
-0.028320 -0.031738 -0.974365 -0.015963 0.021284 -0.105358 28.500000 -23.100000 84.300003
-0.018311 -0.039795 -0.980957 -0.017028 0.013835 -0.085138 29.100000 -20.700001 81.300003
-0.027588 -0.037109 -0.976074 -0.018092 0.020220 -0.060661 29.400000 -21.000000 82.800003
-0.027100 -0.043213 -0.972168 -0.014899 0.022349 -0.036184 28.799999 -21.000000 82.800003
-0.028076 -0.028564 -0.976074 -0.012771 0.022349 -0.077688 28.799999 -22.200001 83.400002
-0.030029 -0.043701 -0.980713 -0.014899 0.021284 -0.064918 28.200001 -23.400000 81.599998
-0.028809 -0.036133 -0.979004 -0.017028 0.019156 -0.054275 28.500000 -21.900000 81.900002
-0.025635 -0.020264 -0.973389 -0.014899 0.020220 -0.091523 29.400000 -22.200001 80.400002
-0.021484 -0.038818 -0.978760 -0.011706 0.015963 -0.110679 29.100000 -21.299999 83.699997
-0.021729 -0.036133 -0.970703 -0.019156 0.018092 -0.112808 28.500000 -21.900000 83.699997
-0.030273 -0.040527 -0.969238 -0.012771 0.019156 -0.097909 29.700001 -21.900000 82.500000
-0.034180 -0.041992 -0.970459 -0.020220 0.017028 -0.088331 29.400000 -22.200001 80.400002
-0.032227 -0.027588 -0.969727 -0.013835 0.018092 -0.106422 29.700001 -21.299999 82.500000
-0.023682 -0.040283 -0.972412 -0.014899 0.019156 -0.086202 30.000000 -21.600000 82.800003
-0.028564 -0.039062 -0.976562 -0.011706 0.019156 -0.051083 28.799999 -22.200001 81.000000
-0.027588 -0.040527 -0.976562 -0.017028 0.019156 -0.056404 27.000000 -20.400000 82.800003
-0.025635 -0.024658 -0.960938 -0.014899 0.019156 -0.076624 28.500000 -21.900000 82.500000
-0.024902 -0.028564 -0.974365 -0.018092 0.021284 -0.079817 30.000000 -21.000000 81.599998
-0.024414 -0.031494 -0.972412 -0.019156 0.019156 -0.087266 29.400000 -20.400000 82.199997
-0.021240 -0.027100 -0.965088 -0.017028 0.020220 -0.104294 27.900000 -21.299999 81.300003
-0.023682 -0.032471 -0.970703 -0.017028 0.019156 -0.144735 29.400000 -21.000000 82.199997
-0.034668 -0.032471 -0.977051 -0.017028 0.015963 -0.177725 28.799999 -21.000000 82.800003
-0.027832 -0.045654 -0.970215 -0.014899 0.017028 -0.161762 31.200001 -19.799999 82.800003
-0.029297 -0.043701 -0.971191 -0.019156 0.020220 -0.123450 30.600000 -21.600000 82.199997
-0.020508 -0.031738 -0.971436 -0.014899 0.019156 -0.096844 30.900000 -20.700001 83.099998
-0.027832 -0.038574 -0.973633 -0.017028 0.021284 -0.057468 30.000000 -21.000000 82.199997
-0.028320 -0.039551 -0.973389 -0.017028 0.020220 -0.059597 31.200001 -20.400000 82.199997
-0.020508 -0.030029 -0.975586 -0.017028 0.017028 -0.093652 30.600000 -19.799999 82.199997
-0.023193 -0.031250 -0.978760 -0.013835 0.019156 -0.121322 29.400000 -19.799999 84.000000
-0.031250 -0.031982 -0.981201 -0.014899 0.019156 -0.151120 31.200001 -19.200001 81.599998
-0.028564 -0.043701 -0.985352 -0.012771 0.015963 -0.148991 31.500000 -18.900000 81.300003
-0.024658 -0.035156 -0.976807 -0.013835 0.018092 -0.136221 29.400000 -21.000000 82.199997
-0.023682 -0.036621 -0.982666 -0.012771 0.018092 -0.143670 30.900000 -17.700001 81.900002
-0.028809 -0.045166 -0.975830 -0.018092 0.020220 -0.143670 31.500000 -17.100000 81.900002
-0.027588 -0.035889 -0.984619 -0.019156 0.015963 -0.128771 30.900000 -17.100000 82.500000
-0.027588 -0.047119 -0.978516 -0.015963 0.015963 -0.111744 32.400002 -19.200001 82.800003
-0.026611 -0.035645 -0.974609 -0.014899 0.018092 -0.110679 30.600000 -18.000000 82.800003
-0.020752 -0.031738 -0.975342 -0.015963 0.019156 -0.137285 33.299999 -18.299999 81.900002
-0.032715 -0.041260 -0.975098 -0.013835 0.022349 -0.131964 30.299999 -18.900000 81.300003
-0.027100 -0.037598 -0.965820 -0.018092 0.021284 -0.127707 32.099998 -19.500000 83.699997
-0.027344 -0.033447 -0.967773 -0.014899 0.014899 -0.116000 30.600000 -18.600000 82.800003
-0.026123 -0.035889 -0.980713 -0.010642 0.020220 -0.100037 31.799999 -19.200001 83.400002
-0.022461 -0.031250 -0.986572 -0.017028 0.019156 -0.108551 31.500000 -17.100000 82.500000
-0.022949 -0.030029 -0.983887 -0.015963 0.015963 -0.130900 32.099998 -17.700001 81.300003
-0.025635 -0.032959 -0.971680 -0.021284 0.019156 -0.157505 33.299999 -17.700001 81.300003
-0.028076 -0.034668 -0.978027 -0.018092 0.015963 -0.153248 32.099998 -17.700001 81.300003
-0.015625 -0.035156 -0.975586 -0.014899 0.019156 -0.159634 29.100000 -17.700001 83.099998
-0.023926 -0.031982 -0.987549 -0.019156 0.023413 -0.183047 32.400002 -17.400000 81.599998
-0.018311 -0.034668 -0.974609 -0.014899 0.012771 -0.177725 31.500000 -16.500000 81.300003
-0.024658 -0.034912 -0.970703 -0.014899 0.015963 -0.194753 31.500000 -17.100000 82.500000
-0.021484 -0.046387 -0.977051 -0.019156 0.014899 -0.195817 33.299999 -16.500000 82.500000
-0.009521 -0.027100 -0.971680 -0.012771 0.018092 -0.226680 31.799999 -16.200001 81.000000
-0.004639 -0.057129 -0.974121 -0.013835 0.011706 -0.187303 31.799999 -15.000000 81.000000
-0.028320 -0.048340 -0.987305 -0.017028 0.011706 -0.156441 33.000000 -15.600000 82.199997
-0.024170 -0.041504 -0.980957 -0.015963 0.020220 -0.123450 34.200001 -15.600000 82.800003
-0.029053 -0.055664 -0.972168 -0.018092 0.019156 -0.032991 32.700001 -14.700000 82.500000
-0.025146 -0.047852 -0.985596 -0.014899 0.022349 0.012771 33.599998 -15.600000 82.199997
-0.025879 -0.035889 -0.974854 -0.014899 0.022349 0.015963 32.400002 -15.600000 84.000000
-0.026367 -0.020020 -0.982910 -0.017028 0.020220 -0.038312 32.400002 -15.000000 81.000000
-0.032715 -0.004883 -0.971680 -0.014899 0.020220 -0.146863 33.900002 -15.300000 81.300003
-0.015625 -0.054932 -0.985596 -0.012771 0.020220 -0.136221 31.200001 -14.400000 81.000000
-0.026855 -0.038330 -0.975098 -0.013835 0.020220 -0.163891 34.200001 -14.400000 82.199997
-0.032471 -0.037598 -0.979492 -0.018092 0.015963 -0.152184 33.599998 -14.400000 82.199997
-0.023438 -0.034180 -0.979492 -0.014899 0.015963 -0.162826 33.900002 -14.100000 82.500000
-0.021240 -0.041016 -0.984131 -0.013835 0.019156 -0.135156 32.700001 -14.700000 81.300003
-0.023193 -0.042480 -0.987305 -0.012771 0.019156 -0.106422 34.200001 -13.800000 81.000000
-0.027100 -0.040039 -0.977051 -0.014899 0.017028 -0.092588 33.900002 -15.900000 81.300003
-0.026123 -0.035889 -0.982666 -0.019156 0.017028 -0.097909 32.700001 -16.500000 81.300003
-0.024902 -0.029053 -0.979004 -0.013835 0.018092 -0.118129 32.700001 -12.900000 81.900002
-0.019531 -0.038574 -0.982178 -0.019156 0.019156 -0.118129 32.099998 -14.700000 81.300003
-0.020508 -0.030273 -0.977539 -0.019156 0.013835 -0.150056 34.500000 -12.900000 80.099998
-0.020264 -0.028809 -0.969971 -0.020220 0.019156 -0.179854 33.299999 -14.700000 82.500000
-0.030029 -0.024658 -0.981201 -0.017028 0.013835 -0.214973 33.299999 -13.500000 80.699997
-0.024658 -0.033447 -0.990234 -0.017028 0.014899 -0.223487 33.900002 -12.900000 81.300003
-0.022949 -0.036133 -0.972168 -0.014899 0.017028 -0.228808 34.500000 -12.300000 81.300003
-0.035889 -0.040039 -0.989014 -0.017028 0.015963 -0.210716 34.200001 -11.400000 82.199997
-0.022461 -0.029541 -0.977051 -0.019156 0.019156 -0.214973 32.400002 -11.400000 82.199997
-0.036133 -0.034180 -0.976562 -0.018092 0.021284 -0.218166 33.599998 -12.600000 82.800003
-0.024658 -0.035645 -0.979004 -0.017028 0.014899 -0.217102 33.900002 -11.700000 81.900002
-0.016602 -0.037354 -0.987549 -0.015963 0.018092 -0.188368 34.799999 -12.600000 81.599998
-0.020996 -0.041016 -0.975830 -0.017028 0.014899 -0.172404 33.000000 -10.800000 82.199997
-0.030029 -0.035156 -0.971924 -0.017028 0.015963 -0.166019 34.500000 -11.700000 82.500000
-0.026855 -0.022949 -0.981934 -0.013835 0.017028 -0.191560 33.000000 -12.000000 82.199997
-0.015869 -0.037842 -0.979492 -0.015963 0.011706 -0.230937 35.700001 -9.900000 81.900002
-0.021484 -0.028564 -0.976562 -0.019156 0.015963 -0.251157 33.900002 -9.300000 82.500000
-0.026367 -0.032715 -0.979248 -0.017028 0.019156 -0.266056 33.900002 -9.900000 81.900002
-0.019043 -0.032715 -0.965332 -0.018092 0.023413 -0.276698 35.099998 -10.500000 82.500000
-0.024414 -0.040527 -0.969238 -0.015963 0.022349 -0.254350 34.500000 -9.900000 81.900002
-0.028320 -0.044189 -0.962158 -0.013835 0.015963 -0.189432 35.400002 -9.600000 81.599998
-0.027100 -0.043701 -0.986572 -0.018092 0.019156 -0.145799 34.799999 -8.400000 82.800003
-0.018555 -0.035400 -0.972900 -0.015963 0.020220 -0.136221 35.400002 -9.000000 82.199997
-0.024170 -0.030762 -0.985840 -0.012771 0.019156 -0.145799 35.400002 -9.000000 81.599998
-0.023193 -0.027344 -0.980469 -0.022349 0.018092 -0.156441 36.000000 -8.400000 82.199997
-0.021973 -0.046387 -0.975830 -0.015963 0.019156 -0.144735 34.799999 -9.600000 82.800003
-0.018066 -0.032227 -0.972412 -0.015963 0.020220 -0.143670 33.599998 -8.400000 81.599998
-0.020752 -0.022217 -0.983643 -0.023413 0.014899 -0.186239 33.599998 -8.400000 82.800003
-0.015381 -0.029053 -0.977051 -0.017028 0.010642 -0.257542 34.799999 -7.200000 81.599998
-0.028809 -0.030518 -0.994873 -0.017028 0.013835 -0.306497 33.000000 -8.400000 81.599998
-0.024414 -0.043213 -0.983398 -0.020220 0.018092 -0.297983 35.700001 -5.700000 80.699997
-0.013672 -0.023926 -0.988281 -0.018092 0.013835 -0.322460 33.900002 -8.700000 82.500000
-0.006836 -0.028320 -0.974609 -0.017028 0.018092 -0.348001 34.500000 -6.900000 81.900002
-0.005859 -0.014648 -0.981934 -0.015963 0.017028 -0.336295 36.599998 -5.400000 81.599998
-0.027588 -0.052002 -0.981445 -0.015963 0.013835 -0.306497 35.700001 -6.300000 80.699997
-0.011963 -0.046387 -0.976562 -0.017028 0.017028 -0.260735 35.400002 -4.800000 81.599998
-0.015625 -0.045410 -0.971924 -0.018092 0.012771 -0.239450 34.799999 -6.600000 82.199997
-0.019287 -0.033447 -0.984131 -0.011706 0.013835 -0.222423 36.000000 -4.800000 80.400002
-0.018066 -0.039795 -0.991699 -0.012771 0.015963 -0.219230 36.000000 -4.800000 82.199997
-0.014404 -0.029785 -0.975586 -0.020220 0.011706 -0.223487 34.200001 -4.800000 81.599998
-0.005615 -0.013916 -0.968750 -0.018092 0.013835 -0.278827 35.099998 -4.500000 80.699997
-0.025879 -0.031494 -0.981201 -0.019156 0.014899 -0.323524 36.599998 -4.800000 81.599998
-0.019287 -0.026855 -0.966797 -0.022349 0.011706 -0.329910 35.400002 -3.600000 82.199997
-0.006348 -0.028320 -0.988525 -0.015963 0.017028 -0.350130 35.099998 -3.900000 83.099998
-0.024170 -0.043213 -0.974609 -0.019156 0.014899 -0.334166 36.599998 -3.000000 82.199997
-0.020020 -0.042969 -0.984619 -0.021284 0.015963 -0.312882 36.599998 -1.800000 80.400002
-0.030762 -0.041748 -0.974121 -0.014899 0.022349 -0.258606 34.799999 -3.000000 81.000000
-0.008545 -0.046875 -0.973633 -0.020220 0.018092 -0.226680 35.700001 -1.500000 81.300003
-0.019775 -0.053467 -0.960205 -0.022349 0.014899 -0.152184 37.500000 -0.900000 79.500000
-0.020508 -0.069580 -0.980957 -0.017028 0.017028 -0.010642 35.400002 -1.800000 81.599998
-0.019043 -0.067139 -0.965576 -0.011706 0.017028 0.018092 34.500000 -2.100000 80.099998
-0.018066 -0.015625 -0.991211 -0.015963 0.019156 0.028734 35.400002 -3.000000 81.599998
-0.018555 -0.019043 -0.985840 -0.012771 0.021284 0.020220 34.799999 -0.600000 82.199997
-0.015137 -0.030273 -0.977051 -0.014899 0.020220 0.014899 36.599998 -3.000000 81.000000
-0.016846 -0.039551 -0.984375 -0.012771 0.020220 0.013835 35.700001 -0.300000 80.699997
-0.025879 -0.041748 -0.971191 -0.010642 0.023413 0.021284 35.400002 -1.200000 82.199997
-0.015381 -0.028076 -0.980713 -0.014899 0.018092 0.019156 34.200001 -0.600000 81.000000
-0.019775 -0.031006 -0.981201 -0.017028 0.018092 0.018092 35.099998 -1.500000 81.900002
-0.018311 -0.035645 -0.977539 -0.012771 0.021284 0.012771 37.200001 -1.200000 82.800003
-0.017822 -0.034668 -0.977295 -0.012771 0.020220 0.018092 35.700001 -1.500000 80.699997
-0.013428 -0.034424 -0.974609 -0.011706 0.020220 0.018092 35.700001 -2.100000 80.699997
-0.016846 -0.035400 -0.979004 -0.014899 0.019156 0.020220 34.200001 -2.400000 82.199997
-0.015625 -0.032959 -0.976318 -0.014899 0.015963 0.017028 35.099998 -1.500000 81.300003
-0.019531 -0.033691 -0.974609 -0.014899 0.019156 0.017028 35.700001 -2.100000 81.900002
-0.022217 -0.038086 -0.978027 -0.012771 0.020220 0.018092 34.799999 -3.000000 81.599998
-0.016846 -0.037598 -0.973633 -0.018092 0.019156 0.019156 35.700001 -2.100000 81.300003
-0.014404 -0.039795 -0.977051 -0.013835 0.019156 0.022349 35.099998 -2.100000 81.300003
-0.013916 -0.036133 -0.971924 -0.017028 0.023413 0.022349 34.500000 -0.300000 81.300003
-0.017578 -0.038574 -0.975830 -0.015963 0.023413 0.019156 35.099998 -0.300000 82.500000
-0.018799 -0.035645 -0.974609 -0.012771 0.021284 0.019156 34.500000 -2.700000 82.500000
-0.019775 -0.036865 -0.981689 -0.014899 0.021284 0.019156 35.400002 -1.200000 82.800003
-0.018311 -0.034180 -0.978516 -0.013835 0.021284 0.018092 34.799999 -1.800000 82.199997
-0.012939 -0.036865 -0.978760 -0.018092 0.020220 0.021284 36.299999 -0.900000 82.500000
-0.018066 -0.034180 -0.973633 -0.012771 0.020220 0.019156 35.700001 -0.300000 81.900002
-0.016602 -0.034912 -0.977539 -0.017028 0.020220 0.018092 36.599998 -1.800000 80.400002
-0.015381 -0.033936 -0.980713 -0.014899 0.019156 0.018092 34.799999 -2.400000 81.000000
-0.019287 -0.026611 -0.979004 -0.013835 0.021284 0.015963 34.799999 -1.800000 79.800003
-0.014404 -0.037598 -0.983887 -0.012771 0.022349 0.019156 35.099998 -0.900000 82.500000
-0.013672 -0.034668 -0.971924 -0.013835 0.020220 0.015963 36.900002 -0.900000 81.300003
-0.009277 -0.031982 -0.979004 -0.008514 0.020220 0.019156 34.200001 -1.800000 82.199997
-0.021729 -0.035400 -0.976074 -0.017028 0.021284 0.020220 36.000000 -0.600000 81.599998
-0.021240 -0.026611 -0.969482 -0.012771 0.018092 0.021284 35.400002 -2.400000 81.599998
-0.019531 -0.038818 -0.979980 -0.014899 0.023413 0.014899 32.700001 -0.900000 81.900002
-0.023438 -0.034668 -0.984863 -0.017028 0.019156 0.019156 34.500000 -2.700000 82.500000
-0.016357 -0.039062 -0.981201 -0.015963 0.024477 0.019156 33.599998 -1.200000 80.400002
-0.015869 -0.035156 -0.985352 -0.012771 0.021284 0.017028 35.700001 -0.900000 81.900002
-0.018311 -0.043701 -0.973145 -0.010642 0.020220 0.017028 36.299999 -0.300000 81.900002
-0.010498 -0.033936 -0.973633 -0.014899 0.023413 0.019156 34.200001 -1.800000 81.000000
-0.017822 -0.036621 -0.975586 -0.015963 0.019156 0.017028 36.299999 -1.500000 80.699997
-0.014648 -0.038330 -0.971191 -0.014899 0.020220 0.019156 37.500000 -0.900000 80.699997
-0.016113 -0.036133 -0.985840 -0.012771 0.020220 0.019156 35.099998 -1.500000 81.900002
-0.019531 -0.034424 -0.968262 -0.011706 0.017028 0.020220 35.700001 -1.500000 81.300003
-0.016846 -0.033203 -0.979492 -0.015963 0.020220 0.020220 34.500000 -2.100000 83.099998
-0.017090 -0.032227 -0.981445 -0.014899 0.019156 0.019156 35.400002 0.000000 79.800003
