0.000000 0.000000 4701726485777406230528.000000 -0.013835 0.024477 0.017028 9.000000 -34.799999 72.000000
-0.030029 0.010254 -0.977783 -0.012771 0.023413 0.019156 9.300000 -34.500000 71.699997
-0.023926 0.008789 -0.976074 -0.012771 0.025541 0.017028 9.300000 -33.900002 68.699997
-0.026855 0.012695 -0.978516 -0.012771 0.025541 0.020220 9.300000 -34.500000 71.099998
-0.025879 0.011230 -0.969727 -0.013835 0.023413 0.018092 8.700000 -33.299999 70.500000
-0.031006 0.005859 -0.976074 -0.014899 0.025541 0.017028 8.400000 -33.000000 71.400002
-0.027832 0.009521 -0.972656 -0.011706 0.024477 0.015963 9.000000 -33.000000 72.000000
-0.023438 0.008301 -0.985107 -0.013835 0.024477 0.017028 8.700000 -33.900002 72.300003
-0.031494 0.017334 -0.973633 -0.012771 0.023413 0.018092 9.300000 -34.500000 70.500000
-0.029053 0.007812 -0.975098 -0.010642 0.024477 0.021284 10.200000 -30.600000 72.599998
-0.024414 0.014404 -0.967285 -0.012771 0.022349 0.018092 6.900000 -33.299999 71.699997
-0.026611 0.005371 -0.973145 -0.012771 0.023413 0.020220 8.700000 -32.700001 72.300003
-0.027588 0.012207 -0.978760 -0.012771 0.026606 0.020220 9.000000 -32.400002 70.199997
-0.029541 0.008545 -0.974121 -0.014899 0.022349 0.018092 8.400000 -31.799999 70.199997
-0.031006 0.006104 -0.968506 -0.010642 0.026606 0.018092 7.800000 -33.000000 72.000000
-0.031738 0.010742 -0.965332 -0.012771 0.027670 0.019156 7.500000 -35.099998 70.500000
-0.027344 0.012207 -0.975830 -0.014899 0.024477 0.013835 6.600000 -34.799999 72.599998
-0.023193 0.016846 -0.973633 -0.012771 0.024477 0.019156 6.000000 -36.599998 73.199997
-0.030273 0.014893 -0.971436 -0.010642 0.026606 0.017028 6.300000 -35.700001 75.300003
-0.032471 0.014160 -0.974365 -0.013835 0.025541 0.019156 4.500000 -36.299999 77.099998
-0.026367 0.008301 -0.967773 -0.014899 0.026606 0.019156 3.900000 -36.299999 78.300003
-0.028809 0.011475 -0.972656 -0.011706 0.026606 0.019156 2.100000 -35.700001 83.099998
-0.031494 0.007080 -0.976807 -0.012771 0.023413 0.021284 3.600000 -35.400002 83.400002
-0.025635 0.016846 -0.973877 -0.011706 0.023413 0.018092 1.200000 -34.200001 85.199997
-0.024658 0.009521 -0.982910 -0.013835 0.025541 0.017028 -0.600000 -33.599998 86.400002
-0.027832 0.011230 -0.976562 -0.011706 0.023413 0.015963 -2.100000 -30.900000 87.300003
-0.026123 0.012939 -0.969238 -0.011706 0.025541 0.015963 -4.200000 -32.400002 89.400002
-0.028320 0.014893 -0.977539 -0.013835 0.025541 0.014899 -6.600000 -31.799999 91.800003
-0.026855 0.013184 -0.983398 -0.011706 0.026606 0.018092 -8.400000 -31.200001 92.400002
-0.029053 0.006836 -0.984619 -0.011706 0.024477 0.021284 -8.700000 -30.299999 92.699997
-0.028320 0.010742 -0.974609 -0.013835 0.026606 0.017028 -7.500000 -30.299999 93.300003
-0.022705 0.010254 -0.964355 -0.012771 0.026606 0.015963 -8.100000 -29.700001 93.300003
-0.026367 0.016602 -0.979980 -0.013835 0.023413 0.022349 -9.000000 -28.799999 92.400002
-0.025146 0.007324 -0.978760 -0.013835 0.025541 0.019156 -8.700000 -27.299999 93.300003
-0.028564 0.008301 -0.966309 -0.009578 0.024477 0.018092 -8.100000 -27.900000 90.900002
-0.025879 0.010986 -0.970947 -0.017028 0.027670 0.017028 -6.000000 -28.799999 89.400002
-0.030029 0.008301 -0.977295 -0.011706 0.024477 0.018092 -7.500000 -27.299999 89.099998
-0.025879 0.008789 -0.973389 -0.013835 0.025541 0.019156 -7.500000 -26.100000 89.099998
-0.028564 0.015137 -0.969482 -0.015963 0.025541 0.019156 -4.800000 -26.400000 89.400002
-0.030273 0.010498 -0.978760 -0.012771 0.024477 0.020220 -3.300000 -26.100000 92.099998
-0.025635 0.012451 -0.978027 -0.013835 0.027670 0.020220 -6.300000 -24.900000 89.699997
-0.027344 0.010498 -0.972656 -0.012771 0.024477 0.018092 -9.000000 -24.000000 90.000000
-0.029785 0.009766 -0.973877 -0.013835 0.024477 0.018092 -12.600000 -22.799999 93.000000
-0.252686 0.233643 -1.045166 -0.176661 0.085138 -0.044697 -13.200000 -23.400000 93.000000
-0.082520 -0.059814 -0.653320 -0.093652 0.101101 -0.076624 -12.600000 -23.400000 91.800003
-0.129150 -0.101807 -0.851318 -0.045762 0.053211 0.012771 -9.000000 -23.400000 93.599998
0.001221 0.028809 -1.035156 -0.045762 -0.011706 0.028734 -3.900000 -26.100000 89.099998
-0.014404 -0.015625 -1.011963 -0.041505 0.013835 0.018092 -1.800000 -26.400000 90.000000
-0.006104 -0.002441 -1.005859 0.000000 0.002128 0.015963 0.600000 -26.400000 88.199997
-0.023438 -0.009033 -1.024658 -0.019156 0.053211 0.012771 1.800000 -27.600000 87.000000
-0.043701 0.029541 -0.974854 0.004257 0.031927 0.023413 1.800000 -28.200001 86.400002
-0.038818 0.039551 -0.958252 -0.017028 0.032991 0.015963 3.300000 -28.500000 84.300003
-0.030762 0.002930 -0.974365 -0.022349 0.013835 0.014899 4.200000 -31.799999 84.599998
-0.020020 -0.011475 -0.994873 -0.023413 0.023413 0.014899 4.200000 -31.799999 84.599998
-0.030762 0.009033 -0.980225 -0.010642 0.022349 0.022349 2.100000 -32.099998 84.300003
-0.032959 0.019775 -0.973145 -0.014899 0.031927 0.020220 3.000000 -34.799999 82.199997
-0.027832 0.020508 -0.970703 -0.018092 0.024477 0.019156 2.100000 -36.299999 81.900002
-0.027832 -0.001465 -0.980957 -0.013835 0.022349 0.020220 3.300000 -35.700001 79.500000
-0.028320 0.005371 -0.975342 -0.014899 0.022349 0.018092 2.400000 -35.400002 78.000000
-0.027100 0.018799 -0.979736 -0.012771 0.026606 0.018092 2.100000 -35.099998 75.300003
-0.031250 0.011963 -0.973633 -0.010642 0.026606 0.017028 1.200000 -33.599998 73.199997
-0.030762 0.010498 -0.972168 -0.011706 0.026606 0.018092 3.000000 -34.200001 72.000000
-0.028320 0.012451 -0.970703 -0.012771 0.025541 0.021284 5.400000 -32.400002 71.400002
-0.033203 0.014160 -0.981201 -0.015963 0.024477 0.020220 3.000000 -27.600000 70.800003
-0.021484 0.006592 -0.973877 -0.014899 0.025541 0.018092 6.300000 -27.900000 69.300003
-0.026123 0.005371 -0.976074 -0.017028 0.025541 0.018092 7.200000 -22.799999 67.199997
-0.031982 0.014648 -0.976318 -0.015963 0.022349 0.018092 8.400000 -18.000000 67.800003
-0.026611 0.010498 -0.973145 -0.012771 0.024477 0.015963 11.100000 -17.700001 68.099998
-0.024902 0.011719 -0.977539 -0.015963 0.025541 0.019156 9.300000 -18.900000 71.099998
-0.026123 0.011475 -0.978516 -0.015963 0.026606 0.019156 10.200000 -18.000000 68.400002
-0.033447 0.009766 -0.979004 -0.014899 0.024477 0.018092 8.100000 -20.700001 69.900002
-0.027344 0.008057 -0.977783 -0.013835 0.023413 0.021284 9.600000 -22.200001 69.000000
-0.024170 0.012939 -0.970215 -0.017028 0.024477 0.021284 7.200000 -26.400000 68.400002
-0.030762 0.015625 -0.972168 -0.013835 0.025541 0.022349 6.600000 -28.200001 70.199997
-0.033447 0.008057 -0.964844 -0.010642 0.025541 0.021284 5.100000 -27.299999 70.500000
-0.021973 0.012451 -0.968750 -0.013835 0.025541 0.017028 4.500000 -29.100000 71.699997
-0.032471 0.014160 -0.980957 -0.012771 0.026606 0.014899 3.900000 -30.900000 71.699997
-0.026855 0.013428 -0.977051 -0.011706 0.024477 0.018092 5.700000 -32.700001 70.500000
-0.029297 0.010498 -0.970703 -0.014899 0.026606 0.017028 3.900000 -30.900000 71.699997
-0.031250 0.016113 -0.979736 -0.012771 0.027670 0.018092 3.300000 -32.099998 71.099998
-0.026855 0.017334 -0.974121 -0.009578 0.022349 0.014899 5.400000 -30.600000 70.199997
-0.024414 0.012207 -0.975586 -0.014899 0.025541 0.014899 4.200000 -31.200001 69.599998
-0.032471 0.009277 -0.966553 -0.013835 0.025541 0.020220 3.300000 -32.700001 71.699997
-0.029785 0.003662 -0.974609 -0.014899 0.023413 0.017028 3.300000 -33.299999 69.300003
-0.032227 0.011475 -0.972168 -0.010642 0.023413 0.017028 3.000000 -32.400002 70.800003
-0.027832 0.013672 -0.977539 -0.013835 0.024477 0.017028 1.500000 -33.299999 71.699997
-0.030029 0.010498 -0.978027 -0.011706 0.025541 0.019156 2.700000 -33.299999 72.300003
-0.026611 0.007080 -0.967529 -0.014899 0.026606 0.015963 1.800000 -32.400002 73.800003
-0.026367 0.008301 -0.969971 -0.010642 0.026606 0.017028 1.500000 -30.900000 72.900002
-0.025146 0.013672 -0.983887 -0.013835 0.023413 0.020220 1.500000 -30.299999 72.300003
-0.031494 0.011230 -0.977539 -0.015963 0.025541 0.020220 3.300000 -30.299999 72.900002
-0.022705 0.009766 -0.973389 -0.013835 0.024477 0.018092 1.800000 -30.000000 73.800003
-0.024902 0.012695 -0.969482 -0.013835 0.024477 0.019156 0.000000 -31.799999 72.000000
-0.032715 0.009033 -0.975830 -0.013835 0.024477 0.018092 0.900000 -30.299999 73.500000
-0.021973 0.010498 -0.975830 -0.009578 0.023413 0.021284 2.400000 -31.799999 74.400002
-0.026123 0.015869 -0.976807 -0.013835 0.025541 0.020220 0.300000 -29.700001 72.900002
-0.024658 0.009033 -0.979492 -0.015963 0.026606 0.018092 -0.300000 -29.700001 74.699997
-0.022949 0.012207 -0.970459 -0.015963 0.025541 0.019156 1.800000 -30.000000 74.400002
-0.027588 0.010742 -0.965820 -0.013835 0.022349 0.017028 0.300000 -30.299999 72.900002
-0.027832 0.002441 -0.978271 -0.015963 0.026606 0.019156 1.200000 -29.400000 74.400002
-0.027832 0.010742 -0.978760 -0.011706 0.024477 0.020220 0.300000 -29.700001 73.500000
-0.025146 0.014404 -0.977295 -0.013835 0.024477 0.015963 1.200000 -30.600000 72.599998
-0.027344 0.013184 -0.976562 -0.013835 0.024477 0.020220 -1.500000 -32.099998 74.099998
-0.031982 0.009766 -0.979980 -0.014899 0.024477 0.018092 -0.300000 -31.500000 74.699997
-0.030518 0.010986 -0.966553 -0.012771 0.026606 0.015963 -3.600000 -34.799999 75.599998
-0.032227 0.008301 -0.977539 -0.012771 0.022349 0.020220 -6.000000 -39.599998 75.599998
-0.026123 0.015137 -0.978271 -0.012771 0.023413 0.015963 -8.400000 -40.799999 76.800003
-0.024658 0.014893 -0.977539 -0.013835 0.025541 0.017028 -11.400000 -44.400002 77.400002
-0.025391 0.009277 -0.972412 -0.010642 0.025541 0.015963 -11.700000 -47.099998 78.300003
-0.027344 0.012207 -0.973877 -0.014899 0.024477 0.022349 -13.200000 -50.400002 80.400002
-0.022949 0.010498 -0.971191 -0.014899 0.024477 0.019156 -13.200000 -51.599998 80.400002
-0.027588 0.008301 -0.980713 -0.013835 0.025541 0.018092 -15.300000 -53.700001 81.300003
-0.028076 0.011963 -0.966797 -0.014899 0.023413 0.015963 -14.100000 -54.299999 80.099998
-0.028809 0.011719 -0.979004 -0.015963 0.026606 0.019156 -15.000000 -54.599998 80.400002
-0.019531 0.013184 -0.966797 -0.015963 0.027670 0.018092 -17.400000 -55.200001 81.000000
-0.025879 0.010254 -0.973877 -0.018092 0.028734 0.018092 -17.400000 -57.000000 79.199997
-0.020996 0.007568 -0.972656 -0.015963 0.025541 0.015963 -18.900000 -56.700001 80.699997
-0.031494 0.012207 -0.968262 -0.011706 0.026606 0.019156 -21.000000 -58.799999 81.599998
-0.027344 0.012207 -0.977051 -0.009578 0.026606 0.018092 -24.299999 -57.900002 81.900002
-0.026367 0.017334 -0.975098 -0.011706 0.025541 0.019156 -25.500000 -59.099998 81.300003
-0.027832 0.012207 -0.977295 -0.014899 0.024477 0.018092 -26.700001 -57.900002 83.699997
-0.032715 0.006592 -0.970947 -0.015963 0.027670 0.017028 -25.500000 -57.299999 83.099998
-0.027588 0.007812 -0.978760 -0.015963 0.024477 0.018092 -27.299999 -58.500000 82.500000
-0.025879 0.009033 -0.984131 -0.014899 0.022349 0.019156 -28.799999 -58.200001 84.000000
-0.026123 0.011475 -0.970459 -0.013835 0.025541 0.018092 -33.900002 -57.299999 83.699997
-0.033936 0.014893 -0.972168 -0.012771 0.023413 0.019156 -42.299999 -54.299999 84.900002
-0.133789 0.318115 -1.060059 0.316075 0.063853 0.043633 -42.000000 -55.200001 84.000000
0.045410 0.045898 -0.913086 -0.002128 0.084074 -0.004257 -39.000000 -54.599998 84.599998
-0.111084 0.007812 -0.819092 -0.007450 0.052147 0.014899 -35.700001 -53.700001 84.300003
-0.022461 0.047607 -1.025146 0.006385 -0.008514 0.029798 -27.000000 -57.000000 84.000000
-0.034912 -0.028320 -0.974854 -0.060661 0.013835 0.013835 -17.400000 -57.599998 83.400002
0.014648 0.005859 -1.041504 -0.004257 0.018092 0.023413 -13.200000 -55.200001 81.599998
-0.023193 -0.006836 -0.947021 -0.014899 0.051083 0.010642 -6.900000 -52.500000 81.900002
-0.041992 0.028564 -0.968994 -0.015963 0.029798 0.013835 -4.800000 -51.000000 79.800003
-0.019775 -0.007568 -0.980469 -0.017028 0.004257 0.023413 -2.400000 -49.799999 79.800003
-0.021484 0.004883 -0.979004 -0.018092 0.039376 0.019156 0.000000 -47.400002 76.800003
-0.031982 0.020264 -0.956543 -0.005321 0.029798 0.022349 -0.300000 -46.500000 75.900002
-0.028320 0.010254 -0.969727 -0.019156 0.018092 0.017028 0.000000 -46.200001 73.800003
-0.024414 0.009766 -0.982666 -0.013835 0.021284 0.019156 1.200000 -43.799999 72.599998
-0.029541 0.014893 -0.964111 -0.009578 0.029798 0.018092 0.900000 -43.500000 71.099998
-0.027100 0.013184 -0.971191 -0.013835 0.026606 0.021284 0.000000 -43.200001 70.199997
-0.027344 0.010742 -0.975342 -0.014899 0.017028 0.020220 1.500000 -41.099998 69.300003
-0.033936 0.015381 -0.975830 -0.014899 0.025541 0.014899 3.000000 -40.799999 66.000000
-0.024414 0.012451 -0.974854 -0.008514 0.026606 0.019156 3.000000 -37.200001 64.800003
-0.031982 0.010986 -0.975098 -0.011706 0.024477 0.015963 2.400000 -36.599998 64.199997
-0.020996 0.015381 -0.979248 -0.012771 0.022349 0.017028 2.700000 -36.299999 65.699997
-0.028564 0.010498 -0.970215 -0.009578 0.023413 0.022349 4.800000 -36.000000 65.400002
-0.029297 0.017090 -0.971191 -0.015963 0.028734 0.019156 2.400000 -35.400002 64.199997
-0.031494 0.011230 -0.978271 -0.013835 0.024477 0.020220 2.400000 -34.200001 64.199997
-0.032959 0.009521 -0.978027 -0.017028 0.024477 0.020220 2.400000 -32.400002 64.800003
-0.034180 0.013184 -0.976318 -0.011706 0.027670 0.018092 3.600000 -34.200001 63.599998
-0.021240 0.012939 -0.971436 -0.014899 0.024477 0.020220 3.300000 -31.500000 64.500000
-0.025391 0.010986 -0.966797 -0.014899 0.025541 0.017028 2.400000 -31.799999 66.599998
-0.032959 0.006592 -0.968262 -0.012771 0.024477 0.019156 2.700000 -30.900000 65.699997
-0.033203 0.007568 -0.978760 -0.013835 0.024477 0.018092 3.600000 -31.799999 64.199997
-0.025879 0.012939 -0.973877 -0.013835 0.023413 0.022349 3.600000 -31.799999 64.199997
-0.026367 0.013184 -0.961182 -0.015963 0.026606 0.019156 3.600000 -30.600000 64.800003
-0.030273 0.010498 -0.967529 -0.014899 0.026606 0.018092 4.200000 -28.200001 63.599998
-0.033447 0.005615 -0.974365 -0.017028 0.022349 0.018092 6.000000 -28.200001 64.800003
-0.025635 0.014648 -0.972168 -0.014899 0.025541 0.018092 4.200000 -27.600000 65.400002
-0.026611 0.010986 -0.977295 -0.013835 0.024477 0.015963 4.800000 -26.400000 63.599998
-0.025635 0.012695 -0.977051 -0.018092 0.026606 0.017028 5.100000 -26.100000 64.500000
-0.026611 0.004150 -0.983154 -0.012771 0.025541 0.020220 4.500000 -24.900000 63.900002
-0.030273 0.006348 -0.973633 -0.015963 0.024477 0.018092 5.100000 -26.100000 62.700001
-0.032959 0.011230 -0.971191 -0.011706 0.024477 0.018092 6.600000 -25.799999 63.000000
-0.029541 0.010010 -0.976318 -0.017028 0.024477 0.022349 6.000000 -25.799999 63.599998
-0.030273 0.013672 -0.972412 -0.013835 0.022349 0.015963 7.500000 -26.700001 62.700001
-0.025879 0.009521 -0.976807 -0.014899 0.024477 0.019156 5.400000 -26.400000 63.000000
-0.025635 0.008545 -0.964355 -0.013835 0.024477 0.018092 4.800000 -25.200001 62.400002
-0.030273 0.012939 -0.976562 -0.014899 0.025541 0.017028 5.700000 -26.700001 62.700001
-0.030029 0.013428 -0.967773 -0.012771 0.026606 0.019156 6.300000 -25.500000 61.500000
-0.034912 0.016846 -0.976318 -0.012771 0.024477 0.018092 5.700000 -28.500000 60.900002
-0.030762 0.008789 -0.974854 -0.012771 0.027670 0.021284 4.800000 -27.000000 62.400002
-0.027588 0.005859 -0.978271 -0.014899 0.024477 0.017028 6.900000 -27.900000 62.099998
-0.035400 0.006592 -0.986572 -0.014899 0.025541 0.019156 7.500000 -26.100000 62.700001
-0.026611 0.009277 -0.983154 -0.014899 0.025541 0.018092 6.900000 -27.299999 64.500000
-0.027100 0.009521 -0.966553 -0.015963 0.025541 0.018092 8.700000 -26.100000 62.700001
-0.031494 0.013672 -0.976562 -0.012771 0.022349 0.018092 8.100000 -26.700001 63.299999
-0.025146 0.011475 -0.970459 -0.011706 0.026606 0.019156 9.300000 -27.900000 62.099998
-0.024658 0.011963 -0.977539 -0.012771 0.024477 0.018092 9.000000 -25.799999 63.000000
-0.029785 0.009277 -0.978027 -0.015963 0.025541 0.017028 8.400000 -26.400000 62.400002
-0.030273 0.013672 -0.968750 -0.017028 0.021284 0.017028 9.300000 -26.100000 60.900002
-0.026611 0.012695 -0.978760 -0.012771 0.023413 0.019156 10.200000 -27.600000 61.799999
-0.026123 0.010986 -0.971924 -0.013835 0.023413 0.015963 8.700000 -26.100000 62.700001
-0.026367 0.013428 -0.969727 -0.012771 0.026606 0.019156 6.300000 -27.900000 62.700001
-0.032471 0.008545 -0.973633 -0.014899 0.027670 0.023413 7.800000 -28.799999 61.799999
-0.029297 0.010498 -0.976807 -0.013835 0.025541 0.019156 5.700000 -29.100000 62.099998
-0.031982 0.009766 -0.973877 -0.013835 0.023413 0.020220 5.400000 -27.000000 63.000000
-0.030273 0.013916 -0.972656 -0.011706 0.023413 0.018092 6.600000 -27.000000 63.000000
-0.028564 0.011719 -0.968750 -0.012771 0.024477 0.017028 4.500000 -27.900000 63.900002
-0.026367 0.011230 -0.973877 -0.009578 0.024477 0.018092 5.400000 -28.200001 64.800003
-0.018066 0.006348 -0.970703 -0.017028 0.023413 0.017028 6.000000 -27.000000 65.400002
-0.025635 0.013184 -0.975586 -0.010642 0.025541 0.020220 5.400000 -28.799999 64.800003
-0.029297 0.011475 -0.973633 -0.012771 0.028734 0.020220 7.200000 -28.799999 67.800003
-0.028809 0.009033 -0.975830 -0.010642 0.025541 0.019156 9.000000 -28.799999 66.599998
-0.027100 0.010498 -0.968018 -0.017028 0.025541 0.017028 10.800000 -28.200001 69.000000
-0.029785 0.014160 -0.986328 -0.011706 0.026606 0.019156 10.800000 -27.600000 69.000000
-0.026855 0.005371 -0.970703 -0.014899 0.026606 0.017028 11.400000 -27.600000 70.800003
-0.028809 0.012695 -0.978516 -0.014899 0.025541 0.019156 11.400000 -27.000000 71.400002
-0.027832 0.012695 -0.980225 -0.013835 0.024477 0.015963 9.900000 -27.900000 73.500000
-0.020508 0.009033 -0.982666 -0.015963 0.024477 0.020220 9.900000 -28.500000 71.699997
-0.024902 0.016846 -0.973145 -0.012771 0.022349 0.018092 9.600000 -29.400000 73.800003
-0.026611 0.010498 -0.969971 -0.012771 0.022349 0.018092 12.300000 -26.700001 73.500000
-0.026855 0.011963 -0.990479 -0.013835 0.023413 0.019156 10.500000 -27.299999 71.699997
-0.028809 0.003418 -0.978516 -0.011706 0.028734 0.020220 10.500000 -26.700001 72.300003
-0.026367 0.017578 -0.974121 -0.014899 0.025541 0.018092 10.200000 -25.799999 73.199997
-0.023926 0.008301 -0.970215 -0.017028 0.024477 0.019156 10.200000 -25.200001 72.599998
-0.028320 0.013672 -0.976807 -0.011706 0.026606 0.021284 7.500000 -26.100000 71.699997
-0.026367 0.017090 -0.965576 -0.011706 0.024477 0.020220 7.800000 -23.400000 70.199997
-0.023438 0.008301 -0.979004 -0.017028 0.026606 0.019156 6.000000 -23.400000 68.400002
-0.025635 0.015381 -0.967285 -0.014899 0.024477 0.015963 4.200000 -21.000000 67.199997
-0.028076 0.008057 -0.976318 -0.013835 0.027670 0.020220 5.100000 -20.700001 63.299999
-0.023682 0.010010 -0.963379 -0.014899 0.023413 0.021284 7.500000 -21.299999 63.299999
-0.030518 0.012207 -0.973389 -0.012771 0.026606 0.017028 5.400000 -21.600000 62.400002
-0.028320 0.004883 -0.974365 -0.014899 0.027670 0.015963 5.700000 -18.900000 63.299999
-0.029297 0.005371 -0.966553 -0.013835 0.021284 0.017028 4.200000 -23.400000 59.400002
-0.025391 0.011963 -0.976562 -0.010642 0.027670 0.017028 5.700000 -21.299999 59.700001
-0.026855 0.010742 -0.969727 -0.017028 0.026606 0.021284 5.100000 -20.100000 59.099998
-0.024414 0.007324 -0.970215 -0.014899 0.023413 0.015963 5.700000 -20.700001 56.099998
-0.024658 0.006348 -0.972900 -0.015963 0.025541 0.020220 6.000000 -21.600000 55.200001
-0.029541 0.014893 -0.974854 -0.017028 0.026606 0.018092 8.100000 -23.100000 57.900002
-0.029297 0.017578 -0.978516 0.040441 0.035119 -0.001064 10.200000 -27.000000 54.599998
-0.055664 -0.009766 -1.163574 -0.014899 0.009578 0.014899 10.800000 -26.400000 54.000000
-0.022461 -0.068848 -1.014160 -0.035119 0.012771 0.018092 9.600000 -26.400000 54.000000
-0.046875 0.088623 -1.030273 0.001064 0.037248 0.019156 6.900000 -22.500000 55.500000
-0.022461 0.010498 -1.000977 -0.009578 0.026606 0.020220 2.400000 -18.000000 59.400002
-0.028076 0.016357 -0.995117 -0.004257 0.019156 0.024477 4.200000 -16.799999 64.199997
-0.021973 0.011475 -0.984619 -0.020220 0.028734 0.012771 3.900000 -17.700001 67.500000
-0.024170 0.006348 -0.987549 -0.008514 0.025541 0.020220 4.800000 -17.400000 73.199997
-0.030762 0.017090 -0.970947 -0.019156 0.030863 0.020220 6.300000 -18.299999 72.900002
-0.027832 0.010010 -0.974609 -0.013835 0.026606 0.017028 7.200000 -21.000000 75.000000
-0.024902 0.006836 -0.963379 -0.013835 0.022349 0.015963 7.800000 -22.200001 74.400002
-0.025879 0.008301 -0.981445 -0.011706 0.025541 0.017028 7.200000 -21.600000 75.000000
-0.020752 0.004639 -0.981934 -0.017028 0.025541 0.017028 6.900000 -21.900000 75.300003
-0.027832 0.011230 -0.975098 -0.013835 0.025541 0.017028 8.700000 -22.500000 75.900002
-0.028809 0.016846 -0.980713 -0.013835 0.024477 0.021284 8.100000 -23.100000 75.900002
-0.033203 0.016113 -0.964844 -0.013835 0.024477 0.018092 5.400000 -22.799999 74.400002
-0.024902 0.009521 -0.981689 -0.011706 0.024477 0.017028 7.800000 -24.600000 75.000000
-0.029297 0.011475 -0.959229 -0.015963 0.024477 0.018092 8.400000 -24.600000 74.400002
-0.030273 0.010498 -0.972900 -0.017028 0.024477 0.018092 8.700000 -23.100000 73.500000
-0.024170 0.010254 -0.966553 -0.012771 0.025541 0.019156 7.500000 -24.299999 74.699997
-0.026123 0.012695 -0.977051 -0.014899 0.025541 0.014899 9.300000 -24.900000 74.099998
-0.023926 0.010742 -0.976074 -0.014899 0.026606 0.019156 11.100000 -25.500000 74.099998
-0.027100 0.012695 -0.974609 -0.014899 0.025541 0.020220 12.600000 -25.799999 74.400002
-0.026855 0.014893 -0.979248 -0.012771 0.024477 0.018092 11.400000 -27.000000 72.599998
-0.031006 0.012207 -0.974854 -0.017028 0.024477 0.018092 10.200000 -27.600000 73.199997
-0.027100 0.012695 -0.962402 -0.015963 0.027670 0.018092 12.000000 -26.400000 72.599998
-0.027832 0.017578 -0.966064 -0.013835 0.025541 0.018092 12.600000 -28.200001 71.400002
-0.026123 0.006104 -0.973145 -0.012771 0.023413 0.017028 10.800000 -28.200001 71.400002
-0.027832 0.011963 -0.977051 -0.013835 0.025541 0.015963 12.900000 -27.900000 71.699997
-0.029541 0.010010 -0.982910 -0.013835 0.024477 0.018092 10.800000 -29.400000 71.400002
-0.020996 0.017822 -0.979248 -0.013835 0.023413 0.015963 11.400000 -29.400000 70.199997
-0.029541 0.005371 -0.978271 -0.012771 0.024477 0.017028 10.800000 -28.799999 71.400002
-0.026367 0.007324 -0.971924 -0.012771 0.024477 0.018092 11.400000 -27.600000 70.800003
-0.029297 0.011475 -0.970947 -0.014899 0.024477 0.021284 10.200000 -25.200001 66.000000
-0.028809 0.010010 -0.976562 -0.012771 0.026606 0.017028 11.400000 -24.600000 65.400002
-0.025879 0.011963 -0.972412 -0.011706 0.025541 0.020220 10.800000 -16.200001 65.400002
-0.022705 0.009033 -0.970215 -0.012771 0.025541 0.019156 10.500000 -12.300000 69.300003
-0.026855 0.008057 -0.966064 -0.012771 0.026606 0.018092 9.000000 -9.000000 70.199997
-0.030762 0.008545 -0.970703 -0.010642 0.024477 0.021284 7.200000 -7.200000 74.400002
-0.026367 -0.000732 -0.971436 -0.012771 0.022349 0.017028 6.300000 -6.900000 75.900002
-0.034424 0.006348 -0.977051 -0.012771 0.023413 0.017028 5.100000 -5.100000 78.900002
-0.024658 0.011719 -0.970215 -0.015963 0.023413 0.019156 3.900000 -4.500000 80.099998
-0.032227 0.008545 -0.973389 -0.012771 0.027670 0.015963 2.700000 -5.700000 83.099998
-0.024902 0.006348 -0.982666 -0.014899 0.024477 0.018092 3.300000 -9.900000 85.500000
-0.025146 0.013184 -0.977295 -0.015963 0.023413 0.020220 1.200000 -12.000000 85.800003
-0.028076 0.008545 -0.978760 -0.013835 0.024477 0.018092 2.700000 -12.300000 84.300003
-0.031006 0.010010 -0.949219 -0.006385 0.018092 0.019156 2.100000 -12.900000 85.500000
-0.021484 0.005615 -0.964844 -0.014899 0.023413 0.014899 0.000000 -12.600000 85.199997
-0.024170 0.015381 -0.980469 -0.018092 0.024477 0.017028 0.600000 -12.000000 87.599998
-0.031982 0.006836 -0.969238 -0.008514 0.020220 0.024477 0.900000 -11.100000 86.699997
-0.024414 0.015137 -0.964355 -0.018092 0.026606 0.019156 0.000000 -12.000000 86.400002
-0.020508 0.008301 -0.975586 -0.010642 0.021284 0.019156 1.500000 -10.500000 89.699997
-0.024658 0.003906 -0.966797 -0.014899 0.023413 0.018092 1.200000 -9.000000 88.199997
-0.025391 0.012695 -0.976807 -0.013835 0.024477 0.014899 -0.600000 -9.600000 88.800003
-0.029053 0.005859 -0.970703 -0.011706 0.026606 0.020220 0.600000 -7.200000 88.800003
-0.033203 0.016357 -0.966797 -0.013835 0.025541 0.018092 0.000000 -9.000000 88.199997
-0.034424 0.006836 -0.968750 -0.014899 0.022349 0.018092 0.300000 -8.700000 89.099998
-0.029297 0.015137 -0.969238 -0.015963 0.027670 0.014899 0.300000 -8.700000 88.500000
-0.037354 0.007812 -0.991699 -0.015963 0.025541 0.019156 0.300000 -8.100000 89.699997
-0.033936 0.010498 -0.967041 -0.011706 0.026606 0.019156 -1.800000 -9.000000 90.000000
-0.029053 0.011475 -0.972900 -0.017028 0.025541 0.020220 -1.200000 -8.400000 91.199997
-0.021973 0.011475 -0.973633 -0.012771 0.024477 0.020220 -1.500000 -11.100000 89.099998
-0.032959 0.015381 -0.968262 -0.011706 0.023413 0.019156 -0.900000 -10.500000 89.099998
-0.030518 0.004395 -0.981445 -0.014899 0.026606 0.015963 0.000000 -9.600000 90.000000
-0.027100 0.005615 -0.977783 -0.013835 0.025541 0.020220 -2.700000 -11.100000 87.300003
-0.032471 0.006104 -0.974854 -0.011706 0.021284 0.019156 -1.500000 -9.900000 88.500000
-0.030273 0.009033 -0.976318 -0.017028 0.023413 0.017028 -2.400000 -11.400000 88.199997
-0.030029 0.013672 -0.973633 -0.013835 0.026606 0.021284 -1.200000 -10.800000 87.599998
-0.023682 0.010254 -0.965820 -0.014899 0.024477 0.015963 -0.900000 -9.900000 88.500000
-0.027100 0.019531 -0.987061 -0.014899 0.023413 0.021284 -1.500000 -11.100000 89.099998
-0.022705 0.008301 -0.971924 -0.013835 0.026606 0.020220 -0.600000 -12.000000 87.000000
-0.026855 0.007080 -0.975342 -0.013835 0.022349 0.018092 -0.600000 -14.400000 87.599998
-0.029785 0.015869 -0.968262 -0.012771 0.025541 0.019156 -0.900000 -14.700000 87.300003
-0.027100 0.011230 -0.973145 -0.011706 0.023413 0.019156 0.000000 -14.400000 87.000000
-0.033203 0.005371 -0.976807 -0.011706 0.023413 0.015963 -0.600000 -15.600000 85.199997
-0.030273 0.011963 -0.972656 -0.011706 0.027670 0.017028 1.500000 -15.900000 85.500000
-0.026855 0.013428 -0.971436 -0.013835 0.024477 0.017028 0.000000 -16.799999 84.599998
-0.030518 0.008545 -0.976318 -0.019156 0.024477 0.020220 -0.600000 -17.400000 84.000000
-0.032715 0.006348 -0.980469 -0.012771 0.024477 0.017028 -2.400000 -16.799999 83.400002
