0.000000 0.000000 279495916619786566148030464.000000 -0.010642 0.023413 0.018092 3.900000 -36.299999 9.900000
0.055176 0.968262 0.158447 -0.013835 0.023413 0.017028 4.800000 -36.000000 9.600000
0.049072 0.976074 0.166504 -0.012771 0.022349 0.018092 5.400000 -36.000000 10.200000
0.053223 0.975098 0.166992 -0.012771 0.023413 0.022349 3.900000 -36.299999 9.900000
0.049805 0.975098 0.153809 -0.012771 0.023413 0.017028 6.300000 -36.900002 9.900000
0.054443 0.981201 0.164795 -0.015963 0.024477 0.020220 5.400000 -36.599998 9.000000
0.051758 0.982910 0.165527 -0.011706 0.022349 0.019156 5.100000 -36.299999 9.300000
0.051270 0.969727 0.163818 -0.012771 0.021284 0.019156 4.800000 -35.400002 9.600000
0.054932 0.977783 0.157959 -0.013835 0.024477 0.020220 5.700000 -35.700001 10.500000
0.055908 0.977539 0.156006 -0.013835 0.023413 0.017028 5.400000 -35.400002 10.200000
0.051758 0.973145 0.156982 -0.014899 0.022349 0.019156 5.100000 -36.299999 9.900000
0.048584 0.974854 0.162109 -0.013835 0.023413 0.020220 5.700000 -35.700001 9.900000
0.058105 0.971191 0.152588 -0.014899 0.023413 0.019156 6.000000 -36.000000 9.600000
0.050293 0.970703 0.164795 -0.015963 0.023413 0.022349 7.200000 -36.599998 10.200000
0.052490 0.976318 0.171875 -0.013835 0.024477 0.017028 4.500000 -36.299999 8.700000
0.052002 0.969971 0.161133 -0.014899 0.022349 0.019156 6.000000 -35.400002 12.000000
0.053955 0.975098 0.162354 -0.010642 0.024477 0.021284 5.400000 -35.400002 10.200000
0.053467 0.972412 0.153564 -0.013835 0.022349 0.017028 4.800000 -34.799999 10.200000
0.051758 0.969238 0.158691 -0.013835 0.025541 0.017028 4.500000 -36.299999 9.900000
0.057373 0.974609 0.163574 -0.012771 0.023413 0.019156 5.400000 -35.400002 9.600000
0.055908 0.967285 0.161133 -0.019156 0.020220 0.021284 4.800000 -37.200001 10.200000
0.052734 0.974854 0.165771 -0.012771 0.025541 0.017028 4.200000 -36.599998 10.200000
0.051025 0.975830 0.160889 -0.013835 0.022349 0.017028 4.200000 -36.000000 10.200000
0.050049 0.976074 0.160645 -0.014899 0.025541 0.020220 5.100000 -34.500000 9.900000
0.061768 0.972656 0.161865 -0.013835 0.024477 0.020220 6.000000 -35.400002 10.200000
0.056641 0.976562 0.162109 -0.017028 0.022349 0.017028 4.200000 -35.400002 9.600000
0.055664 0.976074 0.166504 -0.013835 0.023413 0.014899 6.900000 -36.299999 10.500000
0.052979 0.970703 0.174316 -0.014899 0.021284 0.018092 4.800000 -36.599998 10.800000
0.053467 0.975830 0.167969 -0.015963 0.022349 0.017028 5.100000 -36.299999 9.900000
0.047119 0.977051 0.164062 -0.014899 0.022349 0.020220 6.000000 -36.599998 11.400000
0.051758 0.973877 0.159668 -0.013835 0.021284 0.019156 5.400000 -36.599998 11.400000
0.051514 0.971680 0.160400 -0.011706 0.023413 0.015963 5.100000 -35.700001 9.300000
0.050293 0.974121 0.169678 -0.011706 0.024477 0.017028 5.400000 -36.599998 9.000000
0.054932 0.970459 0.163574 -0.012771 0.021284 0.018092 4.800000 -36.000000 10.200000
0.053467 0.982910 0.155518 -0.014899 0.021284 0.019156 6.000000 -36.000000 9.600000
0.056641 0.968262 0.166992 -0.018092 0.021284 0.018092 5.700000 -35.700001 10.500000
0.058594 0.974609 0.160156 -0.012771 0.022349 0.017028 4.200000 -35.400002 11.400000
0.052246 0.972656 0.160400 -0.011706 0.023413 0.019156 5.700000 -36.299999 9.900000
0.056885 0.979736 0.165527 -0.013835 0.026606 0.017028 5.700000 -35.099998 9.900000
0.056885 0.971924 0.152588 -0.012771 0.025541 0.020220 3.900000 -36.900002 9.900000
0.051025 0.978027 0.161133 -0.014899 0.025541 0.018092 4.800000 -36.000000 10.800000
0.053955 0.975830 0.165527 -0.011706 0.022349 0.020220 4.800000 -36.599998 9.000000
0.053955 0.977051 0.163818 -0.014899 0.024477 0.014899 4.500000 -34.500000 8.700000
0.053223 0.974365 0.154297 -0.012771 0.023413 0.019156 4.800000 -36.000000 10.200000
-0.056152 0.936035 0.366943 -0.011706 0.035119 0.025541 4.200000 -37.200001 9.000000
-0.016602 0.967773 0.293213 -0.014899 0.014899 0.018092 5.100000 -35.700001 10.500000
-0.005615 0.959717 0.316162 -0.012771 0.023413 0.019156 3.900000 -36.299999 8.700000
-0.008789 0.944092 0.317871 -0.013835 0.045762 0.023413 5.100000 -36.299999 9.900000
-0.033447 0.961182 0.363037 -0.010642 0.117065 0.034055 4.800000 -34.799999 9.600000
-0.039795 0.959717 0.337158 -0.006385 0.157505 0.038312 5.100000 -35.099998 10.500000
-0.036133 0.967773 0.305908 -0.007450 0.154313 0.031927 5.100000 -35.099998 11.100000
-0.045654 0.963623 0.334961 -0.012771 0.171340 0.041505 4.200000 -34.799999 10.800000
0.003906 0.961670 0.277344 -0.034055 0.102166 0.029798 4.200000 -33.599998 9.600000
-0.027832 0.949219 0.326416 -0.014899 0.067046 0.022349 4.500000 -33.900002 11.100000
-0.074463 0.962891 0.297607 -0.017028 0.056404 0.020220 3.300000 -32.700001 10.500000
-0.013916 0.965576 0.293213 -0.011706 0.024477 0.020220 2.700000 -32.700001 10.500000
0.010254 0.950928 0.279541 -0.020220 -0.037248 0.005321 1.200000 -31.200001 11.400000
0.044434 0.947266 0.270996 -0.031927 -0.068110 0.004257 0.900000 -31.500000 12.900000
0.026611 0.967285 0.218994 -0.013835 -0.021284 0.015963 2.100000 -31.500000 12.900000
0.001953 0.927490 0.191406 -0.022349 -0.035119 0.011706 -0.600000 -31.200001 14.400000
0.068115 0.984863 0.120361 -0.014899 -0.038312 0.006385 -1.800000 -32.400002 13.800000
0.099854 0.952148 0.016357 -0.005321 -0.034055 0.015963 -4.200000 -31.200001 15.000000
0.084961 0.990479 -0.015625 -0.018092 0.009578 0.015963 -5.100000 -32.099998 17.700001
0.149414 1.002197 -0.015869 -0.020220 -0.006385 0.008514 -9.000000 -34.200001 17.400000
0.218750 1.009766 -0.061279 -0.024477 -0.079817 0.004257 -8.100000 -35.700001 17.700001
0.192383 1.000488 -0.049316 -0.014899 -0.051083 -0.001064 -12.900000 -37.500000 19.500000
0.174561 0.988281 -0.055908 -0.013835 -0.021284 0.011706 -14.100000 -39.900002 17.700001
0.152832 0.998047 -0.063721 -0.010642 0.039376 0.023413 -15.600000 -42.000000 19.799999
0.182617 1.006348 -0.080078 -0.010642 0.119193 0.031927 -16.200001 -42.000000 19.799999
0.161621 1.000000 -0.054199 -0.005321 0.134092 0.029798 -16.200001 -43.799999 18.600000
0.163818 0.990723 0.034912 -0.015963 0.024477 0.008514 -17.100000 -44.700001 18.900000
0.051270 0.970459 0.153076 -0.014899 0.022349 0.024477 -15.000000 -43.799999 18.600000
0.048096 0.980225 0.169678 -0.018092 0.026606 0.020220 -17.100000 -43.500000 18.299999
0.044922 0.975098 0.160400 -0.015963 0.024477 0.021284 -16.799999 -44.400002 18.600000
0.053223 0.974365 0.162842 -0.011706 0.023413 0.017028 -16.200001 -44.400002 18.600000
0.053223 0.975342 0.167969 -0.015963 0.023413 0.020220 -14.100000 -44.099998 18.900000
0.053711 0.974121 0.168701 -0.012771 0.023413 0.020220 -15.000000 -43.799999 19.799999
0.052734 0.967773 0.161865 -0.013835 0.023413 0.017028 -15.000000 -42.599998 17.400000
0.053955 0.970703 0.172852 -0.015963 0.022349 0.019156 -15.900000 -43.500000 18.299999
0.052734 0.981689 0.166504 -0.012771 0.023413 0.020220 -15.600000 -42.599998 17.400000
0.045654 0.977051 0.172363 -0.014899 0.022349 0.020220 -16.200001 -44.400002 19.200001
0.049072 0.980469 0.158691 -0.012771 0.022349 0.021284 -16.500000 -42.900002 17.100000
0.048096 0.969971 0.162598 -0.010642 0.023413 0.018092 -15.900000 -41.700001 17.700001
0.046387 0.969482 0.164551 -0.013835 0.024477 0.017028 -16.799999 -42.000000 18.600000
0.046387 0.974365 0.158447 -0.010642 0.025541 0.018092 -15.600000 -43.799999 19.799999
0.052002 0.969238 0.169189 -0.013835 0.021284 0.019156 -15.000000 -43.200001 17.400000
0.045410 0.970703 0.160400 -0.013835 0.022349 0.021284 -15.600000 -45.599998 18.000000
0.054443 0.977295 0.157959 -0.013835 0.022349 0.019156 -16.200001 -45.000000 18.600000
0.045654 0.973633 0.154297 -0.011706 0.022349 0.018092 -15.000000 -44.400002 18.600000
0.051758 0.972656 0.162109 -0.015963 0.023413 0.019156 -16.799999 -43.799999 19.200001
0.047852 0.972900 0.164795 -0.013835 0.022349 0.018092 -15.600000 -43.799999 18.600000
0.054932 0.977051 0.156494 -0.014899 0.021284 0.020220 -15.600000 -43.799999 17.400000
0.048584 0.973145 0.163574 -0.012771 0.020220 0.018092 -14.400000 -42.599998 19.200001
0.047363 0.969727 0.161865 -0.017028 0.025541 0.019156 -15.600000 -44.400002 17.400000
0.046875 0.973877 0.154541 -0.015963 0.024477 0.019156 -17.100000 -42.900002 19.500000
0.049072 0.975098 0.162598 -0.015963 0.025541 0.017028 -15.600000 -45.000000 18.000000
0.052490 0.979248 0.163330 -0.012771 0.020220 0.020220 -14.700000 -43.500000 19.500000
0.054688 0.973633 0.169678 -0.012771 0.021284 0.018092 -16.200001 -45.000000 18.600000
0.053223 0.970947 0.168945 -0.013835 0.023413 0.014899 -16.799999 -42.000000 18.600000
0.048096 0.974365 0.170166 -0.010642 0.023413 0.018092 -16.200001 -42.000000 18.000000
0.051514 0.981201 0.154053 -0.014899 0.025541 0.019156 -14.400000 -44.400002 18.000000
0.053223 0.973877 0.164795 -0.013835 0.021284 0.015963 -16.500000 -42.900002 18.299999
0.053955 0.970215 0.162109 -0.015963 0.023413 0.019156 -16.500000 -42.900002 18.299999
0.049072 0.977539 0.167236 -0.017028 0.023413 0.019156 -17.100000 -42.900002 18.900000
0.047852 0.970703 0.169434 -0.012771 0.027670 0.019156 -18.000000 -44.400002 18.000000
0.054443 0.974854 0.160889 -0.012771 0.024477 0.019156 -16.200001 -43.799999 17.400000
0.047607 0.975830 0.162598 -0.011706 0.025541 0.021284 -15.300000 -42.900002 19.500000
0.049561 0.975830 0.167725 -0.013835 0.021284 0.022349 -15.000000 -42.000000 16.799999
0.053223 0.968994 0.156982 -0.012771 0.022349 0.020220 -15.300000 -42.900002 18.299999
0.053467 0.973633 0.167725 -0.012771 0.022349 0.020220 -15.900000 -44.700001 20.100000
0.048828 0.976074 0.153809 -0.013835 0.020220 0.017028 -14.700000 -43.500000 18.299999
0.049072 0.973877 0.165527 -0.011706 0.023413 0.018092 -15.000000 -42.599998 18.000000
0.052246 0.976562 0.170166 -0.011706 0.022349 0.020220 -15.600000 -42.599998 19.200001
0.053223 0.975586 0.168701 -0.013835 0.023413 0.015963 -18.000000 -42.599998 18.000000
0.049805 0.976318 0.160889 -0.011706 0.022349 0.021284 -14.700000 -43.500000 18.900000
0.046387 0.969482 0.155273 -0.017028 0.022349 0.022349 -15.900000 -44.700001 16.500000
0.051270 0.974365 0.169189 -0.011706 0.024477 0.020220 -15.900000 -44.099998 18.900000
0.053955 0.977539 0.167969 -0.014899 0.022349 0.015963 -14.100000 -44.700001 18.900000
0.055664 0.976562 0.164795 -0.013835 0.024477 0.017028 -16.200001 -43.200001 18.600000
0.052002 0.977539 0.153809 -0.013835 0.027670 0.019156 -15.600000 -42.000000 19.799999
0.049805 0.975586 0.169434 -0.010642 0.023413 0.020220 -15.600000 -42.599998 17.400000
0.053467 0.981445 0.162354 -0.015963 0.023413 0.015963 -16.200001 -41.400002 18.600000
0.049561 0.966797 0.160889 -0.013835 0.024477 0.018092 -15.000000 -45.000000 18.600000
0.057129 0.970947 0.167480 -0.013835 0.021284 0.021284 -15.600000 -43.799999 19.200001
0.053223 0.972900 0.171143 -0.013835 0.025541 0.020220 -16.200001 -44.400002 19.200001
0.058838 0.977051 0.163330 -0.013835 0.024477 0.017028 -15.900000 -42.900002 19.500000
0.051025 0.972168 0.169189 -0.011706 0.022349 0.020220 -15.600000 -43.200001 17.400000
0.052246 0.977051 0.166504 -0.017028 0.023413 0.019156 -16.500000 -43.500000 18.900000
0.043457 0.970703 0.158203 -0.012771 0.024477 0.019156 -17.400000 -42.000000 18.000000
0.046387 0.981201 0.169189 -0.017028 0.023413 0.015963 -17.100000 -43.500000 17.100000
0.050293 0.975342 0.159180 -0.010642 0.022349 0.019156 -17.700001 -43.500000 18.299999
0.046631 0.970703 0.165527 -0.010642 0.022349 0.019156 -14.700000 -42.900002 15.900000
0.048828 0.970703 0.154053 -0.012771 0.021284 0.019156 -16.799999 -45.000000 19.200001
0.050781 0.974609 0.164551 -0.012771 0.024477 0.021284 -13.800000 -43.200001 18.600000
0.050293 0.971191 0.162842 -0.011706 0.024477 0.020220 -15.900000 -43.500000 17.100000
0.045166 0.977295 0.166748 -0.012771 0.021284 0.021284 -15.300000 -44.099998 18.900000
0.050537 0.973145 0.154785 -0.009578 0.021284 0.018092 -16.200001 -45.000000 17.400000
0.054443 0.979248 0.171875 -0.015963 0.023413 0.018092 -15.300000 -42.900002 17.700001
0.050781 0.976318 0.161133 -0.012771 0.022349 0.019156 -15.300000 -44.099998 18.900000
0.048584 0.973389 0.150391 -0.014899 0.023413 0.019156 -14.700000 -43.500000 19.500000
0.049316 0.965088 0.159180 -0.015963 0.021284 0.018092 -17.400000 -43.200001 18.000000
0.050781 0.974609 0.171631 -0.011706 0.021284 0.019156 -16.500000 -43.500000 17.700001
0.049561 0.975342 0.164551 -0.010642 0.022349 0.020220 -16.200001 -45.000000 18.000000
0.047852 0.977539 0.160889 -0.014899 0.021284 0.019156 -15.300000 -41.700001 18.299999
0.054932 0.974854 0.170898 -0.012771 0.024477 0.023413 -16.200001 -42.599998 18.600000
0.054443 0.978760 0.160400 -0.011706 0.023413 0.017028 -14.700000 -43.500000 19.500000
0.048828 0.977051 0.173828 -0.010642 0.023413 0.018092 -15.600000 -43.799999 19.200001
0.053223 0.977051 0.164795 -0.012771 0.024477 0.021284 -16.799999 -42.599998 18.000000
0.045654 0.969238 0.172363 -0.017028 0.022349 0.019156 -15.300000 -44.099998 18.900000
0.043457 0.972900 0.165283 -0.010642 0.023413 0.022349 -16.500000 -43.500000 18.299999
0.042969 0.972168 0.160156 -0.014899 0.024477 0.017028 -15.900000 -43.500000 17.100000
0.049561 0.976807 0.167236 -0.012771 0.024477 0.017028 -16.200001 -43.799999 19.200001
0.054932 0.977051 0.160156 -0.013835 0.020220 0.019156 -15.300000 -42.299999 17.700001
0.048828 0.975098 0.167236 -0.017028 0.022349 0.019156 -15.600000 -43.799999 20.400000
0.054199 0.976807 0.164551 -0.017028 0.024477 0.020220 -15.000000 -44.400002 18.000000
0.048340 0.968994 0.169922 -0.010642 0.022349 0.017028 -15.000000 -43.200001 18.600000
0.053223 0.970459 0.156982 -0.014899 0.023413 0.017028 -15.600000 -42.000000 17.400000
0.049561 0.975098 0.168213 -0.017028 0.024477 0.020220 -16.799999 -42.599998 18.000000
0.051514 0.972900 0.168457 -0.011706 0.025541 0.018092 -16.500000 -43.500000 17.100000
0.055664 0.967773 0.164062 -0.014899 0.023413 0.015963 -16.500000 -41.700001 17.700001
0.044678 0.971191 0.158936 -0.013835 0.024477 0.015963 -16.799999 -44.400002 16.799999
0.054199 0.977539 0.162354 -0.013835 0.021284 0.018092 -16.500000 -42.299999 17.100000
0.051758 0.971191 0.166260 -0.015963 0.025541 0.017028 -16.500000 -42.900002 18.900000
0.050781 0.973389 0.159424 -0.011706 0.021284 0.018092 -15.000000 -42.000000 17.400000
0.053467 0.976318 0.163818 -0.011706 0.023413 0.021284 -18.000000 -45.000000 19.200001
0.039307 0.967529 0.161621 -0.010642 0.020220 0.019156 -17.100000 -43.500000 17.700001
0.042236 0.971436 0.162109 -0.014899 0.024477 0.018092 -16.200001 -43.799999 17.400000
0.044922 0.971436 0.166260 -0.014899 0.023413 0.023413 -15.900000 -43.500000 17.700001
0.053955 0.977051 0.152588 -0.012771 0.024477 0.020220 -14.700000 -44.099998 17.100000
0.042236 0.968750 0.160400 -0.014899 0.024477 0.019156 -16.200001 -45.000000 17.400000
0.052979 0.975098 0.162109 -0.007450 0.021284 0.018092 -17.100000 -43.500000 16.500000
0.050293 0.972656 0.169678 -0.013835 0.022349 0.019156 -16.200001 -43.200001 19.799999
0.051025 0.975830 0.165527 -0.014899 0.019156 0.018092 -16.200001 -44.400002 19.200001
0.121338 0.980957 0.016602 -0.009578 0.090459 0.024477 -16.200001 -45.000000 18.600000
0.100342 0.976074 0.115234 -0.003193 0.180918 0.044697 -16.500000 -42.900002 17.700001
0.119141 0.988037 0.018066 -0.009578 0.197946 0.040441 -16.200001 -42.000000 19.200001
0.128174 0.987305 0.019043 -0.007450 0.151120 0.038312 -14.400000 -40.799999 18.000000
0.162354 0.998779 -0.046631 -0.008514 0.067046 0.020220 -13.500000 -39.299999 18.299999
0.172363 0.995605 -0.063721 -0.020220 -0.017028 0.020220 -10.500000 -39.299999 18.299999
0.278809 1.005371 -0.142578 -0.017028 0.027670 0.019156 -9.300000 -36.900002 18.900000
0.163086 0.971191 -0.138184 -0.017028 -0.052147 0.012771 -8.400000 -34.200001 16.799999
0.142090 0.992676 -0.062744 -0.024477 -0.084074 0.004257 -6.300000 -33.299999 17.100000
0.150635 0.964600 -0.041504 -0.015963 -0.174533 -0.011706 -2.400000 -31.200001 16.200001
0.106445 0.973877 -0.016357 -0.022349 -0.185175 -0.004257 -1.200000 -31.799999 14.400000
0.110596 0.992920 0.041504 -0.005321 -0.172404 -0.006385 -1.200000 -31.200001 12.600000
0.089600 0.964844 0.100586 0.001064 -0.156441 0.007450 0.900000 -30.900000 10.500000
0.076660 1.014893 0.176270 -0.018092 -0.155377 0.008514 1.800000 -31.799999 12.600000
0.029297 0.960693 0.276611 -0.006385 -0.128771 -0.004257 1.800000 -31.799999 12.000000
-0.057617 0.926758 0.411377 -0.008514 -0.084074 0.013835 1.200000 -34.200001 9.600000
-0.100586 0.949707 0.491699 -0.011706 -0.026606 0.022349 2.700000 -33.900002 9.900000
-0.135010 0.915527 0.433105 -0.005321 0.040441 0.035119 3.600000 -34.799999 10.800000
-0.114502 0.947510 0.450195 -0.002128 0.050019 0.037248 3.600000 -34.799999 10.800000
-0.107666 0.941650 0.481201 -0.015963 0.048954 0.028734 3.300000 -35.700001 9.900000
-0.082520 0.918945 0.466064 -0.011706 0.056404 0.026606 2.100000 -36.900002 8.700000
-0.093506 0.931885 0.421143 -0.009578 0.032991 0.019156 3.600000 -36.000000 9.600000
-0.031006 0.944824 0.333252 -0.015963 0.017028 0.022349 5.400000 -35.400002 10.200000
0.052002 0.975342 0.158691 -0.011706 0.019156 0.019156 2.700000 -36.299999 8.100000
0.054932 0.977783 0.153809 -0.011706 0.022349 0.020220 4.500000 -35.700001 10.500000
0.056396 0.980957 0.151855 -0.013835 0.022349 0.019156 5.400000 -34.200001 11.400000
0.047363 0.975830 0.161133 -0.014899 0.024477 0.017028 3.900000 -35.099998 11.700000
0.052246 0.977295 0.168213 -0.012771 0.025541 0.020220 5.400000 -35.400002 9.600000
0.051025 0.974609 0.162842 -0.017028 0.023413 0.020220 4.200000 -34.200001 10.800000
0.052002 0.975830 0.159424 -0.010642 0.023413 0.019156 4.800000 -35.400002 8.400000
0.047363 0.978027 0.158936 -0.011706 0.022349 0.020220 4.800000 -34.799999 12.000000
0.058594 0.974854 0.160400 -0.012771 0.023413 0.017028 4.500000 -34.500000 10.500000
0.046143 0.976074 0.159424 -0.014899 0.021284 0.019156 5.100000 -34.500000 9.300000
0.078857 0.964111 0.119141 -0.015963 0.020220 0.018092 5.100000 -35.099998 9.300000
0.057373 0.973633 0.177246 -0.013835 0.023413 0.021284 4.800000 -33.599998 10.200000
0.026611 0.990479 0.178955 -0.013835 0.022349 0.018092 4.200000 -35.400002 9.600000
0.055908 0.979248 0.172607 -0.013835 0.023413 0.019156 3.300000 -35.700001 8.700000
0.050537 0.971924 0.158691 -0.017028 0.025541 0.018092 5.400000 -36.000000 10.200000
0.054443 0.965332 0.154541 -0.013835 0.025541 0.015963 3.900000 -34.500000 9.900000
0.051758 0.970703 0.169434 -0.013835 0.025541 0.022349 4.200000 -35.400002 10.200000
0.050537 0.968506 0.168457 -0.011706 0.021284 0.020220 3.900000 -35.099998 9.900000
0.057373 0.972168 0.156982 -0.014899 0.026606 0.019156 5.100000 -35.700001 9.300000
0.047852 0.973633 0.164062 -0.014899 0.020220 0.020220 2.700000 -35.700001 9.300000
0.054443 0.971436 0.159912 -0.017028 0.023413 0.021284 3.900000 -34.500000 9.900000
0.051270 0.975098 0.164795 -0.015963 0.021284 0.019156 5.400000 -36.000000 9.600000
0.054932 0.975830 0.161865 -0.013835 0.024477 0.018092 5.100000 -34.500000 10.500000
0.056641 0.977051 0.173340 -0.013835 0.022349 0.019156 3.300000 -35.700001 9.900000
0.051514 0.971191 0.160889 -0.014899 0.022349 0.019156 5.100000 -34.500000 9.300000
0.053711 0.978760 0.159424 -0.013835 0.023413 0.022349 4.200000 -35.400002 9.600000
0.053955 0.972168 0.161133 -0.015963 0.022349 0.018092 3.000000 -33.000000 8.400000
0.051758 0.970459 0.165039 -0.012771 0.021284 0.015963 4.500000 -35.700001 9.900000
0.049805 0.979736 0.163574 -0.010642 0.024477 0.021284 4.500000 -36.299999 9.300000
0.045898 0.980469 0.166260 -0.015963 0.022349 0.019156 4.800000 -34.799999 10.200000
0.054199 0.971924 0.156494 -0.014899 0.021284 0.020220 5.100000 -35.700001 11.700000
0.047607 0.975586 0.160645 -0.014899 0.022349 0.015963 3.900000 -36.299999 10.500000
0.049561 0.974609 0.163086 -0.010642 0.024477 0.019156 5.700000 -35.099998 10.500000
0.050537 0.974854 0.168213 -0.011706 0.024477 0.021284 4.500000 -35.099998 9.300000
0.050293 0.979492 0.162598 -0.014899 0.023413 0.018092 3.600000 -35.400002 10.200000
0.056885 0.973145 0.151611 -0.013835 0.020220 0.015963 2.700000 -35.700001 9.300000
0.054199 0.972412 0.166016 -0.012771 0.024477 0.021284 3.900000 -35.700001 9.900000
0.050293 0.972656 0.163574 -0.014899 0.024477 0.019156 3.600000 -34.799999 10.200000
0.048340 0.977051 0.159424 -0.010642 0.022349 0.018092 3.000000 -35.400002 9.600000
0.048828 0.967285 0.171631 -0.012771 0.021284 0.015963 4.500000 -35.700001 9.900000
0.052490 0.977539 0.166260 -0.013835 0.023413 0.020220 4.200000 -36.599998 9.600000
0.055420 0.979248 0.168213 -0.015963 0.024477 0.020220 3.900000 -34.500000 9.300000
0.052246 0.980713 0.158936 -0.014899 0.024477 0.022349 4.200000 -35.400002 12.000000
0.058594 0.973633 0.165283 -0.012771 0.026606 0.018092 5.100000 -35.700001 8.700000
0.054932 0.978027 0.170166 -0.011706 0.022349 0.020220 3.600000 -35.400002 9.600000
0.056152 0.966553 0.166504 -0.014899 0.022349 0.019156 3.600000 -35.400002 10.200000
0.049805 0.977051 0.160645 -0.014899 0.021284 0.019156 3.000000 -35.400002 10.200000
0.053955 0.976562 0.161621 -0.009578 0.026606 0.021284 4.200000 -36.000000 9.600000
0.050781 0.976074 0.163086 -0.015963 0.023413 0.018092 5.400000 -34.799999 9.600000
0.053711 0.971680 0.163086 -0.012771 0.025541 0.018092 4.500000 -36.299999 11.100000
0.045410 0.974365 0.167236 -0.012771 0.020220 0.020220 4.200000 -35.400002 10.200000
0.056885 0.971924 0.154053 -0.014899 0.024477 0.017028 3.300000 -35.099998 9.900000
0.053223 0.974365 0.160645 -0.009578 0.020220 0.018092 5.400000 -36.000000 11.400000
0.048828 0.972900 0.155273 -0.015963 0.021284 0.020220 4.500000 -34.500000 10.500000
0.051025 0.972168 0.165283 -0.014899 0.022349 0.020220 3.600000 -34.200001 9.000000
0.055664 0.979004 0.166504 -0.011706 0.025541 0.019156 3.300000 -35.700001 8.700000
0.053467 0.977051 0.168213 -0.012771 0.022349 0.018092 3.300000 -33.299999 10.500000
0.052246 0.982178 0.149658 -0.011706 0.023413 0.017028 3.300000 -35.700001 12.300000
0.052734 0.974365 0.155029 -0.013835 0.020220 0.019156 3.900000 -35.099998 9.300000
0.052979 0.973633 0.160400 -0.012771 0.022349 0.018092 4.200000 -34.799999 10.800000
0.057129 0.966553 0.163330 -0.011706 0.025541 0.018092 3.600000 -34.799999 10.200000
0.053955 0.970703 0.163818 -0.013835 0.024477 0.021284 4.500000 -34.500000 9.900000
0.050293 0.975830 0.161621 -0.011706 0.022349 0.021284 4.500000 -35.099998 9.900000
0.051514 0.973633 0.164062 -0.011706 0.022349 0.019156 2.400000 -33.599998 9.600000
0.049561 0.968994 0.159912 -0.012771 0.023413 0.020220 4.500000 -34.500000 9.900000
0.047119 0.974609 0.155518 -0.012771 0.023413 0.018092 5.100000 -36.299999 8.700000
0.050049 0.971191 0.169434 -0.013835 0.022349 0.020220 5.700000 -36.900002 7.500000
0.055420 0.969971 0.166504 -0.014899 0.024477 0.018092 3.600000 -36.599998 10.800000
0.048828 0.972900 0.147705 -0.013835 0.022349 0.019156 3.600000 -34.799999 10.800000
0.057129 0.970459 0.162598 -0.013835 0.021284 0.019156 3.300000 -35.700001 9.900000
0.045654 0.976562 0.157959 -0.011706 0.024477 0.018092 4.200000 -34.799999 8.400000
0.055176 0.971924 0.158447 -0.014899 0.023413 0.020220 4.800000 -37.200001 10.200000
0.051514 0.970703 0.165527 -0.013835 0.024477 0.021284 5.100000 -34.500000 9.300000
0.049561 0.974609 0.161133 -0.013835 0.019156 0.019156 4.800000 -36.000000 10.200000
0.045654 0.980225 0.157959 -0.013835 0.022349 0.019156 5.100000 -34.500000 9.900000
0.049561 0.973389 0.163818 -0.014899 0.025541 0.019156 2.700000 -35.700001 9.300000
0.052246 0.967773 0.168457 -0.013835 0.023413 0.020220 3.000000 -36.000000 9.000000
0.047363 0.977051 0.153564 -0.013835 0.025541 0.019156 5.100000 -34.500000 9.900000
0.052979 0.965820 0.173828 -0.013835 0.026606 0.019156 4.500000 -33.900002 9.300000
0.055420 0.972168 0.166504 -0.012771 0.024477 0.018092 3.600000 -35.400002 8.400000
0.056152 0.980713 0.166260 -0.013835 0.022349 0.019156 3.300000 -35.099998 9.900000
0.049561 0.977295 0.160400 -0.012771 0.024477 0.019156 4.500000 -35.700001 8.700000
0.049316 0.975342 0.160400 -0.013835 0.023413 0.015963 6.000000 -36.000000 10.200000
0.049561 0.973145 0.155029 -0.014899 0.023413 0.019156 4.200000 -34.799999 10.800000
0.049561 0.980469 0.162842 -0.013835 0.022349 0.019156 4.500000 -35.099998 9.900000
0.049805 0.973633 0.155029 -0.010642 0.022349 0.017028 4.200000 -35.400002 10.800000
0.053955 0.972412 0.164795 -0.014899 0.021284 0.015963 3.600000 -35.400002 10.200000
0.049561 0.973877 0.163574 -0.017028 0.023413 0.019156 5.100000 -36.299999 10.500000
0.050293 0.978027 0.171143 -0.013835 0.026606 0.019156 4.200000 -36.599998 9.600000
0.051025 0.974365 0.156494 -0.009578 0.023413 0.017028 3.900000 -35.099998 9.900000
0.053467 0.977783 0.163574 -0.008514 0.025541 0.019156 4.500000 -36.900002 9.900000
0.054199 0.972412 0.161133 -0.014899 0.023413 0.019156 3.300000 -35.099998 9.900000
0.049561 0.971191 0.154297 -0.011706 0.023413 0.019156 6.000000 -35.400002 9.000000
0.053223 0.969238 0.170898 -0.015963 0.022349 0.015963 3.900000 -35.700001 9.900000
0.050049 0.972900 0.165527 -0.012771 0.025541 0.017028 4.200000 -35.400002 10.200000
0.050049 0.972412 0.168213 -0.011706 0.023413 0.021284 3.900000 -34.500000 9.300000
0.051025 0.973877 0.170654 -0.011706 0.023413 0.019156 6.000000 -36.000000 9.600000
0.057861 0.972412 0.160889 -0.014899 0.025541 0.017028 3.300000 -36.299999 9.900000
0.049561 0.978027 0.164551 -0.009578 0.025541 0.021284 4.500000 -35.700001 9.900000
0.054443 0.974121 0.167969 -0.014899 0.023413 0.017028 5.700000 -35.700001 11.100000
0.056885 0.974365 0.154541 -0.013835 0.021284 0.018092 3.600000 -33.599998 10.200000
0.052979 0.975830 0.157715 -0.013835 0.022349 0.020220 3.900000 -35.700001 10.500000
0.057617 0.977539 0.164062 -0.018092 0.024477 0.017028 4.200000 -35.400002 9.600000
0.053467 0.977051 0.162842 -0.015963 0.022349 0.023413 4.500000 -35.700001 8.700000
