0.046387 0.971436 0.166748 -0.011706 0.023413 0.020220 3.900000 -35.700001 8.700000
0.051514 0.975586 0.170410 -0.011706 0.023413 0.019156 3.000000 -34.799999 9.600000
0.053955 0.977295 0.155762 -0.017028 0.024477 0.019156 5.100000 -33.900002 8.700000
0.046143 0.977539 0.163086 -0.014899 0.022349 0.021284 6.600000 -34.799999 10.800000
0.049561 0.971436 0.155029 -0.012771 0.025541 0.019156 3.600000 -34.200001 9.000000
0.055420 0.978760 0.168945 -0.013835 0.024477 0.018092 3.300000 -35.099998 9.900000
0.057129 0.977539 0.158203 -0.013835 0.022349 0.017028 4.800000 -34.799999 9.600000
0.051758 0.970459 0.156738 -0.013835 0.023413 0.021284 4.500000 -35.099998 10.500000
0.051514 0.968994 0.162354 -0.010642 0.022349 0.017028 4.500000 -35.700001 10.500000
0.059814 0.979980 0.151611 -0.012771 0.022349 0.019156 5.100000 -35.700001 10.500000
0.055908 0.979492 0.156006 -0.011706 0.023413 0.015963 4.200000 -34.799999 9.000000
0.053711 0.972656 0.160889 -0.011706 0.023413 0.018092 4.500000 -35.099998 11.100000
0.055420 0.969482 0.162109 -0.012771 0.022349 0.018092 4.500000 -33.900002 9.300000
0.052734 0.966309 0.163818 -0.012771 0.021284 0.018092 3.900000 -35.700001 9.300000
0.053955 0.979980 0.161133 -0.012771 0.021284 0.017028 5.400000 -34.200001 11.400000
0.050781 0.973633 0.163574 -0.015963 0.022349 0.015963 3.300000 -36.299999 11.700000
0.055176 0.971680 0.162598 -0.013835 0.022349 0.021284 3.300000 -36.299999 8.100000
0.051025 0.977783 0.163818 -0.013835 0.022349 0.018092 5.700000 -35.099998 9.300000
0.054688 0.977783 0.165527 -0.014899 0.021284 0.018092 4.800000 -34.799999 9.000000
0.053467 0.968506 0.158447 -0.014899 0.022349 0.017028 5.100000 -33.900002 9.300000
0.050049 0.973389 0.161865 -0.015963 0.023413 0.018092 5.100000 -33.900002 10.500000
0.053223 0.972900 0.166504 -0.018092 0.023413 0.021284 4.500000 -35.099998 11.100000
0.049316 0.968262 0.158447 -0.013835 0.023413 0.020220 5.700000 -35.700001 9.900000
0.052734 0.975342 0.164062 -0.012771 0.022349 0.017028 4.200000 -35.400002 9.000000
0.057129 0.970947 0.167480 -0.012771 0.023413 0.017028 5.700000 -36.299999 9.300000
0.057129 0.976074 0.162109 -0.014899 0.023413 0.019156 3.900000 -34.500000 8.700000
0.061279 0.976807 0.167725 -0.014899 0.022349 0.018092 4.500000 -36.299999 9.900000
0.060791 0.972412 0.167969 -0.014899 0.021284 0.019156 4.200000 -36.000000 9.600000
0.051758 0.980713 0.149414 -0.014899 0.021284 0.018092 3.000000 -37.200001 8.400000
0.052002 0.971680 0.164307 -0.014899 0.023413 0.017028 5.100000 -35.099998 9.300000
0.051758 0.972656 0.158936 -0.008514 0.025541 0.018092 5.700000 -35.700001 9.900000
0.056396 0.970947 0.167725 -0.015963 0.024477 0.017028 3.900000 -35.099998 10.500000
-0.014893 0.957031 0.293701 -0.011706 0.029798 0.022349 6.900000 -33.299999 10.500000
-0.027588 0.964355 0.276123 -0.013835 -0.051083 0.004257 3.300000 -34.500000 9.300000
-0.060059 0.959961 0.341553 -0.015963 -0.026606 0.011706 4.800000 -35.400002 10.200000
-0.045410 0.953857 0.365967 -0.014899 0.032991 0.018092 4.800000 -33.599998 10.800000
-0.079102 0.941650 0.388672 -0.014899 0.108551 0.027670 5.700000 -35.700001 11.100000
-0.054932 0.958252 0.416748 -0.019156 0.173469 0.037248 3.000000 -35.400002 10.200000
-0.068848 0.955322 0.383545 -0.013835 0.238386 0.044697 3.300000 -33.900002 9.900000
-0.060303 0.950928 0.392822 -0.007450 0.302240 0.054275 3.900000 -32.700001 9.900000
-0.048096 0.955811 0.318848 0.002128 0.304368 0.051083 2.400000 -31.200001 10.800000
-0.031982 0.997070 0.280273 -0.012771 0.247964 0.046826 3.300000 -32.099998 11.700000
0.010498 0.969727 0.191895 -0.006385 0.157505 0.029798 2.100000 -31.500000 12.300000
0.025879 0.990723 0.166260 -0.021284 0.055340 0.018092 1.800000 -31.799999 12.600000
0.060791 0.963867 0.175293 -0.017028 -0.043633 0.008514 0.900000 -32.099998 13.500000
0.055176 0.951660 0.153076 -0.017028 -0.048954 0.007450 1.200000 -30.000000 13.200000
0.119873 0.970215 0.119873 -0.014899 -0.032991 0.009578 -2.100000 -32.099998 15.300000
0.128418 0.971680 0.067627 -0.014899 0.019156 0.012771 -2.400000 -30.600000 15.600000
0.137451 1.002197 0.022461 -0.011706 0.018092 0.018092 -4.500000 -33.900002 16.500000
0.143066 0.990723 0.006348 -0.017028 0.038312 0.020220 -8.100000 -33.299999 18.900000
0.190674 0.993652 -0.048828 -0.012771 -0.020220 0.012771 -9.600000 -37.200001 19.799999
0.161621 1.020264 -0.063477 -0.019156 -0.030863 0.008514 -12.600000 -39.000000 18.000000
0.184814 0.999756 -0.063232 -0.022349 -0.074496 0.005321 -12.600000 -40.200001 18.000000
0.187988 1.004639 -0.054688 -0.018092 -0.117065 -0.002128 -13.800000 -44.400002 18.000000
0.160889 0.990967 -0.042480 -0.022349 -0.128771 -0.006385 -15.000000 -44.400002 18.000000
0.136719 0.990479 -0.029053 -0.019156 -0.068110 0.005321 -15.900000 -45.299999 18.299999
0.106201 0.987061 0.017578 -0.012771 0.019156 0.015963 -14.400000 -45.000000 17.400000
0.050293 0.971191 0.170654 -0.013835 0.025541 0.012771 -15.600000 -45.599998 18.000000
0.046143 0.968994 0.169922 -0.012771 0.025541 0.020220 -15.900000 -45.900002 17.700001
0.050293 0.974365 0.167480 -0.013835 0.024477 0.018092 -15.600000 -44.400002 19.200001
0.073242 0.979492 0.144043 -0.011706 0.025541 0.014899 -16.200001 -45.599998 18.600000
0.049316 0.972900 0.154785 -0.011706 0.020220 0.018092 -16.500000 -44.700001 17.100000
0.046143 0.974365 0.163574 -0.014899 0.024477 0.015963 -13.500000 -47.099998 17.700001
0.048584 0.971680 0.170654 -0.012771 0.023413 0.015963 -16.799999 -45.599998 18.600000
0.044922 0.968750 0.169678 -0.013835 0.021284 0.020220 -16.799999 -45.000000 17.400000
0.053711 0.976562 0.166748 -0.017028 0.024477 0.019156 -14.100000 -45.900002 18.299999
0.051270 0.967773 0.166016 -0.009578 0.022349 0.018092 -15.000000 -46.799999 18.600000
0.045898 0.976562 0.167236 -0.012771 0.023413 0.024477 -15.600000 -43.799999 19.200001
0.046387 0.975830 0.157227 -0.010642 0.021284 0.018092 -16.500000 -45.900002 18.900000
0.053223 0.977051 0.171631 -0.011706 0.022349 0.015963 -15.900000 -45.900002 17.700001
0.051758 0.971191 0.163086 -0.013835 0.021284 0.021284 -15.600000 -44.400002 18.000000
0.051270 0.978027 0.163330 -0.012771 0.023413 0.017028 -15.600000 -44.400002 18.600000
0.050293 0.981934 0.166260 -0.014899 0.024477 0.017028 -16.500000 -45.299999 18.900000
0.046143 0.971436 0.168213 -0.014899 0.021284 0.017028 -15.600000 -44.400002 17.400000
0.045898 0.973389 0.162842 -0.018092 0.021284 0.020220 -15.900000 -45.900002 17.100000
0.049561 0.976807 0.173096 -0.013835 0.025541 0.017028 -18.299999 -45.299999 17.100000
0.051270 0.970703 0.159180 -0.013835 0.020220 0.015963 -15.000000 -45.599998 18.000000
0.048096 0.975098 0.161621 -0.013835 0.022349 0.019156 -15.600000 -45.599998 18.600000
0.052246 0.974121 0.165039 -0.014899 0.025541 0.018092 -14.700000 -46.500000 17.100000
0.054443 0.974854 0.163330 -0.012771 0.024477 0.015963 -14.700000 -44.099998 17.700001
0.048340 0.971924 0.168457 -0.013835 0.025541 0.019156 -16.799999 -43.799999 17.400000
0.047363 0.971191 0.171875 -0.012771 0.022349 0.015963 -15.900000 -45.299999 17.700001
0.042236 0.971924 0.165771 -0.013835 0.021284 0.017028 -15.900000 -45.299999 18.299999
0.051025 0.972900 0.156250 -0.015963 0.022349 0.018092 -15.900000 -43.500000 17.700001
0.047363 0.969482 0.167236 -0.018092 0.024477 0.019156 -14.700000 -46.500000 18.299999
0.050537 0.971680 0.164551 -0.013835 0.024477 0.018092 -14.400000 -46.200001 18.600000
0.053223 0.969238 0.173096 -0.015963 0.023413 0.017028 -16.799999 -45.000000 19.799999
0.047607 0.978516 0.160156 -0.014899 0.023413 0.018092 -14.700000 -44.099998 17.700001
0.051270 0.973389 0.158691 -0.015963 0.024477 0.019156 -16.799999 -45.000000 18.000000
0.052002 0.979004 0.159912 -0.012771 0.023413 0.013835 -15.000000 -44.400002 18.000000
0.051025 0.969727 0.166016 -0.015963 0.021284 0.020220 -14.700000 -45.900002 19.500000
0.044922 0.972412 0.160889 -0.015963 0.024477 0.019156 -16.200001 -46.200001 19.200001
0.052979 0.969482 0.166748 -0.011706 0.022349 0.019156 -15.600000 -46.200001 18.000000
0.049561 0.977539 0.163086 -0.014899 0.025541 0.019156 -15.600000 -43.799999 17.400000
0.051270 0.969971 0.163818 -0.013835 0.025541 0.018092 -16.200001 -45.599998 18.000000
0.051758 0.974854 0.156494 -0.010642 0.023413 0.018092 -15.600000 -46.799999 18.000000
0.045166 0.973389 0.161865 -0.015963 0.019156 0.018092 -15.900000 -47.099998 18.900000
0.049561 0.966797 0.161621 -0.013835 0.022349 0.019156 -14.700000 -44.099998 18.900000
0.049805 0.976074 0.160645 -0.015963 0.024477 0.019156 -15.300000 -44.700001 17.100000
0.049316 0.967529 0.168213 -0.012771 0.022349 0.020220 -15.000000 -45.000000 18.000000
0.045898 0.974121 0.168701 -0.015963 0.021284 0.019156 -15.300000 -45.299999 18.299999
0.049561 0.979004 0.167969 -0.017028 0.025541 0.023413 -17.100000 -45.900002 17.100000
0.046875 0.975342 0.166748 -0.013835 0.023413 0.022349 -15.300000 -45.299999 18.900000
0.050293 0.975342 0.170898 -0.012771 0.021284 0.019156 -16.200001 -44.400002 18.000000
0.051025 0.972168 0.167236 -0.010642 0.024477 0.015963 -16.200001 -45.000000 18.000000
0.048096 0.971680 0.168457 -0.014899 0.026606 0.020220 -17.100000 -44.700001 18.299999
0.055176 0.977539 0.162109 -0.013835 0.023413 0.018092 -16.500000 -45.299999 18.900000
0.053223 0.971191 0.165527 -0.013835 0.024477 0.014899 -14.100000 -45.900002 18.299999
0.049072 0.973877 0.170898 -0.013835 0.022349 0.021284 -15.900000 -45.900002 17.100000
0.045654 0.973145 0.167480 -0.012771 0.021284 0.020220 -16.799999 -46.200001 16.200001
0.050781 0.976562 0.174805 -0.009578 0.022349 0.017028 -15.900000 -45.299999 15.900000
0.049072 0.972412 0.166504 -0.011706 0.024477 0.020220 -16.200001 -44.400002 16.799999
0.052002 0.979980 0.155518 -0.017028 0.024477 0.017028 -15.600000 -45.000000 18.600000
0.051270 0.971680 0.164551 -0.012771 0.022349 0.019156 -16.200001 -45.599998 17.400000
0.050049 0.973145 0.177246 -0.013835 0.024477 0.019156 -15.000000 -44.400002 17.400000
0.051270 0.972900 0.163086 -0.013835 0.023413 0.020220 -14.100000 -46.500000 17.100000
0.046387 0.979248 0.160645 -0.015963 0.022349 0.019156 -16.500000 -45.299999 19.500000
0.049805 0.971191 0.160400 -0.012771 0.021284 0.018092 -15.900000 -47.099998 17.700001
0.046143 0.978760 0.161621 -0.009578 0.024477 0.020220 -15.000000 -45.000000 18.600000
0.043701 0.970215 0.158447 -0.012771 0.021284 0.018092 -15.300000 -44.700001 19.500000
0.050293 0.982910 0.168213 -0.013835 0.024477 0.015963 -15.900000 -46.500000 19.500000
0.047607 0.976074 0.168945 -0.014899 0.022349 0.018092 -17.100000 -45.900002 17.700001
0.050049 0.974609 0.161377 -0.017028 0.024477 0.019156 -16.799999 -45.599998 19.200001
0.050049 0.974854 0.171875 -0.013835 0.020220 0.019156 -16.200001 -45.599998 16.799999
0.051025 0.965820 0.164062 -0.013835 0.021284 0.017028 -15.000000 -44.400002 19.200001
0.045654 0.974121 0.167969 -0.010642 0.022349 0.018092 -15.600000 -45.599998 18.600000
0.054688 0.971680 0.159668 -0.013835 0.023413 0.017028 -15.300000 -44.700001 20.100000
0.046387 0.976074 0.165527 -0.017028 0.023413 0.020220 -17.100000 -44.700001 19.500000
0.055664 0.975342 0.161621 -0.012771 0.024477 0.018092 -16.500000 -44.700001 18.900000
0.045166 0.974854 0.164795 -0.019156 0.024477 0.019156 -16.200001 -45.000000 19.799999
0.044189 0.970947 0.169434 -0.020220 0.022349 0.019156 -16.500000 -45.299999 18.299999
0.049072 0.973877 0.158203 -0.014899 0.022349 0.015963 -15.600000 -46.200001 16.200001
0.056152 0.972900 0.167236 -0.014899 0.023413 0.021284 -15.900000 -43.500000 18.299999
0.046143 0.977539 0.165283 -0.011706 0.024477 0.019156 -15.600000 -46.200001 16.200001
0.047852 0.972656 0.171875 -0.013835 0.021284 0.017028 -15.300000 -44.700001 18.900000
0.050781 0.970703 0.162598 -0.011706 0.023413 0.018092 -15.300000 -45.299999 18.299999
0.048340 0.979004 0.165283 -0.015963 0.025541 0.021284 -14.700000 -44.099998 17.700001
0.053223 0.972412 0.166016 -0.011706 0.022349 0.015963 -15.900000 -44.700001 18.299999
0.054688 0.968750 0.159424 -0.012771 0.021284 0.017028 -15.300000 -45.299999 18.900000
0.045410 0.979248 0.172607 -0.011706 0.024477 0.017028 -15.900000 -45.299999 18.299999
0.050537 0.974609 0.162354 -0.012771 0.022349 0.015963 -14.100000 -44.700001 18.299999
0.048340 0.975830 0.168457 -0.012771 0.022349 0.018092 -15.300000 -45.900002 17.100000
0.049561 0.972412 0.162842 -0.013835 0.022349 0.019156 -15.000000 -45.599998 18.600000
0.052246 0.977051 0.164062 -0.013835 0.021284 0.019156 -14.700000 -45.900002 18.900000
0.047607 0.973145 0.162354 -0.018092 0.023413 0.018092 -15.600000 -46.200001 18.600000
0.051270 0.966797 0.166748 -0.011706 0.026606 0.020220 -16.799999 -45.000000 16.799999
0.053467 0.979248 0.166504 -0.014899 0.023413 0.017028 -15.900000 -43.500000 18.299999
0.050049 0.971680 0.160400 -0.013835 0.024477 0.020220 -15.900000 -43.500000 18.299999
0.049072 0.972900 0.162109 -0.014899 0.023413 0.020220 -17.100000 -44.700001 18.299999
0.056396 0.973877 0.155273 -0.012771 0.024477 0.020220 -15.900000 -45.299999 17.100000
0.052002 0.979248 0.157227 -0.014899 0.022349 0.019156 -16.500000 -44.700001 17.100000
0.053955 0.974854 0.161865 -0.017028 0.026606 0.018092 -14.700000 -44.700001 18.900000
0.146484 0.983398 0.029785 -0.018092 0.004257 0.010642 -15.600000 -45.599998 16.799999
0.124023 0.984131 0.010986 -0.013835 0.012771 0.013835 -15.900000 -44.700001 17.100000
0.120361 0.979248 0.047607 -0.014899 0.046826 0.022349 -15.000000 -45.000000 20.400000
0.156006 0.980225 0.008057 -0.011706 0.005321 0.017028 -14.400000 -42.599998 18.600000
0.135986 0.979980 0.069580 -0.018092 -0.035119 0.010642 -13.500000 -39.299999 20.100000
0.141357 0.973389 0.025635 -0.010642 -0.036184 0.013835 -12.600000 -37.200001 19.200001
0.117432 0.982422 0.068604 -0.011706 0.012771 0.023413 -12.300000 -35.099998 18.900000
0.150879 0.983154 -0.018311 -0.007450 0.032991 0.023413 -7.500000 -33.900002 18.299999
0.141846 0.984863 0.006348 -0.001064 0.057468 0.028734 -5.400000 -33.000000 17.400000
0.153564 0.977295 0.027344 -0.006385 0.071303 0.020220 -6.300000 -32.700001 14.700000
0.117920 0.932373 -0.007080 -0.007450 0.087266 0.030863 -3.300000 -32.099998 14.700000
0.112793 0.980225 0.037842 -0.012771 0.053211 0.018092 -2.400000 -31.200001 15.000000
0.138184 0.997803 -0.039551 -0.009578 0.009578 0.019156 0.600000 -30.000000 13.200000
0.097412 0.960693 0.027832 -0.020220 -0.027670 0.010642 0.000000 -31.799999 10.800000
0.109619 0.978760 0.091797 -0.010642 -0.081945 0.022349 1.800000 -32.400002 11.400000
0.085449 0.992920 0.103516 -0.015963 -0.106422 -0.001064 2.400000 -31.200001 12.000000
0.057373 0.981445 0.171143 -0.012771 -0.078753 0.014899 2.100000 -33.299999 11.100000
0.011963 0.979248 0.211182 -0.027670 -0.094716 0.008514 3.900000 -32.700001 11.100000
-0.026855 0.938721 0.308594 -0.005321 -0.074496 0.010642 3.600000 -34.799999 10.800000
-0.093994 0.952148 0.347656 -0.008514 -0.013835 0.023413 4.200000 -33.599998 10.200000
-0.073242 0.924316 0.452637 -0.012771 0.080881 0.028734 4.500000 -36.299999 9.300000
-0.052246 0.918945 0.462646 -0.008514 0.142606 0.027670 6.000000 -37.200001 12.600000
-0.053223 0.934814 0.454834 -0.008514 0.256478 0.051083 6.000000 -35.400002 9.000000
-0.038818 0.950928 0.353760 -0.003193 0.254350 0.048954 5.700000 -36.299999 9.900000
-0.056641 0.950928 0.330566 -0.006385 0.206460 0.041505 5.400000 -37.799999 10.800000
-0.066650 0.957764 0.309082 -0.010642 0.131964 0.037248 5.700000 -36.900002 9.900000
-0.026855 0.960938 0.297607 -0.013835 0.059597 0.026606 6.600000 -36.599998 10.200000
-0.023193 0.959961 0.272217 -0.011706 0.017028 0.023413 7.200000 -37.200001 11.400000
-0.003906 0.961670 0.261963 -0.012771 0.019156 0.024477 8.100000 -36.900002 9.300000
0.054688 0.973877 0.156250 -0.013835 0.025541 0.020220 6.900000 -36.900002 11.100000
0.053711 0.972900 0.157471 -0.011706 0.026606 0.020220 5.700000 -35.700001 9.900000
0.050537 0.973877 0.157227 -0.013835 0.022349 0.018092 6.600000 -36.000000 10.200000
0.048828 0.974365 0.165283 -0.015963 0.024477 0.015963 6.000000 -36.000000 10.800000
0.052002 0.977539 0.166260 -0.010642 0.023413 0.018092 5.400000 -36.000000 9.600000
0.055420 0.967041 0.156250 -0.011706 0.019156 0.019156 6.000000 -37.799999 9.600000
0.055664 0.972900 0.157959 -0.013835 0.023413 0.019156 6.000000 -36.000000 10.200000
0.053711 0.971680 0.162598 -0.013835 0.027670 0.022349 5.700000 -36.900002 8.700000
0.055908 0.967041 0.161865 -0.013835 0.023413 0.022349 5.700000 -35.099998 9.900000
0.056396 0.975098 0.150146 -0.015963 0.021284 0.019156 6.300000 -36.299999 9.300000
0.057861 0.970947 0.157959 -0.012771 0.025541 0.019156 5.400000 -36.599998 10.800000
0.045898 0.975342 0.164062 -0.014899 0.024477 0.017028 6.600000 -37.200001 8.400000
0.055908 0.979248 0.167236 -0.017028 0.022349 0.022349 4.500000 -37.500000 9.900000
0.054932 0.973877 0.165771 -0.015963 0.022349 0.019156 7.500000 -36.299999 10.500000
0.052002 0.972168 0.156738 -0.011706 0.023413 0.019156 6.300000 -36.900002 10.500000
0.048828 0.973877 0.165039 -0.013835 0.025541 0.019156 7.200000 -37.799999 9.600000
0.052002 0.976318 0.167480 -0.012771 0.023413 0.018092 6.600000 -37.200001 9.600000
0.052246 0.969971 0.164307 -0.014899 0.025541 0.017028 5.400000 -37.200001 9.600000
0.050781 0.978271 0.157715 -0.012771 0.022349 0.019156 6.600000 -36.599998 10.800000
0.052490 0.970215 0.167236 -0.014899 0.022349 0.018092 7.500000 -37.500000 9.300000
0.048828 0.974609 0.160645 -0.012771 0.023413 0.020220 4.500000 -37.500000 10.500000
0.050049 0.975098 0.158691 -0.010642 0.026606 0.017028 6.900000 -36.900002 10.500000
0.051025 0.972168 0.155518 -0.014899 0.024477 0.019156 6.600000 -35.400002 9.000000
0.054199 0.977051 0.166016 -0.010642 0.024477 0.018092 5.100000 -36.900002 9.300000
0.055908 0.974365 0.166504 -0.012771 0.021284 0.017028 6.600000 -36.599998 9.600000
0.055176 0.975830 0.161865 -0.012771 0.022349 0.020220 7.200000 -36.000000 10.200000
0.052490 0.971680 0.172607 -0.014899 0.023413 0.021284 7.200000 -36.000000 9.600000
0.051025 0.973877 0.164795 -0.014899 0.025541 0.018092 5.700000 -37.500000 10.500000
0.058350 0.972168 0.163330 -0.012771 0.022349 0.015963 5.700000 -36.900002 8.700000
0.051514 0.979492 0.172607 -0.013835 0.024477 0.018092 7.200000 -36.599998 9.000000
0.056152 0.978760 0.162598 -0.014899 0.023413 0.022349 6.600000 -34.799999 9.600000
0.055176 0.976807 0.172852 -0.017028 0.020220 0.019156 6.600000 -36.599998 10.200000
0.052002 0.973389 0.164551 -0.011706 0.022349 0.020220 6.300000 -36.900002 8.700000
0.046631 0.975098 0.157471 -0.012771 0.026606 0.017028 6.900000 -35.700001 9.300000
0.048828 0.972656 0.158691 -0.014899 0.022349 0.020220 5.700000 -36.900002 8.100000
0.051514 0.975342 0.171631 -0.013835 0.025541 0.018092 6.900000 -37.500000 8.700000
0.057129 0.968018 0.164062 -0.012771 0.021284 0.018092 4.500000 -36.900002 11.100000
0.052490 0.973389 0.149658 -0.010642 0.024477 0.019156 6.000000 -36.000000 10.200000
0.048584 0.970947 0.168945 -0.013835 0.023413 0.017028 4.800000 -36.000000 9.000000
0.046387 0.971436 0.158691 -0.012771 0.024477 0.019156 7.200000 -36.599998 10.200000
0.055908 0.973389 0.153076 -0.013835 0.024477 0.017028 7.200000 -37.799999 9.600000
0.053955 0.969727 0.166260 -0.014899 0.025541 0.019156 5.400000 -36.599998 9.600000
0.054932 0.973877 0.165527 -0.013835 0.023413 0.019156 6.300000 -36.299999 10.500000
0.048828 0.973877 0.161133 -0.011706 0.026606 0.018092 8.100000 -35.700001 9.900000
0.057129 0.982178 0.161377 -0.014899 0.024477 0.018092 6.900000 -36.299999 11.100000
0.052734 0.971680 0.164551 -0.011706 0.021284 0.021284 6.900000 -36.299999 10.500000
0.049316 0.971680 0.164062 -0.011706 0.023413 0.020220 7.800000 -37.200001 9.600000
0.050537 0.973389 0.165283 -0.010642 0.023413 0.021284 5.100000 -37.500000 9.900000
0.053711 0.975586 0.163818 -0.012771 0.025541 0.018092 7.200000 -36.000000 10.200000
0.052246 0.975098 0.161133 -0.012771 0.022349 0.018092 7.800000 -35.400002 10.800000
0.055664 0.976318 0.159912 -0.014899 0.023413 0.019156 6.000000 -36.000000 10.800000
0.046875 0.976074 0.161377 -0.011706 0.022349 0.014899 5.400000 -36.599998 10.200000
0.052246 0.970215 0.164062 -0.011706 0.022349 0.020220 6.600000 -36.599998 10.200000
0.048828 0.971191 0.166016 -0.012771 0.025541 0.019156 6.900000 -36.299999 9.300000
0.050293 0.979492 0.162109 -0.011706 0.022349 0.018092 5.100000 -36.299999 8.700000
0.053223 0.976562 0.162842 -0.014899 0.024477 0.018092 4.800000 -36.599998 10.200000
0.052002 0.971191 0.163818 -0.011706 0.022349 0.019156 6.300000 -35.700001 8.700000
0.055908 0.973633 0.158936 -0.017028 0.022349 0.019156 6.900000 -36.900002 11.100000
0.054688 0.973389 0.163574 -0.013835 0.022349 0.022349 7.500000 -36.900002 11.100000
0.053223 0.970703 0.168945 -0.012771 0.022349 0.019156 6.600000 -36.000000 10.200000
0.053223 0.970703 0.170654 -0.011706 0.025541 0.019156 7.500000 -36.299999 10.500000
0.053223 0.975098 0.157227 -0.014899 0.025541 0.019156 5.100000 -36.900002 9.300000
0.054688 0.971436 0.160645 -0.012771 0.025541 0.018092 6.600000 -36.599998 9.000000
0.053223 0.975830 0.162842 -0.011706 0.021284 0.018092 7.800000 -38.400002 10.200000
0.052490 0.978271 0.160156 -0.013835 0.023413 0.019156 6.900000 -36.900002 9.300000
0.053223 0.973877 0.160400 -0.013835 0.021284 0.020220 6.000000 -37.200001 9.000000
0.045654 0.968506 0.163574 -0.014899 0.021284 0.015963 6.000000 -37.200001 10.800000
0.050293 0.968506 0.157471 -0.012771 0.023413 0.020220 4.500000 -36.900002 11.100000
0.051758 0.976562 0.165283 -0.013835 0.022349 0.019156 7.500000 -36.900002 9.300000
0.053223 0.970703 0.155518 -0.011706 0.023413 0.021284 5.700000 -36.900002 9.300000
0.051270 0.976318 0.166504 -0.014899 0.022349 0.019156 7.500000 -36.900002 11.100000
0.051514 0.974121 0.162842 -0.014899 0.024477 0.017028 6.900000 -35.700001 11.100000
0.047607 0.970459 0.151855 -0.012771 0.026606 0.022349 6.600000 -36.000000 10.800000
0.057617 0.972168 0.162598 -0.012771 0.023413 0.018092 6.000000 -35.400002 10.800000
0.052490 0.981201 0.162598 -0.010642 0.021284 0.018092 4.800000 -39.000000 9.600000
0.054199 0.971680 0.158203 -0.010642 0.024477 0.014899 6.300000 -35.099998 11.100000
0.057617 0.975586 0.157471 -0.017028 0.022349 0.020220 5.100000 -38.099998 8.700000
0.053467 0.966553 0.161133 -0.011706 0.023413 0.017028 7.200000 -36.599998 9.000000
0.050781 0.977051 0.167480 -0.013835 0.022349 0.014899 6.000000 -37.799999 9.000000
0.054199 0.973389 0.157471 -0.011706 0.024477 0.017028 6.000000 -37.200001 12.000000
0.052734 0.977295 0.155762 -0.013835 0.020220 0.017028 5.400000 -36.000000 10.200000
0.052734 0.971924 0.162842 -0.013835 0.024477 0.018092 6.000000 -36.000000 10.800000
0.055176 0.973877 0.160156 -0.015963 0.023413 0.020220 4.500000 -36.900002 9.900000
0.055176 0.966064 0.158447 -0.014899 0.025541 0.017028 5.700000 -36.900002 11.100000
0.051514 0.974609 0.158936 -0.013835 0.024477 0.020220 5.400000 -37.200001 9.600000
0.052002 0.971924 0.163330 -0.013835 0.022349 0.014899 6.300000 -35.700001 9.300000
0.052734 0.963135 0.161865 -0.010642 0.019156 0.015963 6.000000 -37.200001 10.800000
0.045654 0.972168 0.161865 -0.014899 0.022349 0.019156 6.300000 -36.299999 9.900000
0.051514 0.974121 0.162598 -0.015963 0.022349 0.020220 6.000000 -38.400002 9.000000
0.050049 0.971924 0.161865 -0.015963 0.023413 0.014899 5.700000 -36.900002 10.500000
0.050537 0.971191 0.163574 -0.012771 0.023413 0.019156 6.300000 -37.500000 9.900000
0.054688 0.970215 0.165039 -0.015963 0.023413 0.018092 6.000000 -36.599998 10.200000
0.047363 0.977783 0.149170 -0.012771 0.020220 0.019156 5.700000 -36.299999 9.300000
0.049561 0.979248 0.163574 -0.012771 0.023413 0.018092 6.600000 -36.000000 9.600000
0.053955 0.975342 0.161865 -0.012771 0.025541 0.019156 5.700000 -35.700001 10.500000
0.047363 0.971680 0.160889 -0.018092 0.023413 0.019156 6.000000 -37.200001 10.800000
0.052490 0.976074 0.160400 -0.013835 0.025541 0.018092 7.500000 -37.500000 9.300000
0.052490 0.967041 0.156250 -0.014899 0.025541 0.019156 6.300000 -38.099998 9.900000
0.059326 0.964844 0.158936 -0.014899 0.022349 0.019156 6.000000 -36.000000 10.800000
0.047119 0.975586 0.156494 -0.010642 0.024477 0.017028 6.300000 -36.900002 10.500000
0.056396 0.972412 0.160400 -0.009578 0.025541 0.020220 6.900000 -38.099998 11.100000
0.051514 0.976807 0.164551 -0.018092 0.024477 0.019156 6.300000 -35.700001 8.700000
0.058350 0.975586 0.153564 -0.013835 0.024477 0.019156 6.600000 -38.400002 10.800000
0.046875 0.963623 0.159424 -0.012771 0.023413 0.019156 6.600000 -35.400002 11.400000
0.048096 0.970215 0.169434 -0.011706 0.022349 0.020220 6.300000 -35.700001 10.500000
0.044434 0.973145 0.154541 -0.013835 0.021284 0.021284 6.600000 -37.799999 9.600000
0.051758 0.974609 0.151855 -0.014899 0.023413 0.019156 6.900000 -38.099998 9.300000
0.058838 0.976074 0.165039 -0.017028 0.025541 0.018092 6.300000 -36.299999 9.900000
0.056641 0.977539 0.165283 -0.009578 0.022349 0.021284 6.000000 -35.400002 8.400000
0.049072 0.971680 0.165527 -0.017028 0.022349 0.018092 7.200000 -37.799999 9.000000
0.054199 0.975586 0.165039 -0.012771 0.025541 0.017028 4.500000 -37.500000 9.900000
0.057129 0.973145 0.164307 -0.013835 0.023413 0.018092 5.400000 -36.599998 9.600000
0.052979 0.969482 0.163818 -0.015963 0.022349 0.018092 7.800000 -36.000000 9.000000
0.055664 0.978027 0.163086 -0.012771 0.023413 0.015963 5.700000 -37.500000 10.500000
0.050781 0.973877 0.158447 -0.010642 0.024477 0.018092 7.800000 -36.000000 9.600000
0.056641 0.973145 0.158447 -0.013835 0.022349 0.021284 6.000000 -37.799999 7.800000
0.051758 0.979004 0.167480 -0.013835 0.022349 0.019156 6.600000 -37.200001 11.400000
0.052490 0.970703 0.166260 -0.012771 0.021284 0.019156 7.200000 -36.599998 10.200000
0.054199 0.971924 0.174316 -0.015963 0.022349 0.018092 6.000000 -37.200001 9.000000
