-0.026367 0.002441 -0.973877 -0.013835 0.024477 0.019156 -13.500000 20.100000 72.900002
-0.024902 0.004150 -0.967529 -0.018092 0.027670 0.019156 -12.900000 20.100000 73.500000
-0.023438 0.001221 -0.975586 -0.013835 0.025541 0.021284 -11.400000 20.400000 75.000000
-0.030273 0.000488 -0.971436 -0.011706 0.025541 0.019156 -12.900000 20.100000 74.699997
-0.032959 0.008301 -0.967285 -0.012771 0.024477 0.019156 -12.600000 19.200001 74.400002
-0.031738 0.002930 -0.974365 -0.014899 0.027670 0.018092 -10.800000 20.400000 74.400002
-0.027588 0.006104 -0.967041 -0.014899 0.024477 0.017028 -12.900000 18.299999 74.699997
-0.022705 0.004150 -0.970947 -0.012771 0.027670 0.019156 -12.300000 20.100000 74.699997
-0.027100 -0.000244 -0.974609 -0.012771 0.026606 0.020220 -11.400000 19.799999 74.400002
-0.031982 -0.002197 -0.972168 -0.013835 0.028734 0.018092 -13.200000 19.200001 74.400002
-0.033447 0.002930 -0.973877 -0.012771 0.026606 0.020220 -11.700000 19.500000 74.099998
-0.027344 0.003174 -0.977539 -0.017028 0.024477 0.017028 -11.400000 21.000000 73.800003
-0.022949 -0.003662 -0.971924 -0.013835 0.026606 0.021284 -12.900000 20.100000 74.099998
-0.025879 0.002686 -0.977783 -0.017028 0.025541 0.020220 -10.800000 19.799999 75.599998
-0.033691 0.005859 -0.970703 -0.015963 0.025541 0.021284 -13.200000 21.000000 74.400002
-0.027588 -0.000488 -0.965820 -0.012771 0.028734 0.019156 -11.700000 18.900000 72.900002
-0.026367 0.002441 -0.974854 -0.017028 0.025541 0.020220 -11.100000 20.700001 75.900002
-0.028076 0.003418 -0.968506 -0.013835 0.024477 0.021284 -11.400000 19.799999 73.800003
-0.025879 0.006836 -0.981445 -0.013835 0.025541 0.020220 -11.400000 19.799999 73.800003
-0.031738 0.001953 -0.969482 -0.015963 0.027670 0.019156 -12.600000 20.400000 73.800003
-0.031982 -0.001465 -0.970947 -0.017028 0.025541 0.015963 -11.700000 19.500000 74.699997
-0.027100 0.002441 -0.975098 -0.012771 0.026606 0.015963 -12.300000 18.900000 74.099998
-0.033203 0.001709 -0.967773 -0.012771 0.024477 0.017028 -12.600000 19.200001 73.800003
-0.024170 0.004639 -0.974365 -0.013835 0.025541 0.018092 -11.700000 21.299999 75.300003
-0.027832 0.007324 -0.974121 -0.014899 0.026606 0.020220 -11.100000 19.500000 73.500000
-0.030518 0.001221 -0.970703 -0.013835 0.026606 0.020220 -12.300000 20.700001 73.500000
-0.030762 0.005371 -0.975098 -0.013835 0.026606 0.019156 -11.700000 20.100000 74.699997
-0.029297 -0.001709 -0.967285 -0.014899 0.024477 0.018092 -10.800000 19.799999 74.400002
-0.027100 0.006348 -0.984375 -0.012771 0.025541 0.017028 -10.500000 19.500000 74.699997
-0.031494 0.005615 -0.970215 -0.013835 0.027670 0.020220 -11.700000 20.700001 73.500000
-0.027832 0.000488 -0.967285 -0.014899 0.026606 0.019156 -9.600000 18.600000 75.000000
-0.030762 0.007080 -0.972900 -0.015963 0.026606 0.019156 -11.400000 21.000000 74.400002
-0.032471 -0.000977 -0.971924 -0.010642 0.025541 0.019156 -11.700000 19.500000 74.699997
-0.032227 0.003418 -0.973633 -0.015963 0.024477 0.018092 -11.700000 20.100000 74.699997
-0.028076 0.005127 -0.971436 -0.011706 0.029798 0.019156 -11.700000 18.900000 73.500000
-0.031250 -0.001709 -0.968994 -0.013835 0.025541 0.017028 -11.700000 20.100000 72.900002
-0.028076 -0.006104 -0.978027 -0.014899 0.026606 0.020220 -12.300000 19.500000 74.099998
-0.028809 0.000732 -0.969727 -0.015963 0.025541 0.018092 -11.700000 19.500000 75.300003
-0.027588 0.004639 -0.963867 -0.014899 0.025541 0.019156 -13.200000 19.799999 74.400002
-0.031738 -0.000732 -0.979004 -0.010642 0.025541 0.019156 -12.600000 21.000000 73.800003
-0.029053 0.000488 -0.969971 -0.017028 0.026606 0.020220 -12.600000 21.000000 74.400002
-0.024414 0.004883 -0.976562 -0.010642 0.025541 0.017028 -13.500000 20.100000 74.699997
-0.029541 0.004150 -0.980225 -0.019156 0.026606 0.021284 -12.600000 19.799999 72.599998
-0.021729 0.001221 -0.969971 -0.014899 0.024477 0.018092 -12.600000 19.799999 75.000000
0.026855 -0.187500 -0.762695 -0.036184 -0.040441 0.008514 -12.000000 21.000000 73.199997
0.154785 -0.031982 -1.059326 -0.091523 -0.052147 0.005321 -11.700000 20.700001 72.900002
0.007812 -0.092773 -0.973389 -0.079817 0.023413 0.019156 -12.600000 18.600000 75.000000
-0.074707 -0.161377 -0.977295 -0.038312 0.026606 0.005321 -12.000000 20.400000 74.400002
-0.001709 -0.067139 -0.893311 -0.026606 0.047890 0.013835 -12.000000 20.400000 72.599998
-0.023438 0.026367 -0.941406 0.019156 0.059597 0.014899 -14.100000 20.100000 74.699997
-0.072998 0.010010 -0.919678 -0.023413 0.040441 0.009578 -12.900000 20.100000 73.500000
-0.046875 0.001953 -0.951904 -0.011706 0.013835 0.024477 -12.600000 19.799999 75.000000
-0.027100 0.009033 -0.999512 -0.026606 0.002128 0.019156 -11.100000 20.100000 75.300003
-0.010742 -0.020020 -1.000732 -0.004257 0.028734 0.019156 -12.300000 19.500000 74.099998
-0.037109 0.012451 -0.953369 -0.013835 0.046826 0.014899 -12.600000 20.400000 75.000000
-0.040527 0.008057 -0.944580 -0.011706 0.018092 0.019156 -11.700000 20.100000 75.900002
-0.014404 0.001221 -0.981934 -0.021284 0.013835 0.019156 -12.300000 20.100000 74.699997
-0.023926 0.002686 -0.984619 -0.008514 0.026606 0.019156 -11.700000 20.700001 72.900002
-0.024902 0.002686 -0.972168 -0.011706 0.035119 0.018092 -12.000000 19.200001 73.199997
-0.033691 0.001953 -0.959229 -0.013835 0.025541 0.015963 -13.200000 19.799999 73.800003
-0.022217 -0.005859 -0.981201 -0.015963 0.020220 0.019156 -11.700000 20.700001 72.900002
-0.026123 0.006348 -0.972656 -0.013835 0.021284 0.022349 -12.300000 19.500000 74.699997
-0.025146 0.000000 -0.973633 -0.013835 0.029798 0.018092 -11.700000 21.900000 72.900002
-0.028076 0.015381 -0.969482 -0.011706 0.027670 0.017028 -12.600000 22.200001 74.400002
-0.031250 0.000488 -0.963867 -0.014899 0.026606 0.018092 -13.200000 21.600000 74.400002
-0.027100 -0.004150 -0.979736 -0.014899 0.023413 0.017028 -12.900000 20.100000 75.300003
-0.025635 -0.000244 -0.974854 -0.018092 0.026606 0.018092 -11.100000 20.100000 74.699997
-0.034668 0.002686 -0.974121 -0.014899 0.030863 0.018092 -11.100000 20.100000 72.900002
-0.031494 -0.003174 -0.964355 -0.013835 0.024477 0.017028 -14.400000 19.200001 74.400002
-0.030273 0.005371 -0.968262 -0.013835 0.027670 0.018092 -11.100000 20.100000 74.699997
-0.024170 0.000732 -0.981201 -0.013835 0.025541 0.018092 -12.600000 19.799999 73.800003
-0.034668 0.002197 -0.969971 -0.013835 0.026606 0.020220 -12.300000 20.100000 73.500000
-0.031982 0.003662 -0.970459 -0.014899 0.024477 0.020220 -12.300000 18.900000 73.500000
-0.030273 0.006104 -0.971191 -0.012771 0.026606 0.018092 -12.000000 21.000000 75.000000
-0.035156 -0.001465 -0.989990 -0.013835 0.026606 0.019156 -12.300000 20.100000 74.099998
-0.025391 0.002930 -0.970459 -0.014899 0.030863 0.018092 -11.100000 21.299999 72.900002
-0.031250 0.003906 -0.972168 -0.013835 0.026606 0.019156 -10.800000 18.600000 75.000000
-0.028809 0.000732 -0.971191 -0.015963 0.027670 0.018092 -12.900000 18.900000 73.500000
-0.026367 -0.000488 -0.980225 -0.012771 0.026606 0.022349 -12.900000 21.299999 73.500000
-0.024902 0.000977 -0.968750 -0.012771 0.027670 0.019156 -11.400000 19.200001 74.400002
-0.030518 0.002686 -0.971924 -0.011706 0.027670 0.020220 -11.100000 20.100000 74.699997
-0.033203 0.006104 -0.966797 -0.014899 0.026606 0.019156 -10.500000 20.700001 73.500000
-0.025146 0.003418 -0.977295 -0.012771 0.028734 0.021284 -12.300000 20.100000 74.099998
-0.033936 0.005127 -0.972656 -0.014899 0.027670 0.018092 -11.700000 19.500000 74.699997
-0.031006 -0.007568 -0.970947 -0.012771 0.025541 0.018092 -13.800000 19.200001 74.400002
-0.026855 0.005127 -0.977051 -0.015963 0.025541 0.015963 -12.000000 19.799999 75.000000
0.017090 -0.030518 -0.781250 -0.063853 0.067046 -0.069175 -11.400000 19.799999 73.199997
-0.099365 -0.016113 -0.954834 -0.035119 0.017028 0.026606 -12.300000 18.900000 74.699997
-0.036865 -0.013184 -1.008301 -0.011706 0.007450 0.009578 -12.900000 20.700001 74.699997
-0.010010 0.013184 -0.989502 -0.017028 0.004257 0.025541 -11.100000 20.100000 74.099998
-0.020020 -0.006104 -0.992920 -0.009578 0.029798 0.014899 -12.900000 20.100000 74.099998
-0.036621 0.003906 -0.956787 -0.009578 0.041505 0.013835 -11.100000 20.100000 74.099998
-0.040283 -0.002197 -0.952393 -0.012771 0.026606 0.021284 -12.300000 20.700001 74.699997
-0.029053 0.004639 -0.984375 -0.018092 0.023413 0.022349 -12.600000 20.400000 75.000000
-0.018555 0.000732 -0.983643 -0.014899 0.018092 0.020220 -12.600000 19.200001 74.400002
-0.023926 0.000732 -0.981934 -0.013835 0.030863 0.017028 -12.900000 20.100000 74.099998
-0.032471 -0.002686 -0.955078 -0.014899 0.030863 0.019156 -13.800000 22.200001 75.000000
-0.037109 0.006836 -0.957764 -0.014899 0.027670 0.019156 -12.600000 19.799999 74.400002
-0.032471 0.010010 -0.967773 -0.017028 0.021284 0.021284 -11.100000 20.700001 72.900002
-0.030029 -0.000977 -0.987793 -0.015963 0.021284 0.020220 -13.200000 20.400000 75.599998
-0.026123 0.004639 -0.973389 -0.015963 0.025541 0.019156 -12.600000 21.000000 74.400002
-0.029541 0.000732 -0.975342 -0.010642 0.028734 0.019156 -12.000000 19.799999 73.800003
-0.032471 0.002197 -0.971680 -0.010642 0.027670 0.019156 -12.300000 20.100000 72.300003
-0.027344 0.000244 -0.966309 -0.012771 0.025541 0.015963 -12.600000 19.200001 75.599998
-0.028809 0.002441 -0.980713 -0.012771 0.025541 0.020220 -10.800000 20.400000 73.800003
-0.027344 0.000244 -0.982178 -0.015963 0.027670 0.019156 -11.700000 18.900000 74.699997
-0.030273 0.007324 -0.974365 -0.012771 0.027670 0.014899 -12.000000 19.799999 75.000000
-0.029053 0.005127 -0.963623 -0.012771 0.026606 0.015963 -9.900000 20.100000 72.900002
-0.031006 0.002686 -0.971680 -0.014899 0.024477 0.015963 -13.500000 18.900000 74.699997
-0.025146 0.000000 -0.961670 -0.012771 0.026606 0.013835 -12.000000 20.400000 73.800003
-0.031006 -0.003174 -0.977051 -0.013835 0.025541 0.017028 -11.400000 20.400000 75.000000
-0.026611 -0.000732 -0.972168 -0.013835 0.027670 0.020220 -11.700000 20.100000 75.300003
-0.028564 0.002197 -0.961182 -0.015963 0.027670 0.020220 -10.800000 21.000000 73.199997
-0.030273 -0.001465 -0.977783 -0.014899 0.026606 0.020220 -12.300000 21.299999 74.099998
-0.029297 0.000977 -0.966553 -0.013835 0.026606 0.015963 -13.200000 20.400000 73.800003
-0.034668 -0.001953 -0.971191 -0.010642 0.027670 0.019156 -13.500000 18.900000 74.699997
-0.031738 0.003174 -0.970947 -0.010642 0.027670 0.019156 -12.300000 20.700001 73.500000
-0.029785 0.004395 -0.966797 -0.010642 0.024477 0.017028 -12.600000 19.799999 74.400002
-0.024170 0.008301 -0.976562 -0.012771 0.027670 0.023413 -11.700000 20.100000 73.500000
-0.026855 -0.000488 -0.972168 -0.017028 0.026606 0.020220 -12.000000 20.400000 75.000000
-0.034424 0.005615 -0.979492 -0.011706 0.025541 0.017028 -12.300000 20.700001 74.099998
-0.029297 0.001465 -0.969727 -0.015963 0.027670 0.017028 -11.700000 20.700001 73.500000
-0.027588 0.007812 -0.971436 -0.008514 0.025541 0.021284 -11.700000 19.500000 74.699997
-0.029297 -0.007812 -0.965820 -0.012771 0.025541 0.015963 -12.600000 20.400000 74.400002
-0.036865 0.003906 -0.982178 -0.020220 0.026606 0.020220 -13.200000 21.000000 73.800003
-0.030029 0.008057 -0.962158 -0.012771 0.026606 0.019156 -12.000000 21.600000 73.199997
-0.030273 0.004883 -0.969482 -0.019156 0.026606 0.015963 -14.100000 23.100000 72.900002
-0.030762 0.003906 -0.974609 -0.015963 0.025541 0.019156 -13.500000 25.500000 72.300003
-0.026123 0.004150 -0.972168 -0.015963 0.024477 0.018092 -15.900000 24.900000 69.300003
-0.031982 0.002197 -0.973145 -0.013835 0.024477 0.019156 -17.100000 27.299999 66.900002
-0.030273 0.004639 -0.969482 -0.013835 0.026606 0.019156 -21.000000 32.400002 60.599998
-0.027588 0.000977 -0.965088 -0.012771 0.030863 0.017028 -20.100000 30.299999 58.500000
-0.032471 0.000000 -0.972168 -0.013835 0.025541 0.019156 -19.500000 30.299999 54.299999
-0.026123 0.002930 -0.971436 -0.013835 0.027670 0.019156 -20.400000 28.799999 54.599998
-0.034668 0.005615 -0.976318 -0.012771 0.026606 0.019156 -21.000000 30.000000 55.200001
-0.027344 0.001709 -0.970947 -0.014899 0.026606 0.018092 -22.200001 28.200001 54.000000
-0.030029 0.001953 -0.978027 -0.011706 0.024477 0.018092 -25.200001 29.400000 54.599998
-0.028076 0.005615 -0.976074 -0.013835 0.025541 0.019156 -24.600000 28.799999 56.400002
-0.026855 0.000488 -0.968994 -0.018092 0.026606 0.020220 -20.400000 25.200001 53.400002
-0.029785 0.000000 -0.968750 -0.012771 0.025541 0.019156 -13.200000 19.200001 51.000000
-0.031006 -0.001221 -0.977295 -0.064918 0.037248 0.004257 -9.000000 16.799999 54.000000
-0.016602 0.061768 -1.524658 0.031927 0.024477 -0.028734 -9.600000 16.200001 54.000000
-0.029053 -0.003906 -0.910645 -0.013835 0.015963 0.012771 -12.900000 17.700001 52.500000
-0.045898 -0.040527 -0.995850 -0.024477 0.031927 0.019156 -17.700001 20.100000 53.700001
-0.048340 0.010010 -1.008301 0.003193 0.024477 0.025541 -21.000000 24.000000 57.599998
-0.029541 -0.007324 -0.967773 -0.022349 0.028734 0.012771 -22.200001 27.000000 60.599998
-0.044189 0.002930 -0.967529 -0.009578 0.024477 0.012771 -23.100000 25.500000 62.099998
-0.027832 0.009033 -0.957764 -0.021284 0.024477 0.022349 -21.299999 26.100000 60.900002
-0.021729 0.010986 -0.980713 -0.015963 0.026606 0.024477 -22.799999 27.000000 62.400002
-0.028320 0.011719 -0.967529 -0.017028 0.026606 0.017028 -19.799999 25.799999 61.200001
-0.031982 -0.007568 -0.985107 -0.017028 0.028734 0.018092 -19.799999 25.200001 62.400002
-0.030273 -0.001221 -0.975830 -0.015963 0.025541 0.018092 -20.400000 25.799999 63.000000
-0.031982 -0.007080 -0.978760 -0.011706 0.024477 0.019156 -18.900000 25.500000 63.299999
-0.027100 0.009033 -0.960205 -0.013835 0.024477 0.022349 -20.700001 26.700001 62.099998
-0.027832 0.006592 -0.972168 -0.013835 0.028734 0.022349 -20.100000 25.500000 62.700001
-0.029297 0.001709 -0.966064 -0.013835 0.025541 0.017028 -18.900000 26.700001 62.099998
-0.030518 -0.002197 -0.976562 -0.014899 0.024477 0.018092 -21.299999 28.500000 63.299999
-0.033447 0.003906 -0.974365 -0.012771 0.025541 0.018092 -18.299999 29.100000 62.700001
-0.032715 0.007812 -0.964355 -0.018092 0.027670 0.020220 -18.900000 29.700001 61.500000
-0.027832 0.001953 -0.979248 -0.011706 0.025541 0.019156 -17.400000 29.400000 63.599998
-0.028564 0.002930 -0.969482 -0.015963 0.026606 0.019156 -18.299999 30.299999 64.500000
-0.028809 -0.007080 -0.977051 -0.011706 0.024477 0.015963 -17.400000 30.000000 65.400002
-0.031250 -0.005127 -0.978760 -0.013835 0.027670 0.020220 -17.400000 30.000000 63.599998
-0.030273 0.000244 -0.973145 -0.013835 0.024477 0.018092 -18.000000 30.000000 64.199997
-0.027100 -0.000732 -0.967773 -0.015963 0.026606 0.017028 -17.700001 30.299999 64.500000
-0.029541 0.000488 -0.970703 -0.013835 0.024477 0.017028 -17.100000 31.500000 64.500000
-0.034668 0.000977 -0.975342 -0.014899 0.026606 0.017028 -16.200001 32.400002 67.199997
-0.027588 0.004150 -0.965332 -0.017028 0.029798 0.020220 -15.600000 30.600000 66.599998
-0.029053 0.009521 -0.977539 -0.013835 0.027670 0.017028 -14.700000 29.700001 68.099998
-0.028809 0.002197 -0.965820 -0.013835 0.027670 0.019156 -15.000000 29.400000 68.400002
-0.030029 0.004150 -0.964844 -0.013835 0.026606 0.020220 -12.300000 28.500000 70.500000
-0.027344 0.004395 -0.975586 -0.014899 0.028734 0.020220 -10.800000 27.000000 72.000000
-0.024170 0.001465 -0.969727 -0.013835 0.024477 0.017028 -11.400000 24.000000 73.199997
-0.030273 0.000000 -0.975098 -0.017028 0.026606 0.018092 -12.600000 22.799999 73.199997
-0.032959 -0.003418 -0.971680 -0.018092 0.023413 0.019156 -11.700000 21.900000 74.099998
-0.030518 0.005371 -0.971924 -0.017028 0.027670 0.019156 -10.800000 21.000000 75.000000
-0.027832 -0.002197 -0.961182 -0.014899 0.026606 0.014899 -11.700000 21.900000 75.300003
-0.025879 0.001953 -0.961182 -0.014899 0.027670 0.015963 -13.500000 18.900000 74.099998
-0.034668 0.007812 -0.979980 -0.015963 0.024477 0.018092 -13.200000 19.200001 74.400002
-0.030273 -0.002686 -0.974365 -0.013835 0.026606 0.017028 -12.000000 19.799999 73.199997
-0.034424 0.003418 -0.976562 -0.013835 0.026606 0.014899 -12.600000 19.799999 74.400002
-0.031250 0.003906 -0.970947 -0.012771 0.026606 0.017028 -12.900000 20.700001 73.500000
-0.027344 0.000732 -0.979248 -0.015963 0.026606 0.020220 -11.700000 20.700001 75.300003
-0.022461 0.000732 -0.970459 -0.013835 0.027670 0.019156 -13.800000 18.600000 73.800003
-0.029053 -0.001221 -0.966064 -0.013835 0.026606 0.017028 -10.200000 18.000000 74.400002
-0.030762 -0.001953 -0.965576 -0.013835 0.027670 0.019156 -12.300000 18.299999 74.699997
-0.026123 0.001953 -0.971191 -0.015963 0.027670 0.019156 -11.400000 20.400000 75.000000
-0.030762 0.000000 -0.973145 -0.010642 0.027670 0.018092 -12.300000 20.100000 74.099998
-0.026367 0.008301 -0.982178 -0.018092 0.027670 0.019156 -12.900000 18.900000 74.699997
-0.025146 0.001465 -0.977539 -0.010642 0.024477 0.020220 -12.300000 19.500000 75.900002
-0.031494 0.002441 -0.965576 -0.027670 0.025541 0.014899 -12.900000 20.700001 72.900002
-0.030273 0.017090 -0.993164 0.007450 0.022349 0.020220 -11.700000 18.299999 73.500000
-0.022461 -0.014893 -0.916992 -0.017028 0.021284 0.013835 -12.900000 20.700001 74.099998
-0.023438 0.011230 -0.940430 -0.029798 0.030863 0.012771 -12.300000 20.100000 73.500000
-0.031738 0.018066 -0.969971 -0.006385 0.021284 0.023413 -12.600000 18.600000 75.000000
-0.034424 0.007568 -0.961670 -0.013835 0.026606 0.024477 -11.700000 19.500000 74.699997
-0.030518 0.017334 -0.962402 -0.020220 0.027670 0.018092 -12.000000 19.799999 75.000000
-0.031250 -0.005615 -0.960693 -0.010642 0.024477 0.013835 -14.100000 18.900000 72.900002
-0.022705 0.006836 -0.971191 -0.014899 0.024477 0.021284 -12.900000 19.500000 75.300003
-0.030273 0.002686 -0.965332 -0.009578 0.026606 0.019156 -11.700000 20.700001 75.300003
-0.026123 -0.010498 -0.997314 -0.013835 0.022349 0.018092 -13.200000 19.799999 73.199997
-0.025391 0.006836 -0.989502 -0.014899 0.028734 0.015963 -11.700000 20.700001 72.900002
-0.030273 0.003174 -0.968506 -0.018092 0.025541 0.018092 -12.300000 18.900000 74.699997
-0.026123 -0.000977 -0.975830 -0.012771 0.027670 0.019156 -12.900000 20.700001 73.500000
-0.027100 0.000977 -0.963135 -0.018092 0.026606 0.017028 -12.300000 19.500000 72.900002
-0.022217 -0.011719 -0.992920 -0.018092 0.027670 0.018092 -10.500000 19.500000 73.500000
-0.020996 0.004395 -0.970947 -0.014899 0.026606 0.018092 -13.200000 20.400000 74.400002
-0.029785 0.006592 -0.968506 -0.012771 0.025541 0.020220 -11.100000 21.299999 74.699997
-0.025879 0.003174 -0.971680 -0.011706 0.026606 0.018092 -12.300000 17.700001 74.699997
-0.031006 0.001465 -0.958496 -0.018092 0.026606 0.017028 -12.300000 20.700001 74.699997
-0.030518 0.001953 -0.975830 -0.012771 0.026606 0.020220 -12.000000 21.000000 75.000000
-0.035400 0.007812 -0.962891 -0.018092 0.027670 0.022349 -11.700000 20.700001 74.699997
-0.027588 0.004639 -0.974121 -0.013835 0.023413 0.022349 -12.000000 19.799999 75.000000
-0.024902 0.000977 -0.967041 -0.020220 0.028734 0.015963 -11.700000 21.900000 75.900002
-0.029297 0.007568 -0.966797 -0.014899 0.025541 0.020220 -12.600000 19.799999 74.400002
-0.028809 -0.003906 -0.958984 -0.012771 0.025541 0.014899 -11.700000 21.299999 75.300003
-0.025879 0.004150 -0.978027 -0.012771 0.026606 0.019156 -11.700000 18.299999 74.699997
-0.025635 0.003662 -0.977783 -0.010642 0.024477 0.020220 -11.100000 20.100000 72.300003
-0.033203 0.002441 -0.976562 -0.014899 0.027670 0.019156 -12.300000 19.500000 74.699997
-0.031738 0.009766 -0.972656 -0.010642 0.028734 0.018092 -11.400000 19.799999 73.800003
-0.031738 -0.010010 -0.979248 -0.012771 0.025541 0.018092 -10.800000 19.200001 74.400002
-0.022461 -0.003418 -0.969727 -0.014899 0.025541 0.014899 -10.800000 21.000000 74.400002
-0.029541 0.002197 -0.969482 -0.013835 0.027670 0.015963 -12.600000 19.799999 75.000000
-0.031250 0.000977 -0.967773 -0.011706 0.024477 0.020220 -12.900000 19.500000 74.099998
-0.027344 -0.002197 -0.974121 -0.017028 0.026606 0.018092 -13.200000 19.799999 73.199997
-0.022949 0.001953 -0.968018 -0.012771 0.024477 0.018092 -10.200000 20.400000 75.000000
-0.028809 0.001953 -0.973633 -0.018092 0.024477 0.017028 -12.000000 18.000000 75.000000
-0.034424 0.000000 -0.967285 -0.013835 0.023413 0.018092 -12.900000 20.100000 73.500000
-0.023193 0.005371 -0.962891 -0.012771 0.026606 0.015963 -12.300000 20.100000 74.699997
-0.030518 0.008301 -0.978516 -0.014899 0.023413 0.019156 -13.500000 20.700001 75.300003
-0.026855 0.001465 -0.966797 -0.010642 0.025541 0.020220 -13.200000 18.600000 72.000000
-0.033203 -0.007080 -0.970703 -0.012771 0.024477 0.019156 -12.300000 19.500000 74.699997
-0.034424 -0.003174 -0.972412 -0.017028 0.025541 0.018092 -12.000000 20.400000 75.599998
-0.024414 0.008057 -0.967285 -0.014899 0.023413 0.019156 -12.300000 20.700001 75.300003
-0.027832 0.004395 -0.975098 -0.014899 0.022349 0.015963 -13.800000 20.400000 75.000000
-0.031738 0.002197 -0.967041 -0.012771 0.021284 0.018092 -11.700000 18.299999 74.099998
-0.022705 0.000977 -0.957275 -0.013835 0.026606 0.017028 -13.200000 19.799999 73.800003
-0.029785 0.003174 -0.964600 -0.014899 0.024477 0.017028 -12.000000 19.799999 75.599998
-0.031738 -0.000488 -0.964355 -0.014899 0.026606 0.015963 -11.700000 20.100000 74.699997
-0.027588 0.006592 -0.977295 -0.015963 0.024477 0.018092 -12.000000 20.400000 75.599998
-0.027100 0.007568 -0.979248 -0.011706 0.027670 0.018092 -12.000000 19.799999 76.199997
-0.032715 -0.000732 -0.965088 -0.011706 0.028734 0.018092 -12.600000 20.400000 74.400002
-0.027832 -0.000977 -0.971436 -0.014899 0.026606 0.017028 -12.300000 19.500000 74.099998
-0.030518 0.000977 -0.972656 -0.012771 0.024477 0.019156 -12.300000 20.700001 75.300003
-0.021484 0.006348 -0.968018 -0.014899 0.027670 0.021284 -12.900000 20.100000 74.699997
-0.023926 -0.004639 -0.965088 -0.018092 0.027670 0.014899 -13.500000 20.700001 72.900002
-0.029541 0.003906 -0.971680 -0.018092 0.025541 0.020220 -12.300000 17.100000 72.900002
-0.030273 -0.002930 -0.965820 -0.014899 0.026606 0.019156 -12.900000 21.299999 74.099998
-0.029785 0.004395 -0.976074 -0.015963 0.026606 0.018092 -11.400000 19.200001 73.800003
-0.031250 0.004395 -0.975342 -0.012771 0.026606 0.015963 -14.100000 19.500000 74.099998
-0.028564 0.001709 -0.962402 -0.011706 0.023413 0.020220 -12.600000 18.600000 74.400002
-0.027832 -0.000732 -0.981445 -0.014899 0.024477 0.017028 -11.700000 19.500000 72.900002
-0.031250 0.000000 -0.977295 -0.017028 0.026606 0.018092 -13.800000 19.200001 74.400002
-0.030518 0.003174 -0.965820 -0.013835 0.027670 0.021284 -14.400000 18.600000 75.000000
-0.032227 -0.001709 -0.961426 -0.012771 0.027670 0.018092 -12.600000 20.400000 76.800003
-0.030029 0.006836 -0.970947 -0.012771 0.027670 0.020220 -12.600000 19.799999 73.199997
-0.032715 -0.002197 -0.969238 -0.014899 0.022349 0.021284 -12.300000 18.900000 74.099998
-0.027588 0.001709 -0.967041 -0.012771 0.024477 0.018092 -12.900000 18.299999 73.500000
-0.024414 0.001709 -0.974121 -0.014899 0.025541 0.018092 -12.600000 21.000000 74.400002
-0.034180 0.005127 -0.972656 -0.014899 0.025541 0.019156 -9.900000 20.100000 72.300003
-0.024902 0.002686 -0.979980 -0.015963 0.025541 0.019156 -13.500000 18.299999 74.699997
-0.030029 -0.004883 -0.968750 -0.012771 0.028734 0.018092 -12.300000 20.100000 74.099998
-0.026855 0.005127 -0.971191 -0.017028 0.028734 0.021284 -12.600000 18.600000 75.000000
-0.030518 0.001709 -0.969238 -0.015963 0.026606 0.019156 -12.900000 19.500000 73.500000
-0.030029 -0.000244 -0.962402 -0.018092 0.026606 0.020220 -13.800000 19.200001 74.400002
-0.029785 0.003906 -0.974121 -0.013835 0.027670 0.017028 -11.400000 19.200001 75.000000
-0.037109 0.001709 -0.968262 -0.017028 0.025541 0.015963 -13.800000 19.799999 73.199997
-0.026367 0.004395 -0.967285 -0.012771 0.026606 0.018092 -12.600000 21.000000 74.400002
-0.027100 0.001709 -0.969238 -0.017028 0.026606 0.017028 -12.000000 19.200001 73.800003
-0.024170 0.006836 -0.973389 -0.015963 0.026606 0.018092 -12.600000 19.799999 75.000000
-0.032959 0.001953 -0.961914 -0.012771 0.025541 0.019156 -12.600000 20.400000 75.000000
-0.032715 0.003662 -0.978516 -0.014899 0.023413 0.020220 -12.300000 19.500000 72.900002
-0.031250 0.002197 -0.981445 -0.017028 0.025541 0.018092 -12.600000 19.200001 74.400002
-0.031738 0.002930 -0.971924 -0.017028 0.026606 0.018092 -11.100000 18.900000 73.500000
-0.030762 0.007324 -0.969727 -0.014899 0.027670 0.019156 -13.200000 20.400000 73.199997
-0.029297 -0.004395 -0.968750 -0.012771 0.025541 0.017028 -13.200000 19.799999 74.400002
-0.023438 0.007324 -0.971191 -0.014899 0.024477 0.017028 -11.100000 19.500000 72.900002
-0.031006 0.005371 -0.967529 -0.014899 0.028734 0.019156 -12.300000 18.299999 74.699997
-0.028320 -0.000732 -0.968506 -0.013835 0.025541 0.018092 -12.600000 19.200001 73.800003
-0.022705 0.001465 -0.967285 -0.014899 0.026606 0.018092 -12.900000 19.500000 74.699997
-0.028320 0.002441 -0.975098 -0.011706 0.024477 0.014899 -12.000000 21.000000 72.000000
-0.034424 -0.003906 -0.971680 -0.015963 0.026606 0.017028 -12.300000 19.500000 74.699997
-0.034668 -0.000977 -0.968750 -0.017028 0.027670 0.019156 -11.400000 20.400000 73.199997
-0.022217 -0.002930 -0.978760 -0.015963 0.026606 0.019156 -11.700000 18.299999 74.699997
-0.030029 0.003662 -0.981201 -0.012771 0.023413 0.018092 -13.200000 19.799999 73.800003
-0.031738 0.005127 -0.967041 -0.015963 0.021284 0.019156 -12.600000 19.799999 73.199997
-0.020508 0.001465 -0.967285 -0.014899 0.025541 0.018092 -13.800000 19.200001 73.800003
-0.036133 0.002441 -0.981689 -0.014899 0.027670 0.018092 -12.300000 19.500000 76.500000
-0.029541 0.003906 -0.968994 -0.014899 0.028734 0.017028 -13.800000 19.200001 74.400002
-0.030762 0.006348 -0.965332 -0.014899 0.026606 0.018092 -12.300000 18.900000 75.300003
-0.028809 0.005127 -0.974854 -0.014899 0.026606 0.019156 -11.400000 21.000000 75.000000
-0.031250 0.001221 -0.972656 -0.014899 0.026606 0.018092 -11.700000 20.700001 74.099998
-0.030762 0.000977 -0.972412 -0.013835 0.025541 0.017028 -12.600000 20.400000 75.000000
-0.022461 0.001221 -0.966309 -0.015963 0.025541 0.018092 -10.800000 19.799999 73.800003
-0.034424 0.003662 -0.971680 -0.012771 0.026606 0.017028 -12.900000 19.500000 75.300003
-0.031250 -0.000244 -0.974854 -0.015963 0.027670 0.018092 -12.600000 19.799999 73.199997
-0.023193 0.003174 -0.971680 -0.012771 0.025541 0.018092 -11.400000 19.200001 75.000000
-0.030273 0.003418 -0.976074 -0.011706 0.027670 0.018092 -11.400000 19.799999 73.199997
-0.029053 0.000244 -0.966797 -0.015963 0.028734 0.018092 -10.500000 20.100000 74.699997
-0.028809 0.007324 -0.972168 -0.011706 0.027670 0.015963 -11.400000 18.600000 74.400002
