0.000000 0.000000 61412843737428525056.000000 0.000000 0.000000 0.000000 67309678592.000000 0.000000 367459565568.000000
-0.028320 0.014648 -0.963379 -0.015963 0.025541 0.017028 4.800000 -26.400000 67.800003
-0.027344 0.011475 -0.980225 -0.014899 0.026606 0.022349 5.400000 -26.400000 66.000000
-0.032471 0.015869 -0.968750 -0.012771 0.026606 0.019156 4.800000 -26.400000 67.800003
-0.029297 0.011230 -0.967773 -0.014899 0.023413 0.014899 5.100000 -24.900000 66.300003
-0.027100 0.008301 -0.980957 -0.011706 0.023413 0.019156 3.600000 -24.600000 68.400002
-0.026611 0.012207 -0.971924 -0.014899 0.029798 0.018092 3.300000 -24.299999 68.699997
-0.028320 0.007080 -0.973389 -0.013835 0.026606 0.018092 3.900000 -24.900000 67.500000
-0.028076 0.009033 -0.967773 -0.011706 0.024477 0.017028 6.900000 -24.299999 69.300003
-0.024902 0.012451 -0.981689 -0.013835 0.024477 0.019156 5.100000 -23.100000 68.099998
-0.026855 0.010010 -0.974609 -0.012771 0.025541 0.018092 4.500000 -24.900000 66.900002
-0.025879 0.022217 -0.966797 -0.013835 0.024477 0.017028 5.700000 -23.100000 67.500000
-0.024902 0.013916 -0.971436 -0.010642 0.025541 0.018092 3.000000 -24.600000 66.599998
-0.030273 0.013916 -0.979736 -0.009578 0.023413 0.019156 3.600000 -26.400000 67.199997
-0.027100 0.010742 -0.973145 -0.012771 0.021284 0.019156 5.400000 -25.799999 65.400002
-0.029053 0.015869 -0.967285 -0.013835 0.027670 0.017028 4.800000 -28.200001 66.000000
-0.023438 0.021484 -0.971680 -0.012771 0.025541 0.018092 4.200000 -30.000000 66.000000
-0.027100 0.012939 -0.963623 -0.011706 0.027670 0.017028 2.400000 -28.799999 63.000000
-0.028320 0.012939 -0.967773 -0.013835 0.025541 0.019156 2.400000 -30.000000 63.000000
-0.025635 0.012207 -0.963867 -0.014899 0.023413 0.018092 2.400000 -30.600000 63.599998
-0.024170 0.014893 -0.968262 -0.015963 0.027670 0.020220 2.100000 -30.900000 62.099998
-0.021973 0.016357 -0.977539 -0.010642 0.024477 0.018092 2.100000 -30.299999 62.700001
-0.027832 0.018066 -0.968506 -0.012771 0.025541 0.018092 2.700000 -30.299999 60.900002
-0.031738 0.006104 -0.977051 -0.013835 0.026606 0.015963 0.000000 -31.200001 60.599998
-0.026123 0.011475 -0.976074 -0.012771 0.026606 0.018092 1.200000 -30.000000 61.200001
-0.023682 0.012207 -0.971924 -0.014899 0.027670 0.020220 1.800000 -31.200001 61.799999
-0.031250 0.011719 -0.973145 -0.018092 0.028734 0.018092 1.200000 -29.400000 62.400002
-0.023926 0.013184 -0.967773 -0.011706 0.027670 0.020220 3.900000 -28.500000 59.700001
-0.029053 0.013184 -0.972412 -0.017028 0.026606 0.019156 6.600000 -25.799999 60.000000
-0.140869 0.065186 -0.738525 -0.028734 -0.012771 0.021284 7.800000 -26.400000 58.200001
0.100342 -0.091553 -0.872314 -0.024477 0.023413 0.007450 6.900000 -25.500000 58.500000
-0.104492 0.052979 -1.001709 0.006385 0.045762 0.018092 4.500000 -27.900000 58.500000
-0.013184 0.037842 -0.976807 0.000000 0.010642 0.028734 2.700000 -30.900000 60.900002
-0.070312 0.030273 -0.983887 -0.024477 0.028734 0.023413 0.600000 -32.400002 61.799999
-0.039062 0.032959 -0.985352 -0.010642 0.029798 0.021284 1.800000 -30.600000 62.400002
-0.014160 0.001709 -0.961670 -0.012771 0.025541 0.014899 1.500000 -30.900000 62.099998
-0.037598 0.011475 -0.970215 -0.009578 0.027670 0.019156 0.900000 -33.299999 65.099998
-0.024414 0.001221 -0.960693 -0.007450 0.019156 0.017028 -0.600000 -31.200001 63.000000
-0.023193 0.001709 -0.957275 -0.015963 0.027670 0.017028 0.300000 -31.500000 62.700001
-0.028564 0.008545 -0.979004 -0.013835 0.028734 0.018092 0.300000 -32.099998 63.299999
-0.024902 0.021973 -0.971924 -0.010642 0.025541 0.023413 -0.600000 -32.400002 64.199997
-0.026367 0.017578 -0.975586 -0.019156 0.025541 0.019156 1.200000 -32.400002 63.000000
-0.028320 0.008057 -0.969971 -0.011706 0.022349 0.017028 0.300000 -30.299999 65.099998
-0.020752 0.008301 -0.975830 -0.014899 0.025541 0.017028 0.300000 -32.099998 63.299999
-0.024658 0.005615 -0.980225 -0.011706 0.021284 0.018092 -1.800000 -30.600000 64.199997
-0.028564 0.009521 -0.978027 -0.012771 0.026606 0.019156 0.000000 -29.400000 66.599998
-0.025635 0.015381 -0.966553 -0.012771 0.028734 0.023413 -1.500000 -31.500000 64.500000
-0.024170 0.008789 -0.974365 -0.013835 0.026606 0.018092 -3.300000 -30.900000 63.900002
-0.026855 0.011475 -0.975586 -0.013835 0.025541 0.022349 -2.100000 -30.299999 63.900002
-0.030029 0.003174 -0.972900 -0.014899 0.026606 0.015963 -1.800000 -32.400002 64.199997
-0.031250 0.008301 -0.960938 -0.012771 0.025541 0.019156 -0.600000 -31.200001 63.000000
-0.026855 0.017090 -0.988037 -0.013835 0.023413 0.020220 -1.200000 -33.000000 62.400002
-0.025391 0.013428 -0.980225 -0.011706 0.027670 0.020220 -2.700000 -35.700001 62.700001
-0.028809 0.007812 -0.970215 -0.015963 0.025541 0.014899 -1.800000 -34.799999 61.799999
-0.026611 0.027832 -0.974854 -0.013835 0.026606 0.018092 -2.700000 -36.299999 62.700001
-0.025635 0.015137 -0.970215 -0.014899 0.025541 0.020220 -3.600000 -36.000000 62.400002
-0.023438 0.007324 -0.982910 -0.013835 0.026606 0.020220 -4.500000 -36.900002 60.900002
-0.025635 0.011963 -0.977539 -0.015963 0.025541 0.018092 -5.100000 -37.500000 62.099998
-0.022461 0.011230 -0.971436 -0.014899 0.027670 0.014899 -4.200000 -38.400002 60.599998
-0.016602 0.019775 -0.974609 -0.015963 0.028734 0.022349 -5.400000 -37.799999 61.799999
-0.030518 0.016113 -0.978516 -0.013835 0.026606 0.019156 -5.400000 -37.799999 61.799999
-0.031982 0.010010 -0.972900 -0.017028 0.026606 0.017028 -5.700000 -38.099998 59.700001
-0.028076 0.015625 -0.980469 -0.012771 0.026606 0.020220 -4.500000 -38.700001 62.700001
-0.026123 0.016846 -0.974609 -0.014899 0.024477 0.019156 -4.800000 -39.000000 62.400002
-0.026367 0.014160 -0.972656 -0.015963 0.024477 0.019156 -4.200000 -39.599998 63.000000
-0.023438 0.014404 -0.968994 -0.013835 0.026606 0.021284 -4.500000 -41.099998 62.099998
-0.027344 0.015625 -0.971191 -0.015963 0.027670 0.019156 -4.800000 -39.599998 63.000000
-0.024414 0.013916 -0.983154 -0.015963 0.027670 0.019156 -5.100000 -39.900002 60.900002
-0.019043 0.012207 -0.977295 -0.015963 0.027670 0.018092 -4.800000 -40.200001 61.200001
-0.025391 0.017578 -0.970459 -0.010642 0.025541 0.019156 -5.700000 -41.099998 61.500000
-0.024414 0.014404 -0.978271 -0.014899 0.025541 0.015963 -7.200000 -40.200001 62.400002
-0.026367 0.010254 -0.967285 -0.015963 0.027670 0.019156 -6.600000 -42.599998 61.799999
-0.024658 0.017822 -0.979980 -0.015963 0.023413 0.017028 -7.800000 -43.799999 63.000000
-0.026855 0.014160 -0.966064 -0.012771 0.024477 0.018092 -7.200000 -45.000000 61.200001
-0.025635 0.009033 -0.970459 -0.011706 0.026606 0.020220 -8.100000 -47.700001 62.099998
-0.024658 0.014893 -0.961426 -0.012771 0.024477 0.019156 -8.700000 -48.900002 61.500000
-0.024902 0.011230 -0.975098 -0.014899 0.025541 0.018092 -9.300000 -50.099998 61.500000
-0.020752 0.013672 -0.961426 -0.015963 0.023413 0.018092 -9.300000 -52.500000 62.099998
-0.022705 0.017334 -0.977051 -0.013835 0.025541 0.018092 -8.400000 -54.000000 62.400002
-0.027588 0.010010 -0.979004 -0.012771 0.026606 0.020220 -8.400000 -55.799999 61.200001
-0.024658 0.015381 -0.972656 -0.013835 0.025541 0.020220 -9.000000 -55.799999 60.599998
-0.029297 0.016113 -0.971680 -0.014899 0.027670 0.018092 -10.200000 -55.799999 60.000000
-0.024414 0.017822 -0.970703 -0.014899 0.025541 0.019156 -8.700000 -55.500000 60.299999
-0.022949 0.009277 -0.976562 -0.012771 0.025541 0.018092 -10.200000 -58.200001 58.799999
-0.029053 0.008789 -0.974121 -0.013835 0.024477 0.019156 -9.300000 -57.900002 57.299999
-0.023438 0.009277 -0.972168 -0.017028 0.024477 0.018092 -9.000000 -58.200001 55.799999
-0.024902 0.008789 -0.967041 -0.009578 0.027670 0.020220 -10.200000 -57.599998 55.799999
-0.025391 0.018311 -0.969482 -0.012771 0.022349 0.018092 -8.700000 -59.099998 55.500000
-0.022949 0.009766 -0.972656 -0.014899 0.027670 0.018092 -8.100000 -60.299999 54.900002
-0.026855 0.017334 -0.974609 -0.010642 0.024477 0.017028 -8.700000 -59.099998 53.700001
-0.023193 0.002441 -0.969238 -0.012771 0.025541 0.019156 -6.900000 -58.500000 54.900002
-0.025635 0.015625 -0.972168 -0.012771 0.023413 0.020220 -8.700000 -59.700001 54.900002
-0.025879 0.011963 -0.970703 -0.014899 0.025541 0.017028 -8.400000 -60.599998 54.000000
-0.027832 0.010254 -0.974121 -0.015963 0.026606 0.019156 -6.600000 -61.200001 55.200001
-0.023682 0.011475 -0.968750 -0.015963 0.026606 0.017028 -6.600000 -59.400002 52.200001
-0.028320 0.010986 -0.967041 -0.009578 0.027670 0.020220 -6.900000 -60.299999 51.900002
-0.020508 0.014160 -0.976074 -0.013835 0.025541 0.018092 -9.000000 -62.400002 52.200001
-0.023193 0.007324 -0.974121 -0.014899 0.026606 0.020220 -9.900000 -61.500000 51.900002
-0.026367 0.007812 -0.974609 -0.013835 0.026606 0.015963 -6.900000 -62.700001 50.099998
-0.036133 0.015869 -0.976562 -0.014899 0.027670 0.020220 -6.600000 -62.400002 49.799999
-0.030029 0.012207 -0.964844 -0.014899 0.027670 0.018092 -6.300000 -62.700001 48.299999
-0.025146 0.011230 -0.971436 -0.011706 0.023413 0.020220 -5.100000 -63.299999 47.099998
-0.029297 0.019531 -0.968262 -0.015963 0.024477 0.019156 -5.400000 -63.000000 48.000000
-0.025635 0.012207 -0.972900 -0.013835 0.027670 0.019156 -4.200000 -62.400002 48.599998
-0.021484 0.007324 -0.971191 -0.011706 0.026606 0.015963 -3.000000 -61.799999 47.400002
-0.023438 0.014648 -0.956787 -0.012771 0.025541 0.021284 -4.500000 -62.700001 45.900002
-0.029053 0.012939 -0.972900 -0.013835 0.024477 0.020220 -4.200000 -63.599998 43.200001
-0.028076 0.009766 -0.975586 -0.013835 0.025541 0.017028 -6.000000 -66.599998 41.400002
-0.028320 0.014404 -0.969482 -0.015963 0.026606 0.020220 -6.300000 -67.500000 40.500000
-0.025391 0.010742 -0.965088 -0.013835 0.024477 0.018092 -7.800000 -68.400002 37.200001
-0.025635 0.006592 -0.978760 -0.010642 0.025541 0.018092 -9.300000 -69.900002 32.099998
-0.021729 0.006592 -0.966309 -0.014899 0.025541 0.018092 -10.200000 -71.400002 28.799999
-0.024902 0.010498 -0.970703 -0.015963 0.027670 0.021284 -12.000000 -72.599998 25.200001
-0.030518 0.018311 -0.972900 -0.014899 0.023413 0.018092 -9.600000 -72.000000 21.000000
-0.030273 0.009521 -0.974121 -0.015963 0.024477 0.015963 -11.700000 -72.900002 15.900000
-0.024902 0.013672 -0.972656 -0.010642 0.025541 0.019156 -11.400000 -74.400002 13.800000
-0.021484 0.008545 -0.973389 -0.013835 0.020220 0.020220 -9.900000 -72.900002 10.500000
-0.030273 0.009766 -0.973633 -0.012771 0.024477 0.015963 -9.300000 -73.500000 6.900000
-0.020996 0.005615 -0.966553 -0.015963 0.024477 0.013835 -9.900000 -75.900002 6.300000
-0.024170 0.014160 -0.972900 -0.014899 0.026606 0.021284 -7.800000 -72.000000 3.600000
-0.028809 0.011719 -0.965332 -0.013835 0.026606 0.017028 -7.500000 -71.099998 0.300000
-0.031006 0.012207 -0.973389 -0.017028 0.026606 0.019156 -4.500000 -70.500000 -1.500000
-0.024170 0.011230 -0.977051 -0.017028 0.026606 0.018092 -3.900000 -69.900002 -3.300000
-0.025146 0.012939 -0.969482 -0.017028 0.026606 0.018092 -4.200000 -69.599998 -7.200000
-0.020508 0.012207 -0.973877 -0.014899 0.025541 0.018092 -3.600000 -70.199997 -7.800000
-0.026611 0.014160 -0.981934 -0.009578 0.025541 0.018092 -1.200000 -68.400002 -12.600000
-0.021484 0.017334 -0.974854 -0.014899 0.023413 0.019156 -0.600000 -68.400002 -15.000000
-0.030029 0.016357 -0.977295 -0.011706 0.024477 0.020220 0.300000 -68.099998 -17.700001
-0.018555 0.012451 -0.977051 -0.012771 0.024477 0.022349 3.000000 -73.199997 -19.799999
-0.027100 0.012695 -0.973145 -0.018092 0.024477 0.017028 5.100000 -77.099998 -23.100000
-0.027832 0.007324 -0.965820 -0.012771 0.025541 0.019156 5.700000 -86.099998 -27.900000
-0.025391 0.015381 -0.974854 -0.009578 0.025541 0.018092 6.600000 -93.000000 -30.600000
-0.027344 0.009521 -0.976807 -0.018092 0.025541 0.021284 6.600000 -97.199997 -36.599998
-0.026123 0.011230 -0.973633 -0.012771 0.027670 0.017028 7.500000 -94.500000 -38.099998
-0.023438 0.019043 -0.972900 -0.014899 0.024477 0.017028 12.600000 -80.400002 -37.200001
-0.030273 0.009766 -0.977783 -0.014899 0.027670 0.017028 17.400000 -50.400002 -28.799999
-0.029297 0.008789 -0.971436 -0.009578 0.025541 0.019156 23.400000 -30.000000 -21.000000
-0.011475 -0.016846 -0.752441 0.005321 0.021284 0.015963 24.900000 -26.100000 -19.500000
-0.057129 -0.031250 -0.883789 -0.021284 0.039376 0.012771 21.299999 -32.099998 -21.299999
-0.027832 0.007812 -0.989990 -0.010642 0.024477 0.020220 17.400000 -43.799999 -27.000000
-0.049072 0.019531 -1.010498 -0.003193 0.015963 0.024477 6.300000 -75.900002 -32.700001
0.002197 -0.002197 -0.944336 -0.024477 0.027670 0.012771 0.000000 -100.800003 -29.400000
-0.019287 -0.001709 -0.972656 -0.008514 0.022349 0.012771 -6.600000 -109.800003 -16.799999
-0.031982 0.006104 -0.968262 -0.015963 0.027670 0.015963 -9.300000 -112.500000 -6.300000
-0.023682 0.014160 -0.981201 -0.012771 0.022349 0.019156 -11.700000 -105.900002 6.300000
-0.028320 0.014648 -0.968750 -0.022349 0.026606 0.017028 -13.500000 -96.900002 12.900000
-0.026367 0.007812 -0.977295 -0.011706 0.025541 0.019156 -13.500000 -86.699997 21.900000
-0.028076 0.005615 -0.970703 -0.015963 0.025541 0.017028 -13.800000 -77.400002 29.400000
-0.022705 0.011719 -0.982422 -0.014899 0.028734 0.019156 -13.800000 -66.599998 37.799999
-0.028809 0.013184 -0.972900 -0.015963 0.024477 0.020220 -11.700000 -57.900002 42.900002
-0.020264 0.012695 -0.974609 -0.014899 0.025541 0.015963 -13.200000 -52.200001 49.799999
-0.032227 0.008789 -0.973389 -0.011706 0.023413 0.017028 -7.800000 -46.200001 54.599998
-0.031006 0.006348 -0.970703 -0.014899 0.025541 0.019156 -6.000000 -40.799999 57.599998
-0.025879 0.013184 -0.973633 -0.012771 0.026606 0.019156 -2.100000 -36.900002 60.299999
-0.026611 0.011230 -0.965088 -0.010642 0.026606 0.017028 0.300000 -35.099998 62.099998
-0.022949 0.015869 -0.973633 -0.012771 0.024477 0.015963 2.100000 -34.500000 63.299999
-0.021973 0.018555 -0.982422 -0.013835 0.024477 0.018092 3.000000 -34.200001 66.000000
-0.032227 0.010010 -0.969971 -0.015963 0.026606 0.020220 3.300000 -32.700001 66.300003
-0.018799 0.010986 -0.974854 -0.014899 0.025541 0.019156 5.700000 -31.500000 66.900002
-0.025879 0.007568 -0.975586 -0.015963 0.024477 0.019156 4.800000 -30.600000 66.599998
-0.031250 0.015625 -0.969971 -0.011706 0.027670 0.020220 6.000000 -31.200001 67.800003
-0.027832 0.011230 -0.975098 -0.013835 0.027670 0.020220 6.900000 -29.700001 68.099998
-0.026367 0.012939 -0.969971 -0.009578 0.026606 0.015963 7.800000 -30.000000 69.000000
-0.021240 0.007812 -0.969971 -0.014899 0.025541 0.018092 6.000000 -28.799999 66.599998
-0.032471 0.014404 -0.969727 -0.013835 0.028734 0.018092 8.700000 -30.299999 69.300003
-0.022461 0.009033 -0.969238 -0.013835 0.024477 0.017028 6.900000 -29.700001 68.699997
-0.031250 0.012451 -0.963379 -0.010642 0.027670 0.019156 7.500000 -29.700001 69.900002
-0.020752 0.014893 -0.979004 -0.013835 0.026606 0.019156 6.000000 -30.600000 69.599998
-0.021973 0.012695 -0.967041 -0.013835 0.027670 0.021284 8.100000 -29.100000 69.900002
-0.028564 0.018799 -0.980225 -0.013835 0.023413 0.022349 6.600000 -30.000000 69.599998
-0.022705 0.018066 -0.967285 -0.012771 0.027670 0.020220 6.600000 -29.400000 71.400002
-0.025879 0.012939 -0.978271 -0.013835 0.028734 0.018092 8.400000 -30.000000 69.599998
-0.028809 0.015381 -0.972656 -0.012771 0.027670 0.018092 8.700000 -30.900000 71.099998
-0.027344 0.013184 -0.970215 -0.011706 0.026606 0.018092 7.200000 -28.799999 71.400002
-0.023438 0.014648 -0.971924 -0.014899 0.025541 0.018092 5.700000 -30.299999 70.500000
-0.027344 0.015381 -0.966797 -0.014899 0.026606 0.020220 7.800000 -30.600000 70.199997
-0.028564 0.014893 -0.974609 -0.013835 0.025541 0.015963 9.600000 -29.400000 72.000000
-0.031006 0.005615 -0.971436 -0.013835 0.026606 0.018092 8.400000 -28.799999 70.800003
-0.027100 0.009521 -0.977783 -0.014899 0.024477 0.015963 9.300000 -27.900000 71.699997
-0.027100 0.009766 -0.977051 -0.012771 0.025541 0.018092 6.900000 -30.299999 69.900002
-0.028809 0.012207 -0.976074 -0.013835 0.026606 0.019156 9.600000 -28.799999 72.000000
-0.025879 0.010742 -0.967285 -0.015963 0.027670 0.017028 9.000000 -29.400000 70.800003
-0.023438 0.019775 -0.980469 -0.015963 0.025541 0.019156 6.600000 -28.200001 72.000000
-0.030518 0.006348 -0.977051 -0.015963 0.024477 0.017028 6.900000 -29.700001 71.099998
-0.023193 0.018066 -0.968750 -0.011706 0.027670 0.019156 6.300000 -29.100000 72.300003
-0.030029 0.012207 -0.970703 -0.014899 0.027670 0.015963 6.000000 -28.200001 72.599998
-0.022949 0.009521 -0.970947 -0.014899 0.023413 0.021284 6.600000 -30.600000 73.199997
-0.028564 0.012939 -0.970459 -0.011706 0.024477 0.020220 5.400000 -29.400000 73.800003
-0.022461 0.015869 -0.973389 -0.013835 0.027670 0.014899 3.900000 -29.100000 74.699997
-0.023926 0.013672 -0.961182 -0.012771 0.024477 0.018092 3.600000 -30.600000 76.800003
-0.032471 0.018555 -0.970703 -0.013835 0.026606 0.021284 2.100000 -29.700001 77.099998
-0.028320 0.017090 -0.969971 -0.014899 0.026606 0.019156 0.600000 -30.000000 77.400002
-0.025635 0.019043 -0.969971 -0.010642 0.026606 0.020220 0.300000 -30.900000 81.300003
-0.029785 0.012207 -0.965088 -0.012771 0.024477 0.019156 -0.900000 -29.700001 81.900002
-0.024902 0.014893 -0.969238 -0.011706 0.026606 0.020220 -3.900000 -30.900000 82.500000
-0.028076 0.009766 -0.967285 -0.013835 0.027670 0.018092 -5.100000 -30.299999 84.900002
-0.030762 0.010498 -0.986328 -0.012771 0.029798 0.021284 -6.600000 -31.799999 86.400002
-0.022461 0.018066 -0.973145 -0.013835 0.026606 0.017028 -4.200000 -31.200001 87.599998
-0.029297 0.012695 -0.973145 -0.013835 0.027670 0.019156 -7.500000 -31.500000 89.099998
-0.023682 0.009521 -0.973389 -0.013835 0.022349 0.018092 -8.700000 -31.500000 89.699997
-0.027832 0.009521 -0.967773 -0.011706 0.025541 0.019156 -9.300000 -33.299999 90.300003
-0.024658 0.017578 -0.968018 -0.011706 0.027670 0.019156 -10.800000 -33.000000 91.199997
-0.022217 0.016357 -0.979004 -0.012771 0.025541 0.019156 -11.700000 -32.700001 91.500000
-0.025146 0.010742 -0.976562 -0.011706 0.025541 0.018092 -11.400000 -34.799999 91.800003
-0.034180 0.009033 -0.972168 -0.013835 0.024477 0.019156 -9.900000 -35.099998 91.500000
-0.030273 0.014648 -0.972168 -0.015963 0.026606 0.020220 -10.200000 -33.599998 91.199997
-0.025635 0.010010 -0.971680 -0.013835 0.024477 0.017028 -9.600000 -34.799999 91.800003
-0.020996 0.009521 -0.973877 -0.014899 0.024477 0.021284 -8.100000 -35.099998 90.900002
-0.031250 0.017334 -0.977051 -0.014899 0.024477 0.020220 -9.000000 -33.000000 88.800003
-0.023193 0.012207 -0.973389 -0.011706 0.025541 0.018092 -7.800000 -33.599998 91.199997
-0.021973 0.012207 -0.969971 -0.012771 0.025541 0.017028 -7.200000 -35.400002 91.199997
-0.025146 0.016357 -0.966064 -0.013835 0.024477 0.017028 -6.600000 -34.799999 89.400002
-0.022217 0.018799 -0.973145 -0.013835 0.026606 0.019156 -7.800000 -34.799999 90.599998
-0.020752 0.017334 -0.983643 -0.014899 0.028734 0.019156 -8.100000 -34.500000 90.900002
-0.019531 0.014160 -0.978516 -0.014899 0.025541 0.020220 -9.000000 -34.200001 91.199997
-0.020508 0.011963 -0.973633 -0.013835 0.022349 0.019156 -6.300000 -34.500000 91.500000
-0.024902 0.017334 -0.969482 -0.012771 0.025541 0.018092 -8.700000 -33.900002 91.500000
-0.024170 0.009766 -0.974365 -0.013835 0.025541 0.019156 -6.900000 -33.900002 90.900002
-0.028076 0.012207 -0.974854 -0.011706 0.025541 0.015963 -7.800000 -33.599998 91.199997
-0.015625 0.011475 -0.973633 -0.015963 0.026606 0.018092 -9.900000 -33.299999 92.699997
-0.031006 0.007812 -0.962402 -0.010642 0.027670 0.022349 -14.100000 -33.299999 92.099998
-0.030762 0.013428 -0.967285 0.169212 0.051083 -0.032991 -19.500000 -32.700001 94.500000
0.047363 0.284668 -1.401611 -0.018092 0.060661 -0.054275 -18.600000 -34.200001 94.199997
-0.029297 -0.014648 -0.869629 -0.014899 0.010642 0.024477 -16.500000 -34.500000 92.699997
-0.054443 -0.003662 -1.108398 -0.017028 0.031927 0.011706 -8.700000 -33.299999 91.500000
-0.016357 -0.016113 -0.897461 -0.007450 0.040441 0.010642 -6.300000 -32.099998 89.099998
-0.040771 0.038086 -0.951416 0.001064 0.041505 0.026606 -3.600000 -33.599998 87.599998
-0.038818 0.049561 -0.940430 -0.005321 0.043633 0.021284 -1.800000 -34.200001 85.199997
-0.039307 0.033691 -0.950439 -0.009578 0.028734 0.014899 0.300000 -33.900002 85.500000
-0.032959 0.010742 -0.955566 -0.013835 0.019156 0.017028 0.900000 -35.700001 84.900002
-0.022949 -0.001465 -0.980957 -0.019156 0.018092 0.014899 -1.500000 -33.900002 84.300003
-0.018311 -0.000732 -0.983154 -0.015963 0.022349 0.019156 1.500000 -35.700001 85.500000
-0.012695 0.000977 -0.989746 -0.014899 0.022349 0.019156 2.100000 -37.500000 84.300003
-0.021973 0.006348 -0.968262 -0.012771 0.028734 0.020220 0.900000 -38.099998 86.099998
-0.025879 0.014648 -0.964111 -0.011706 0.031927 0.014899 0.900000 -37.500000 85.500000
-0.024658 0.023193 -0.956055 -0.013835 0.029798 0.017028 0.300000 -39.299999 83.699997
-0.032959 0.014648 -0.970215 -0.014899 0.021284 0.019156 0.300000 -38.700001 82.500000
-0.024658 0.018311 -0.974121 -0.015963 0.024477 0.017028 0.600000 -39.000000 83.400002
-0.025391 0.003662 -0.967773 -0.013835 0.027670 0.020220 3.000000 -39.000000 83.400002
-0.027344 0.002930 -0.978760 -0.012771 0.027670 0.018092 1.200000 -40.200001 84.000000
-0.030273 0.013184 -0.971924 -0.011706 0.027670 0.015963 0.300000 -39.900002 84.300003
-0.025879 0.011475 -0.964355 -0.014899 0.026606 0.015963 -0.900000 -39.900002 83.699997
-0.019531 0.011475 -0.979492 -0.013835 0.024477 0.018092 -1.500000 -39.900002 84.900002
-0.031494 0.012939 -0.971680 -0.014899 0.023413 0.019156 0.600000 -39.000000 84.599998
-0.030273 0.011230 -0.970947 -0.011706 0.026606 0.017028 -0.600000 -39.599998 84.000000
-0.027344 0.014160 -0.974609 -0.015963 0.026606 0.020220 -2.400000 -41.400002 84.000000
-0.023926 0.014404 -0.967285 -0.014899 0.026606 0.019156 -0.900000 -39.299999 84.300003
-0.024170 0.010742 -0.972168 -0.014899 0.024477 0.017028 -1.800000 -42.000000 84.599998
-0.023682 0.011963 -0.987305 -0.013835 0.024477 0.018092 -1.800000 -43.200001 84.599998
-0.024902 0.011963 -0.982178 -0.012771 0.027670 0.018092 -2.700000 -44.099998 83.699997
-0.024414 0.016113 -0.979492 -0.010642 0.025541 0.020220 -1.200000 -45.599998 84.000000
-0.025635 0.009033 -0.968750 -0.013835 0.027670 0.017028 -2.100000 -48.299999 82.500000
-0.020752 0.010742 -0.965332 -0.018092 0.023413 0.018092 -3.900000 -48.299999 79.500000
-0.026611 0.011230 -0.969971 -0.015963 0.026606 0.020220 -3.000000 -50.400002 78.599998
-0.031006 0.013916 -0.976074 -0.012771 0.022349 0.015963 -3.300000 -48.900002 76.500000
-0.033447 0.009277 -0.969971 -0.011706 0.024477 0.019156 0.000000 -45.599998 74.400002
-0.028076 0.013916 -0.973633 -0.017028 0.025541 0.019156 -0.900000 -42.900002 71.099998
-0.025146 0.010254 -0.968262 -0.013835 0.025541 0.018092 1.200000 -40.200001 72.599998
-0.022217 0.007812 -0.974609 -0.014899 0.024477 0.017028 2.700000 -39.299999 70.500000
-0.027588 0.008789 -0.974609 -0.014899 0.024477 0.018092 2.700000 -38.099998 71.099998
-0.032471 0.013428 -0.973877 -0.013835 0.024477 0.021284 2.400000 -37.200001 72.000000
-0.032715 0.013672 -0.972168 -0.012771 0.025541 0.015963 4.200000 -34.200001 70.199997
-0.023926 0.012939 -0.973389 -0.012771 0.025541 0.017028 5.400000 -33.000000 70.800003
-0.029053 0.005615 -0.978516 -0.011706 0.024477 0.015963 4.200000 -32.400002 71.400002
-0.028564 0.010986 -0.977783 -0.014899 0.024477 0.020220 7.800000 -33.599998 71.400002
-0.030518 0.011963 -0.962891 -0.012771 0.024477 0.020220 6.300000 -32.099998 71.099998
-0.024902 0.015137 -0.965332 -0.009578 0.024477 0.017028 5.100000 -32.700001 71.099998
-0.030029 0.019287 -0.974365 -0.014899 0.026606 0.018092 6.000000 -33.000000 71.400002
-0.031738 0.010986 -0.968018 -0.013835 0.025541 0.014899 5.400000 -31.200001 70.800003
-0.022705 0.012207 -0.977051 -0.011706 0.025541 0.019156 6.900000 -32.700001 72.900002
-0.030518 0.016846 -0.979492 -0.012771 0.024477 0.018092 5.700000 -32.700001 70.500000
-0.031494 0.013672 -0.975586 -0.013835 0.025541 0.020220 6.300000 -32.099998 71.699997
-0.019043 0.010742 -0.978516 -0.009578 0.023413 0.019156 6.600000 -31.799999 70.800003
-0.029541 0.013916 -0.969238 -0.014899 0.025541 0.017028 6.000000 -33.000000 72.000000
-0.027832 0.011963 -0.976074 -0.011706 0.024477 0.021284 6.900000 -32.099998 72.300003
-0.026367 0.006348 -0.965088 -0.013835 0.026606 0.020220 8.400000 -33.000000 70.800003
-0.005127 0.034180 -0.896240 -0.013835 0.023413 0.015963 6.000000 -31.200001 73.800003
-0.017334 0.005371 -0.973633 -0.014899 0.028734 0.011706 6.300000 -30.900000 71.099998
-0.028809 0.011230 -0.979004 -0.010642 0.020220 0.021284 7.500000 -32.099998 74.099998
-0.024414 0.009033 -0.957275 -0.015963 0.026606 0.017028 4.500000 -32.700001 72.900002
-0.025391 0.017578 -0.975098 -0.013835 0.025541 0.014899 5.400000 -31.799999 71.400002
-0.024170 0.013184 -0.972656 -0.015963 0.024477 0.014899 6.300000 -32.099998 70.500000
-0.022949 0.010254 -0.975342 -0.012771 0.026606 0.019156 4.800000 -31.799999 72.599998
-0.026611 0.014648 -0.967773 -0.014899 0.026606 0.018092 4.800000 -31.200001 70.800003
-0.026855 0.011475 -0.968994 -0.015963 0.024477 0.019156 5.700000 -31.500000 72.300003
-0.025879 0.011475 -0.972900 -0.014899 0.026606 0.018092 4.800000 -31.799999 71.400002
-0.021973 0.017578 -0.976807 -0.012771 0.025541 0.020220 6.600000 -31.799999 72.599998
-0.023926 0.010986 -0.968018 -0.011706 0.026606 0.019156 4.500000 -31.500000 71.699997
-0.025146 0.010498 -0.975830 -0.013835 0.025541 0.021284 5.100000 -30.900000 72.900002
-0.023926 0.017822 -0.979980 -0.013835 0.023413 0.018092 6.600000 -31.799999 73.199997
-0.031250 0.013916 -0.967529 -0.010642 0.026606 0.015963 5.100000 -30.900000 71.699997
-0.024170 0.014648 -0.977295 -0.014899 0.025541 0.019156 5.700000 -32.700001 70.500000
-0.027832 0.012939 -0.963379 -0.011706 0.025541 0.020220 6.600000 -31.799999 71.400002
-0.028809 0.008301 -0.976807 -0.009578 0.026606 0.019156 6.900000 -30.900000 72.900002
-0.022705 0.013184 -0.981201 -0.015963 0.024477 0.019156 5.700000 -31.500000 72.300003
-0.026123 0.009766 -0.980469 -0.015963 0.023413 0.021284 5.100000 -32.700001 71.099998
-0.024414 0.009033 -0.968018 -0.014899 0.025541 0.020220 6.300000 -32.099998 71.099998
-0.025879 0.010742 -0.974121 -0.017028 0.027670 0.020220 5.700000 -32.099998 71.099998
-0.027588 0.009277 -0.965820 -0.015963 0.025541 0.021284 5.700000 -30.299999 72.300003
-0.028564 0.008545 -0.970215 -0.010642 0.026606 0.019156 7.200000 -30.000000 71.400002
