0.000000 0.000000 37669866501931270144.000000 0.000000 0.000000 0.000000 -15.977219 0.000000 943761915904.000000
0.042969 -1.004395 0.154053 -0.017028 0.026606 0.020220 -5.400000 30.000000 59.400002
0.037598 -1.000732 0.146729 -0.014899 0.025541 0.019156 -3.300000 30.900000 57.900002
0.049316 -0.996338 0.152344 -0.011706 0.025541 0.020220 -5.400000 30.600000 58.200001
0.043213 -0.995361 0.149658 -0.011706 0.021284 0.020220 -2.700000 29.700001 59.700001
0.044434 -1.004150 0.147461 -0.012771 0.023413 0.015963 -4.800000 31.200001 59.400002
0.049316 -0.997070 0.161865 -0.011706 0.022349 0.020220 -5.700000 30.900000 58.500000
0.044189 -1.002686 0.153076 -0.015963 0.025541 0.020220 -3.900000 30.900000 59.099998
0.035889 -0.999023 0.154541 -0.015963 0.023413 0.021284 -3.900000 30.299999 59.099998
0.045166 -0.997070 0.148438 -0.012771 0.023413 0.017028 -3.600000 31.200001 58.799999
0.042480 -0.996338 0.147949 -0.013835 0.026606 0.015963 -4.500000 30.299999 59.099998
0.050293 -0.998779 0.152832 -0.012771 0.026606 0.022349 -3.000000 31.799999 59.400002
0.038086 -1.001221 0.151123 -0.013835 0.025541 0.017028 -5.700000 29.700001 59.700001
0.040039 -1.000488 0.147705 -0.014899 0.025541 0.019156 -3.900000 29.700001 58.500000
0.043701 -0.995605 0.148926 -0.014899 0.026606 0.018092 -3.900000 30.299999 60.299999
0.046387 -0.999023 0.154541 -0.012771 0.023413 0.020220 -3.900000 29.700001 57.900002
0.045654 -1.000244 0.153564 -0.012771 0.026606 0.017028 -4.500000 30.900000 59.700001
0.047363 -1.004639 0.150635 -0.011706 0.023413 0.018092 -5.100000 30.900000 57.900002
0.037842 -0.998535 0.143799 -0.015963 0.024477 0.018092 -3.300000 30.299999 58.500000
0.044434 -0.995605 0.146240 -0.014899 0.023413 0.017028 -3.600000 31.200001 58.200001
0.044678 -1.000732 0.158691 -0.012771 0.024477 0.020220 -3.900000 29.700001 57.900002
0.045410 -1.000000 0.148682 -0.014899 0.024477 0.022349 -3.900000 29.700001 59.700001
0.042725 -0.997559 0.148682 -0.010642 0.023413 0.015963 -4.200000 30.000000 60.000000
0.045898 -0.997803 0.149902 -0.009578 0.025541 0.019156 -4.500000 31.500000 58.500000
0.042969 -1.000244 0.151367 -0.014899 0.023413 0.019156 -3.900000 30.299999 59.700001
0.039062 -1.004639 0.150146 -0.014899 0.021284 0.017028 -4.800000 31.200001 59.400002
0.039062 -1.001709 0.146973 -0.011706 0.023413 0.019156 -4.800000 30.000000 60.599998
0.041748 -0.994629 0.148193 -0.013835 0.025541 0.018092 -4.800000 31.799999 60.000000
0.041748 -1.008057 0.152588 -0.014899 0.023413 0.017028 -3.600000 31.200001 58.799999
0.047119 -1.001221 0.149170 -0.013835 0.022349 0.020220 -6.000000 29.400000 57.599998
0.042969 -1.000244 0.152100 -0.010642 0.022349 0.019156 -4.200000 30.600000 58.200001
0.040527 -0.994873 0.154785 -0.013835 0.025541 0.018092 -4.800000 31.799999 58.200001
0.035889 -0.999512 0.152588 -0.014899 0.025541 0.018092 -3.300000 30.299999 59.099998
0.033936 -1.002197 0.146973 -0.018092 0.024477 0.020220 -5.400000 31.799999 59.400002
0.045654 -1.003174 0.146973 -0.013835 0.021284 0.020220 -4.800000 30.600000 59.400002
0.040039 -0.994873 0.148438 -0.013835 0.023413 0.021284 -3.600000 31.200001 58.200001
0.041748 -0.998291 0.147461 -0.015963 0.030863 0.018092 -4.500000 30.900000 59.099998
-0.025635 -0.998535 0.178711 -0.014899 0.038312 0.019156 -4.500000 30.299999 58.500000
-0.003906 -0.981934 0.156006 -0.009578 0.021284 0.023413 -3.000000 28.799999 58.799999
0.037842 -1.000244 0.146729 -0.011706 0.000000 0.018092 -4.500000 30.900000 59.099998
0.033447 -1.001221 0.142090 -0.010642 -0.021284 0.028734 -3.300000 30.299999 60.299999
0.026855 -1.007324 0.144043 -0.012771 -0.043633 0.028734 -2.700000 31.500000 58.500000
0.053955 -0.999512 0.136475 -0.012771 -0.076624 0.037248 -4.200000 31.799999 60.000000
0.026123 -0.975586 0.163574 -0.006385 -0.073431 0.036184 -3.900000 29.700001 57.900002
0.022461 -1.002930 0.166016 -0.007450 -0.043633 0.034055 -4.800000 30.600000 59.400002
0.009277 -1.020508 0.161133 -0.008514 -0.029798 0.035119 -1.800000 31.799999 58.799999
0.025146 -0.970947 0.156982 -0.011706 -0.009578 0.034055 -3.900000 30.900000 57.900002
0.027588 -1.018311 0.154785 -0.010642 -0.020220 0.023413 -4.200000 31.799999 58.799999
0.016113 -0.997803 0.154053 -0.007450 -0.011706 0.028734 -4.500000 30.299999 59.700001
0.028564 -0.987305 0.151123 -0.009578 0.018092 0.027670 -2.700000 30.900000 58.500000
0.032959 -1.013672 0.152100 -0.008514 0.022349 0.022349 -3.000000 31.200001 58.799999
0.024170 -0.996094 0.162109 -0.011706 0.010642 0.032991 -2.100000 31.500000 57.900002
0.033447 -0.989746 0.157715 -0.011706 0.025541 0.024477 -2.700000 31.500000 59.099998
0.034424 -0.995361 0.160400 -0.012771 0.048954 0.020220 -0.600000 31.799999 58.200001
0.034668 -0.985352 0.152344 -0.011706 0.059597 0.026606 -1.800000 31.200001 57.599998
0.037354 -0.995850 0.167236 -0.005321 0.070239 0.019156 -1.200000 30.600000 56.400002
0.048828 -0.989014 0.159668 -0.018092 0.050019 0.020220 -1.200000 31.200001 58.799999
0.042969 -1.030762 0.150146 -0.005321 0.036184 0.024477 -1.800000 33.000000 58.799999
0.044922 -0.994873 0.150635 -0.013835 0.044697 0.028734 -0.600000 31.200001 57.000000
0.049316 -1.003174 0.153076 -0.012771 0.055340 0.034055 -1.200000 31.799999 58.200001
0.033447 -1.014160 0.156250 -0.013835 0.041505 0.027670 0.900000 32.099998 57.900002
0.039551 -1.017090 0.157471 -0.018092 0.046826 0.018092 0.600000 32.400002 58.799999
0.046631 -0.999023 0.161621 -0.017028 0.043633 0.021284 0.000000 32.400002 57.599998
0.040771 -0.989746 0.158447 -0.010642 0.052147 0.020220 -2.100000 32.099998 57.900002
0.041748 -1.017578 0.159668 -0.021284 0.053211 0.027670 -0.900000 31.500000 56.700001
0.038330 -0.984131 0.143555 -0.011706 0.068110 0.008514 0.000000 31.799999 57.599998
0.022705 -1.057617 0.141602 -0.014899 0.086202 0.010642 -0.600000 30.000000 56.400002
0.030273 -1.023193 0.155762 -0.006385 0.096844 0.019156 0.000000 32.400002 58.799999
0.033203 -1.034912 0.146729 -0.012771 0.074496 0.018092 -0.600000 31.799999 58.799999
0.023926 -0.994629 0.162842 -0.009578 0.057468 0.022349 0.300000 30.900000 57.900002
0.037354 -0.992188 0.165527 -0.004257 0.053211 0.022349 0.600000 31.200001 58.799999
0.032959 -1.005615 0.158203 -0.013835 0.046826 0.021284 1.500000 30.299999 58.500000
0.027344 -1.007324 0.160400 -0.012771 0.079817 0.019156 0.600000 31.200001 57.000000
0.030762 -0.984863 0.156006 -0.013835 0.068110 0.020220 0.900000 32.099998 56.700001
0.028076 -0.992676 0.154053 -0.015963 0.096844 0.019156 1.500000 31.500000 56.700001
0.031494 -1.025146 0.147217 -0.014899 0.098973 0.017028 -0.300000 31.500000 57.900002
0.011719 -1.002197 0.155518 -0.015963 0.088331 0.017028 0.600000 31.799999 57.000000
0.024902 -1.029053 0.169922 -0.022349 0.093652 0.012771 3.000000 31.200001 57.000000
0.019531 -1.027100 0.168701 -0.018092 0.108551 0.017028 1.200000 32.400002 58.200001
0.039307 -1.004883 0.169922 -0.014899 0.131964 0.017028 2.700000 32.700001 56.700001
0.036621 -1.009766 0.156006 -0.015963 0.142606 0.012771 0.900000 30.900000 56.700001
0.027100 -1.009521 0.159424 -0.020220 0.159634 0.009578 -0.300000 30.900000 56.700001
0.029541 -1.006592 0.151611 -0.023413 0.158569 0.010642 2.700000 30.900000 57.299999
0.030518 -1.004883 0.158936 -0.026606 0.180918 0.012771 0.300000 31.500000 56.700001
0.029053 -0.995850 0.162598 -0.018092 0.191560 0.011706 1.800000 31.799999 57.000000
0.036865 -0.990723 0.144043 -0.024477 0.167083 0.009578 2.100000 30.900000 59.099998
0.043701 -0.981689 0.153809 -0.021284 0.148991 0.008514 1.800000 31.200001 57.599998
0.049805 -1.001465 0.132080 -0.011706 0.107487 0.024477 1.800000 30.000000 57.599998
0.034180 -0.978516 0.162598 -0.010642 0.087266 0.019156 3.600000 31.200001 59.400002
0.031494 -1.010742 0.152344 -0.017028 0.083009 0.026606 3.000000 29.400000 57.599998
0.039307 -1.107910 0.133789 -0.013835 0.064918 0.026606 2.700000 30.900000 57.900002
0.041016 -0.988037 0.158203 -0.014899 0.060661 0.021284 2.700000 30.299999 57.900002
0.026367 -0.987305 0.165771 -0.013835 0.060661 0.022349 2.100000 30.900000 57.900002
0.018311 -1.042236 0.157471 -0.015963 0.041505 0.029798 1.500000 29.100000 56.700001
0.038086 -0.978760 0.170654 -0.019156 0.042569 0.025541 1.500000 30.299999 58.500000
0.035889 -1.032471 0.151123 -0.010642 0.050019 0.030863 2.100000 30.900000 58.500000
0.048828 -0.965332 0.155762 -0.008514 0.065982 0.011706 3.300000 31.500000 57.900002
0.018799 -1.008545 0.151123 -0.013835 0.096844 0.026606 2.100000 30.900000 56.700001
0.026367 -0.993164 0.163574 -0.011706 0.123450 0.011706 2.400000 29.400000 59.400002
0.044678 -1.000732 0.126465 -0.018092 0.102166 0.019156 3.300000 29.700001 59.700001
0.030762 -0.936035 0.155518 -0.011706 0.091523 0.018092 2.700000 30.299999 57.900002
0.034424 -0.941162 0.149414 -0.006385 0.058532 0.017028 2.100000 30.900000 58.500000
0.056885 -1.007568 0.121094 -0.009578 0.020220 0.021284 3.000000 29.400000 58.200001
0.082520 -0.998047 0.139648 -0.014899 -0.011706 0.028734 3.300000 29.100000 59.700001
0.089844 -1.002197 0.136230 -0.014899 -0.007450 0.026606 3.000000 29.400000 60.000000
0.075928 -0.991943 0.142822 -0.013835 0.028734 0.017028 3.900000 30.299999 59.099998
0.071045 -1.002686 0.145996 -0.014899 0.041505 0.013835 3.900000 30.299999 59.099998
0.024170 -0.989990 0.148682 -0.011706 0.025541 0.018092 3.300000 29.700001 57.900002
0.029541 -0.993896 0.144531 -0.014899 0.020220 0.020220 3.900000 29.700001 58.500000
0.027344 -0.997070 0.145508 -0.010642 0.022349 0.020220 3.900000 30.299999 60.299999
0.023926 -0.997314 0.149170 -0.015963 0.024477 0.021284 4.500000 29.700001 57.900002
0.023193 -1.001465 0.164551 -0.010642 0.023413 0.018092 1.200000 30.600000 58.200001
0.027344 -0.995605 0.174316 -0.013835 0.017028 0.022349 3.600000 29.400000 58.799999
0.024414 -1.002197 0.147217 -0.012771 0.027670 0.018092 3.000000 30.600000 58.799999
0.031006 -1.003906 0.151123 -0.012771 0.023413 0.021284 3.300000 29.100000 58.500000
0.026123 -0.995117 0.152588 -0.010642 0.023413 0.019156 3.300000 29.100000 59.700001
0.023438 -0.996094 0.159424 -0.010642 0.021284 0.018092 4.200000 29.400000 60.000000
0.030273 -1.001221 0.160156 -0.012771 0.024477 0.017028 3.600000 30.000000 58.200001
0.030762 -1.002930 0.156006 -0.011706 0.022349 0.018092 2.100000 29.100000 59.099998
0.031738 -0.992676 0.156250 -0.015963 0.020220 0.020220 3.000000 29.400000 60.000000
0.024902 -1.003906 0.156006 -0.012771 0.023413 0.021284 3.300000 30.299999 59.700001
0.025879 -1.004395 0.156982 -0.013835 0.024477 0.019156 5.100000 30.900000 59.099998
0.026611 -1.003174 0.147461 -0.009578 0.022349 0.020220 3.000000 29.400000 59.400002
0.030762 -1.004883 0.152100 -0.011706 0.020220 0.023413 3.300000 28.500000 59.099998
0.022461 -0.996338 0.159668 -0.011706 0.025541 0.024477 3.600000 29.400000 58.799999
0.023438 -1.001465 0.156494 -0.012771 0.024477 0.022349 3.300000 29.700001 57.900002
0.024170 -0.998779 0.153076 -0.014899 0.024477 0.021284 3.900000 29.100000 58.500000
0.022461 -1.001221 0.155518 -0.014899 0.023413 0.018092 2.400000 30.600000 61.200001
0.025391 -0.995117 0.166016 -0.013835 0.022349 0.019156 5.400000 29.400000 58.799999
0.021240 -1.001709 0.154541 -0.012771 0.023413 0.020220 3.300000 29.700001 59.700001
0.033203 -0.999756 0.155762 -0.011706 0.022349 0.020220 4.500000 29.700001 59.099998
0.023682 -1.000732 0.155518 -0.011706 0.022349 0.022349 4.800000 28.799999 57.599998
0.025879 -1.001953 0.154541 -0.009578 0.024477 0.023413 2.400000 30.600000 59.400002
0.024170 -1.000000 0.151123 -0.009578 0.024477 0.021284 3.600000 28.200001 60.000000
0.021973 -0.997559 0.164062 -0.009578 0.025541 0.023413 1.200000 28.799999 59.400002
0.020996 -1.003418 0.160400 -0.014899 0.022349 0.022349 3.000000 29.400000 59.400002
0.013916 -1.000244 0.161133 -0.012771 0.024477 0.021284 2.700000 31.500000 59.700001
0.016357 -1.008057 0.156250 -0.012771 0.022349 0.018092 3.300000 29.100000 59.700001
0.022461 -1.002441 0.154297 -0.011706 0.024477 0.019156 2.400000 30.600000 58.799999
0.026367 -0.998535 0.159424 -0.011706 0.023413 0.021284 3.000000 28.799999 59.400002
0.022705 -0.999756 0.161133 -0.010642 0.024477 0.019156 3.000000 30.000000 59.400002
0.020996 -0.997803 0.160645 -0.013835 0.025541 0.018092 2.400000 28.200001 58.200001
0.023193 -1.006348 0.155762 -0.014899 0.024477 0.018092 3.900000 30.900000 58.500000
0.020264 -0.999023 0.165283 -0.012771 0.023413 0.014899 3.000000 28.799999 57.599998
0.022217 -0.993408 0.154785 -0.015963 0.022349 0.019156 2.400000 29.400000 60.000000
0.017822 -1.000488 0.151367 -0.010642 0.022349 0.020220 4.500000 29.700001 58.500000
0.023438 -0.989746 0.166504 -0.015963 0.023413 0.017028 2.700000 29.700001 59.700001
0.022461 -1.000000 0.155762 -0.012771 0.024477 0.017028 3.600000 29.400000 58.200001
0.022461 -1.004150 0.160645 -0.012771 0.026606 0.019156 3.600000 30.600000 60.000000
0.018066 -0.999512 0.155029 -0.015963 0.024477 0.017028 3.000000 28.799999 58.799999
0.021240 -1.002197 0.151611 -0.012771 0.024477 0.019156 5.400000 28.799999 58.799999
0.021973 -0.998047 0.165039 -0.012771 0.023413 0.018092 2.700000 29.700001 59.700001
0.021240 -1.005127 0.152588 -0.015963 0.022349 0.019156 4.200000 30.000000 59.400002
0.022949 -0.995117 0.153564 -0.012771 0.022349 0.019156 3.900000 30.299999 58.500000
0.028320 -1.002441 0.150391 -0.011706 0.022349 0.018092 4.800000 30.000000 60.000000
0.022949 -1.007080 0.162598 -0.018092 0.023413 0.019156 3.600000 30.000000 58.799999
0.019775 -1.000000 0.151123 -0.015963 0.023413 0.021284 3.300000 28.500000 57.900002
0.023193 -1.005615 0.152832 -0.008514 0.025541 0.020220 4.200000 29.400000 58.799999
0.031006 -0.998047 0.155029 -0.018092 0.025541 0.019156 4.200000 31.200001 58.200001
0.023193 -0.997559 0.141113 -0.011706 0.023413 0.017028 3.600000 30.000000 60.599998
0.020752 -0.995117 0.154053 -0.012771 0.025541 0.017028 2.700000 30.299999 59.700001
0.023926 -0.993652 0.154541 -0.011706 0.021284 0.018092 2.100000 28.500000 59.099998
0.028320 -1.002930 0.158447 -0.011706 0.021284 0.017028 4.500000 29.700001 59.099998
0.024902 -0.991455 0.153076 -0.013835 0.020220 0.017028 3.300000 30.299999 59.700001
0.025879 -0.991943 0.151855 -0.012771 0.022349 0.020220 3.300000 29.100000 59.099998
0.029053 -0.997314 0.148682 -0.012771 0.024477 0.017028 4.200000 29.400000 60.599998
0.024414 -1.003906 0.152100 -0.013835 0.022349 0.018092 3.900000 27.299999 59.700001
0.024902 -0.995117 0.155029 -0.009578 0.024477 0.019156 3.000000 30.000000 60.599998
0.023926 -1.003174 0.156494 -0.013835 0.022349 0.021284 3.600000 28.799999 59.400002
0.023682 -1.003906 0.142334 -0.014899 0.023413 0.018092 3.600000 30.000000 58.200001
0.023193 -1.000000 0.152100 -0.012771 0.026606 0.021284 3.600000 29.400000 58.799999
0.024902 -0.991211 0.150635 -0.015963 0.024477 0.019156 5.100000 30.900000 57.900002
0.026123 -1.000000 0.154541 -0.013835 0.025541 0.019156 3.900000 29.100000 58.500000
0.024658 -0.995850 0.158203 -0.015963 0.022349 0.018092 3.000000 29.400000 60.000000
0.022705 -1.007080 0.159668 -0.011706 0.026606 0.019156 2.400000 28.200001 60.000000
0.028320 -0.997559 0.145752 -0.010642 0.021284 0.017028 5.100000 28.500000 59.099998
0.024170 -1.000000 0.154297 -0.014899 0.025541 0.018092 3.300000 29.700001 59.700001
0.020752 -1.002686 0.153076 -0.015963 0.021284 0.013835 3.900000 29.700001 59.700001
0.025146 -1.000000 0.149414 -0.013835 0.022349 0.019156 5.100000 29.100000 59.099998
0.025635 -1.000000 0.149170 -0.012771 0.022349 0.018092 3.600000 28.799999 58.799999
0.028320 -1.002686 0.149658 -0.015963 0.022349 0.020220 3.900000 30.299999 58.500000
0.016602 -0.998535 0.152100 -0.013835 0.023413 0.019156 4.200000 28.200001 58.200001
0.022705 -1.003418 0.159668 -0.013835 0.025541 0.021284 2.400000 28.799999 61.200001
0.021973 -1.002197 0.152344 -0.019156 0.021284 0.020220 3.600000 30.000000 58.200001
0.026123 -1.001953 0.151123 -0.011706 0.023413 0.021284 3.600000 29.400000 60.000000
0.019775 -0.997070 0.155762 -0.014899 0.024477 0.019156 4.200000 29.400000 58.200001
0.022217 -1.001221 0.152344 -0.013835 0.022349 0.017028 3.900000 30.299999 58.500000
0.022949 -1.000488 0.158447 -0.012771 0.026606 0.020220 3.600000 29.400000 58.799999
0.025879 -0.997070 0.155273 -0.019156 0.022349 0.017028 1.800000 28.799999 58.799999
0.025391 -0.992188 0.164795 -0.014899 0.025541 0.019156 3.600000 30.000000 58.200001
0.026123 -1.006836 0.157471 -0.012771 0.025541 0.019156 2.700000 29.700001 59.099998
0.017090 -0.997559 0.149902 -0.012771 0.023413 0.013835 3.900000 29.700001 60.900002
0.025635 -0.998291 0.155518 -0.014899 0.023413 0.018092 3.000000 30.000000 58.799999
0.020752 -1.000244 0.162598 -0.009578 0.022349 0.018092 3.600000 30.000000 58.799999
0.021484 -1.000488 0.153564 -0.011706 0.023413 0.020220 3.300000 28.500000 58.500000
0.029297 -0.993652 0.161621 -0.013835 0.023413 0.015963 1.500000 29.100000 58.500000
0.023682 -0.998779 0.155029 -0.012771 0.024477 0.020220 3.900000 28.500000 57.900002
0.020752 -0.991699 0.158203 -0.012771 0.022349 0.018092 3.600000 29.400000 57.599998
0.019775 -0.995605 0.156738 -0.013835 0.024477 0.019156 4.800000 30.600000 60.000000
0.018799 -1.000244 0.148682 -0.015963 0.024477 0.017028 2.400000 29.400000 58.799999
0.024414 -0.997070 0.155273 -0.013835 0.024477 0.019156 4.200000 29.400000 59.400002
0.026611 -0.999512 0.153809 -0.014899 0.024477 0.017028 2.100000 29.700001 58.500000
0.027588 -0.999512 0.162598 -0.015963 0.023413 0.018092 2.700000 29.100000 59.700001
0.017578 -1.000488 0.159668 -0.012771 0.024477 0.018092 4.500000 30.900000 57.900002
0.026123 -1.002197 0.153809 -0.015963 0.024477 0.014899 3.600000 31.200001 57.599998
0.027100 -1.003662 0.157715 -0.014899 0.020220 0.019156 3.600000 29.400000 59.400002
0.027100 -1.009277 0.160400 -0.009578 0.023413 0.015963 4.500000 29.100000 57.299999
0.022461 -1.004883 0.153564 -0.012771 0.021284 0.017028 5.100000 30.299999 59.099998
0.022705 -1.000977 0.159180 -0.013835 0.022349 0.020220 3.600000 29.400000 58.200001
0.024658 -0.998535 0.156250 -0.012771 0.023413 0.018092 3.900000 29.700001 58.500000
0.026367 -0.997559 0.154053 -0.013835 0.021284 0.019156 4.500000 29.700001 59.700001
0.016113 -0.991211 0.149902 -0.015963 0.024477 0.015963 3.900000 30.900000 60.299999
0.024414 -1.005371 0.154297 -0.012771 0.023413 0.019156 2.400000 28.799999 58.200001
0.018311 -0.998779 0.156494 -0.012771 0.021284 0.020220 5.100000 29.100000 58.500000
0.022949 -1.003662 0.164795 -0.012771 0.022349 0.015963 4.200000 30.600000 59.400002
0.026611 -0.993652 0.159912 -0.013835 0.022349 0.019156 3.600000 31.200001 59.400002
0.023438 -0.992676 0.154297 -0.017028 0.023413 0.018092 4.200000 31.200001 60.599998
0.023193 -1.004639 0.155029 -0.012771 0.022349 0.019156 4.500000 29.700001 59.099998
0.026367 -1.003418 0.153320 -0.012771 0.024477 0.020220 3.600000 30.600000 60.000000
0.024170 -1.000732 0.161621 -0.012771 0.024477 0.021284 3.000000 28.799999 57.599998
0.016846 -1.000977 0.152344 -0.011706 0.022349 0.019156 2.700000 30.900000 59.099998
0.022217 -0.996826 0.156006 -0.013835 0.024477 0.017028 3.600000 29.400000 58.200001
0.029053 -1.000000 0.147217 -0.015963 0.022349 0.022349 1.800000 30.000000 58.799999
0.027100 -0.993652 0.161377 -0.013835 0.024477 0.021284 3.300000 28.500000 58.500000
0.023438 -0.997559 0.158447 -0.013835 0.023413 0.020220 5.400000 30.600000 60.000000
0.023926 -0.997559 0.153564 -0.011706 0.023413 0.019156 3.600000 30.600000 58.799999
0.018311 -0.999512 0.157471 -0.017028 0.024477 0.017028 3.300000 27.900000 59.700001
0.026123 -1.006104 0.159424 -0.009578 0.025541 0.020220 4.200000 30.000000 59.400002
0.024902 -0.992188 0.151855 -0.014899 0.022349 0.020220 3.000000 29.400000 57.599998
0.024902 -1.001953 0.149902 -0.017028 0.022349 0.019156 3.000000 29.400000 58.200001
0.020508 -1.000244 0.149902 -0.012771 0.022349 0.019156 4.500000 31.500000 59.099998
0.024658 -0.998779 0.150146 -0.012771 0.022349 0.018092 3.600000 28.200001 59.400002
0.017334 -0.994385 0.156494 -0.014899 0.023413 0.019156 3.300000 30.299999 58.500000
0.018311 -1.001709 0.165039 -0.017028 0.021284 0.013835 5.100000 29.100000 58.500000
0.023682 -0.996338 0.159180 -0.010642 0.024477 0.022349 4.200000 28.799999 58.799999
0.027832 -0.997559 0.156494 -0.013835 0.023413 0.020220 3.000000 28.799999 58.799999
0.026367 -0.992920 0.156982 -0.011706 0.022349 0.017028 3.300000 30.299999 57.900002
0.024170 -1.003174 0.151123 -0.015963 0.021284 0.021284 2.400000 30.000000 59.400002
0.025391 -0.998779 0.152100 -0.015963 0.022349 0.018092 4.200000 28.200001 60.000000
0.023193 -0.998779 0.156494 -0.014899 0.024477 0.019156 3.000000 30.600000 58.799999
0.021729 -0.997070 0.168457 -0.014899 0.023413 0.018092 4.200000 30.000000 60.599998
0.024170 -0.999268 0.155029 -0.014899 0.024477 0.017028 3.300000 29.100000 60.299999
0.021240 -1.004883 0.164795 -0.014899 0.026606 0.017028 3.000000 31.200001 57.599998
0.023193 -0.998047 0.151855 -0.015963 0.025541 0.017028 2.700000 29.700001 57.900002
0.022705 -1.003906 0.155762 -0.015963 0.024477 0.018092 3.300000 30.299999 57.900002
0.019775 -1.000244 0.158447 -0.014899 0.023413 0.020220 3.300000 32.099998 57.900002
0.025879 -0.998047 0.155029 -0.014899 0.022349 0.017028 4.500000 29.100000 58.500000
0.014893 -0.999512 0.151855 -0.015963 0.020220 0.019156 2.700000 29.700001 59.099998
0.020508 -1.001953 0.156494 -0.014899 0.024477 0.017028 3.300000 29.700001 58.500000
0.019775 -1.000977 0.157471 -0.015963 0.023413 0.019156 4.800000 29.400000 59.400002
0.023926 -1.000488 0.153076 -0.012771 0.022349 0.019156 2.400000 29.400000 58.799999
0.021729 -1.004395 0.161865 -0.011706 0.023413 0.020220 2.100000 29.700001 58.500000
0.020020 -1.004883 0.163330 -0.011706 0.021284 0.020220 3.600000 29.400000 58.799999
0.026123 -0.999512 0.147705 -0.015963 0.022349 0.020220 4.200000 28.799999 58.799999
0.025146 -1.000488 0.158936 -0.013835 0.022349 0.019156 3.000000 30.000000 58.200001
0.022217 -0.992432 0.158936 -0.017028 0.024477 0.018092 3.300000 28.500000 59.099998
0.025146 -0.997314 0.149658 -0.012771 0.022349 0.020220 4.200000 30.600000 57.599998
0.017822 -1.002441 0.154785 -0.014899 0.023413 0.018092 2.400000 29.400000 59.400002
0.019775 -0.996338 0.154785 -0.015963 0.023413 0.018092 4.200000 30.000000 60.599998
0.025146 -0.998779 0.150879 -0.015963 0.024477 0.018092 3.300000 30.299999 57.900002
0.022705 -0.997803 0.151367 -0.014899 0.024477 0.017028 3.000000 29.400000 60.599998
0.027344 -0.995361 0.149658 -0.011706 0.022349 0.013835 3.300000 29.700001 59.700001
0.026611 -1.000977 0.149414 -0.010642 0.025541 0.019156 2.100000 28.500000 57.900002
0.023438 -0.998779 0.161621 -0.011706 0.024477 0.018092 3.900000 30.299999 59.700001
0.027588 -1.000977 0.150391 -0.014899 0.025541 0.017028 3.900000 30.299999 58.500000
0.023193 -1.001709 0.158203 -0.012771 0.022349 0.018092 4.800000 30.600000 58.799999
0.026855 -0.996338 0.156006 -0.010642 0.023413 0.018092 3.000000 29.400000 58.200001
0.021484 -1.003418 0.151123 -0.015963 0.023413 0.018092 3.300000 30.900000 60.299999
0.021729 -0.999268 0.159668 -0.013835 0.026606 0.019156 2.400000 30.000000 59.400002
0.019287 -0.988281 0.151123 -0.012771 0.022349 0.019156 2.400000 28.200001 59.400002
0.024414 -0.997803 0.148438 -0.013835 0.024477 0.018092 4.500000 30.299999 59.700001
0.022949 -1.004883 0.157227 -0.013835 0.023413 0.018092 5.100000 30.900000 59.099998
0.026367 -0.994385 0.152588 -0.013835 0.024477 0.019156 3.300000 29.700001 60.299999
0.023926 -1.002197 0.156494 -0.012771 0.022349 0.018092 3.600000 30.600000 58.799999
0.025391 -0.998779 0.155762 -0.013835 0.023413 0.021284 3.600000 29.400000 60.599998
0.026855 -1.003662 0.157471 -0.013835 0.025541 0.020220 3.600000 30.000000 57.599998
0.027344 -0.997070 0.156738 -0.014899 0.024477 0.019156 4.200000 28.799999 58.799999
0.022461 -1.001709 0.156738 -0.013835 0.025541 0.019156 4.500000 29.100000 57.900002
0.021240 -0.998291 0.150635 -0.010642 0.023413 0.020220 3.900000 29.700001 58.500000
0.025146 -0.998535 0.156738 -0.013835 0.027670 0.021284 3.600000 29.400000 59.400002
0.018799 -1.001221 0.160645 -0.013835 0.023413 0.019156 2.700000 30.299999 57.299999
0.024414 -0.997070 0.155029 -0.013835 0.024477 0.015963 3.300000 29.100000 58.500000
0.024414 -0.997314 0.154541 -0.013835 0.022349 0.020220 3.900000 30.299999 57.900002
0.027588 -0.993896 0.152832 -0.011706 0.024477 0.017028 4.200000 30.600000 58.200001
0.025635 -1.001465 0.159424 -0.014899 0.024477 0.018092 3.900000 29.700001 59.700001
0.024414 -0.994141 0.156006 -0.012771 0.022349 0.018092 4.200000 30.600000 60.000000
0.021729 -0.994385 0.155762 -0.012771 0.027670 0.015963 3.300000 29.700001 57.900002
0.023193 -1.000977 0.157715 -0.013835 0.024477 0.018092 3.300000 30.299999 58.500000
0.018555 -1.005127 0.153076 -0.012771 0.025541 0.021284 3.000000 30.000000 59.400002
0.020996 -1.001953 0.146484 -0.014899 0.024477 0.021284 2.400000 28.799999 58.799999
0.022705 -1.000488 0.156982 -0.013835 0.022349 0.020220 3.900000 30.900000 58.500000
0.024414 -0.999023 0.161621 -0.011706 0.025541 0.019156 3.600000 29.400000 59.400002
0.027588 -1.001221 0.148193 -0.015963 0.026606 0.023413 3.900000 29.700001 59.099998
0.017822 -1.009033 0.158691 -0.010642 0.024477 0.019156 4.500000 30.299999 61.500000
0.027832 -1.000977 0.151611 -0.013835 0.023413 0.018092 2.100000 29.700001 58.500000
0.024902 -0.997559 0.151611 -0.012771 0.023413 0.020220 2.400000 31.200001 59.400002
0.020996 -0.999756 0.153076 -0.012771 0.023413 0.019156 4.200000 29.400000 59.400002
0.023193 -0.997314 0.149658 -0.013835 0.021284 0.022349 2.700000 29.100000 58.500000
0.026855 -1.001953 0.155518 -0.011706 0.022349 0.017028 2.700000 30.299999 59.099998
0.025635 -0.991699 0.144531 -0.011706 0.021284 0.021284 3.600000 30.000000 58.799999
