-0.012939 -1.007324 -0.072998 -0.017028 0.022349 0.018092 32.400002 38.400002 54.000000
-0.008789 -1.009766 -0.066162 -0.012771 0.023413 0.020220 33.299999 41.700001 52.500000
-0.008789 -0.999756 -0.075195 -0.014899 0.021284 0.022349 33.000000 42.000000 53.400002
-0.010010 -1.006348 -0.069824 -0.015963 0.022349 0.019156 33.299999 40.500000 53.700001
-0.014404 -1.006104 -0.068359 -0.017028 0.021284 0.020220 32.700001 39.900002 53.099998
-0.001221 -0.996338 -0.076416 -0.014899 0.020220 0.022349 34.200001 40.200001 52.799999
-0.014893 -0.997559 -0.061523 -0.013835 0.021284 0.018092 33.299999 38.700001 53.700001
-0.005371 -1.001709 -0.072266 -0.012771 0.021284 0.019156 33.299999 39.900002 53.700001
-0.012207 -0.996826 -0.068604 -0.012771 0.020220 0.019156 33.599998 40.200001 54.000000
-0.006348 -1.005615 -0.078125 -0.014899 0.023413 0.015963 34.200001 38.400002 52.200001
-0.007324 -0.996582 -0.074951 -0.014899 0.021284 0.020220 33.000000 41.400002 55.200001
-0.013428 -1.001221 -0.082520 -0.015963 0.021284 0.020220 32.099998 41.099998 53.700001
-0.014404 -1.004150 -0.074707 -0.015963 0.019156 0.018092 32.700001 40.500000 54.299999
-0.005859 -1.002441 -0.073975 -0.014899 0.022349 0.018092 32.099998 39.900002 54.299999
-0.011475 -1.006104 -0.077881 -0.018092 0.023413 0.022349 33.599998 41.400002 54.000000
-0.008301 -0.996338 -0.079590 -0.014899 0.022349 0.019156 33.599998 39.599998 53.400002
-0.010010 -1.001709 -0.070557 -0.014899 0.021284 0.020220 33.599998 40.799999 54.599998
-0.008057 -1.006592 -0.067383 -0.012771 0.021284 0.015963 32.700001 40.500000 53.700001
-0.003418 -1.001709 -0.078613 -0.018092 0.018092 0.015963 32.400002 40.200001 54.000000
-0.008545 -1.000732 -0.069092 -0.017028 0.022349 0.018092 32.400002 40.799999 54.599998
-0.010498 -1.010254 -0.075439 -0.015963 0.021284 0.018092 32.099998 40.500000 53.700001
-0.006836 -0.995361 -0.076660 -0.015963 0.021284 0.018092 33.000000 42.599998 54.000000
-0.008301 -1.006104 -0.068604 -0.013835 0.023413 0.019156 32.400002 39.000000 53.400002
-0.007080 -1.008057 -0.071533 -0.013835 0.018092 0.021284 32.400002 40.200001 54.599998
-0.011475 -0.997559 -0.067627 -0.015963 0.023413 0.018092 31.500000 39.900002 55.500000
-0.011719 -0.995117 -0.066406 -0.017028 0.024477 0.019156 33.299999 39.900002 53.700001
-0.011719 -1.000732 -0.068848 -0.017028 0.020220 0.018092 33.599998 39.599998 54.000000
-0.012207 -0.996826 -0.077637 -0.015963 0.020220 0.019156 33.599998 40.200001 53.400002
-0.003662 -1.006592 -0.066895 -0.019156 0.021284 0.017028 32.400002 40.799999 54.000000
-0.008545 -0.993652 -0.066650 -0.014899 0.018092 0.019156 32.700001 38.700001 56.700001
-0.006348 -1.004395 -0.078613 -0.017028 0.020220 0.020220 33.900002 41.700001 53.099998
-0.010498 -1.004883 -0.076172 -0.014899 0.021284 0.020220 32.700001 39.900002 55.500000
-0.005127 -1.004150 -0.078857 -0.014899 0.020220 0.017028 32.700001 40.500000 54.900002
-0.003906 -1.003418 -0.072510 -0.013835 0.021284 0.019156 33.299999 41.700001 53.700001
-0.004639 -0.999756 -0.071777 -0.012771 0.019156 0.017028 33.000000 40.200001 54.000000
-0.013184 -0.996826 -0.068359 -0.017028 0.020220 0.019156 33.299999 39.900002 52.500000
-0.010742 -1.006592 -0.075684 -0.011706 0.021284 0.019156 32.700001 39.900002 53.700001
-0.010010 -0.998535 -0.072998 -0.015963 0.021284 0.019156 33.900002 40.500000 53.099998
-0.015869 -1.006104 -0.070801 -0.015963 0.020220 0.018092 32.400002 41.400002 54.000000
-0.007324 -1.005615 -0.074707 -0.014899 0.023413 0.019156 34.200001 40.799999 54.599998
-0.004639 -1.000732 -0.075439 -0.014899 0.022349 0.021284 33.599998 40.200001 55.200001
-0.012451 -1.014160 -0.026123 -0.020220 0.311818 0.053211 32.099998 41.700001 54.299999
-0.002441 -0.997559 -0.039551 -0.017028 0.282019 0.047890 31.500000 39.299999 54.299999
-0.003418 -0.997070 -0.076660 -0.017028 0.217102 0.041505 33.299999 39.900002 54.299999
-0.012695 -1.010742 -0.072266 -0.017028 0.226680 0.040441 32.700001 39.299999 55.500000
-0.011963 -1.010498 -0.063721 -0.012771 0.242643 0.045762 33.299999 40.500000 56.099998
-0.012695 -1.000244 -0.079590 -0.010642 0.211781 0.039376 33.000000 39.599998 54.599998
-0.004639 -0.996826 -0.059814 -0.013835 0.253285 0.045762 32.099998 41.099998 53.700001
-0.012451 -1.003174 -0.072266 -0.023413 0.261799 0.044697 33.000000 40.799999 55.799999
-0.005615 -1.016846 -0.051758 -0.013835 0.283084 0.050019 33.000000 40.200001 55.799999
-0.006592 -1.010010 -0.055420 -0.015963 0.312882 0.054275 32.099998 39.299999 57.299999
-0.007568 -1.003174 -0.077148 -0.013835 0.317139 0.053211 30.900000 39.900002 56.099998
-0.006836 -0.999756 -0.080078 -0.013835 0.342680 0.054275 32.099998 41.099998 54.900002
0.001221 -1.007324 -0.046875 -0.014899 0.326717 0.051083 31.799999 40.200001 56.400002
-0.012695 -0.996338 -0.088867 -0.017028 0.336295 0.053211 31.500000 40.500000 57.299999
-0.011230 -1.020508 -0.081787 -0.017028 0.311818 0.053211 32.099998 41.700001 57.299999
-0.009521 -0.998047 -0.058350 -0.013835 0.339488 0.056404 32.700001 40.500000 57.299999
-0.018066 -1.003418 -0.069092 -0.010642 0.343744 0.056404 31.500000 39.900002 56.700001
-0.010986 -1.010498 -0.077148 -0.013835 0.389506 0.059597 29.700001 39.900002 58.500000
-0.014648 -1.012451 -0.080322 -0.019156 0.404405 0.061725 30.000000 40.200001 58.799999
-0.003662 -1.017090 -0.072754 -0.015963 0.418240 0.064918 30.600000 40.200001 58.200001
-0.015625 -0.991943 -0.077881 -0.012771 0.435268 0.065982 31.200001 38.400002 60.000000
-0.009277 -1.000244 -0.055176 -0.018092 0.416112 0.065982 30.299999 39.299999 60.299999
-0.015381 -1.017334 -0.091797 -0.017028 0.389506 0.059597 30.900000 39.299999 60.299999
-0.015137 -1.002197 -0.077393 -0.019156 0.398020 0.059597 30.000000 39.000000 58.799999
-0.014404 -1.000977 -0.099854 -0.014899 0.369286 0.060661 29.100000 40.500000 60.900002
-0.011475 -0.999756 -0.046387 -0.009578 0.411855 0.063853 30.000000 40.200001 61.799999
-0.010986 -0.991943 -0.065674 -0.013835 0.468259 0.070239 28.799999 39.000000 60.599998
-0.011230 -0.999268 -0.052246 -0.012771 0.477837 0.070239 28.500000 38.700001 62.099998
-0.009521 -0.984619 -0.044922 -0.009578 0.495928 0.071303 27.600000 40.799999 62.400002
-0.010010 -1.002686 -0.054688 -0.012771 0.502314 0.072367 26.700001 39.299999 62.099998
-0.020508 -0.993408 -0.081055 -0.012771 0.489543 0.071303 27.000000 39.000000 62.400002
-0.013672 -1.008789 -0.102539 -0.017028 0.432075 0.065982 26.700001 39.900002 63.900002
-0.006592 -1.005127 -0.062988 -0.015963 0.395891 0.061725 27.600000 40.200001 64.199997
-0.012695 -0.998535 -0.062256 -0.013835 0.391635 0.059597 25.799999 40.799999 63.599998
-0.019287 -0.996094 -0.089600 -0.010642 0.369286 0.056404 26.700001 38.700001 63.900002
-0.006104 -1.017090 -0.064209 -0.013835 0.378864 0.061725 25.200001 38.400002 66.000000
-0.015869 -1.013428 -0.064453 -0.013835 0.424625 0.061725 27.000000 39.000000 63.599998
-0.013672 -0.993896 -0.072754 -0.013835 0.461873 0.069175 26.100000 39.299999 65.099998
-0.009766 -0.987793 -0.059082 -0.013835 0.524663 0.072367 25.500000 39.299999 67.500000
-0.012451 -1.000732 -0.101318 -0.010642 0.554461 0.078753 23.400000 40.799999 67.199997
-0.022949 -0.997314 -0.086670 -0.015963 0.585323 0.084074 25.200001 39.599998 66.599998
-0.012207 -1.009766 -0.090820 -0.010642 0.619379 0.085138 22.500000 39.900002 65.699997
-0.020508 -1.004150 -0.067627 -0.020220 0.572553 0.081945 23.100000 39.900002 66.300003
-0.017822 -0.993652 -0.112061 -0.018092 0.541690 0.075560 23.100000 39.299999 68.699997
-0.026123 -1.015137 -0.086426 -0.009578 0.569360 0.077688 22.799999 38.400002 65.400002
-0.025635 -1.003906 -0.111328 -0.014899 0.472516 0.069175 21.299999 38.700001 68.099998
-0.015869 -1.003906 -0.078369 -0.019156 0.449103 0.069175 20.400000 39.599998 69.000000
-0.018555 -1.012207 -0.082520 -0.014899 0.468259 0.071303 21.900000 38.700001 69.900002
-0.020264 -0.989990 -0.080811 -0.015963 0.469323 0.069175 19.500000 38.700001 68.099998
-0.010742 -1.031982 -0.074463 -0.010642 0.532112 0.077688 21.600000 39.000000 69.599998
-0.030273 -0.989502 -0.073242 -0.011706 0.588516 0.083009 18.000000 38.400002 69.599998
-0.026611 -1.005127 -0.074219 -0.018092 0.639599 0.089395 20.700001 39.299999 68.699997
-0.010742 -0.984375 -0.058594 -0.003193 0.648113 0.091523 18.000000 39.000000 70.800003
-0.019531 -1.015625 -0.084229 -0.007450 0.651305 0.090459 18.900000 38.700001 69.900002
-0.022705 -1.025391 -0.113525 -0.008514 0.643856 0.089395 17.400000 40.200001 69.599998
-0.018311 -0.997070 -0.072021 -0.011706 0.598094 0.085138 17.700001 36.900002 72.300003
-0.017578 -1.001221 -0.062500 -0.018092 0.581066 0.086202 16.200001 38.400002 71.400002
-0.017334 -0.994873 -0.078125 -0.017028 0.585323 0.084074 16.500000 38.700001 71.099998
-0.017822 -0.978027 -0.058105 -0.014899 0.627892 0.092588 13.800000 40.200001 73.199997
-0.027344 -1.013672 -0.117188 -0.013835 0.636406 0.089395 13.500000 38.700001 72.300003
-0.025391 -1.012695 -0.084717 -0.018092 0.632149 0.088331 14.100000 37.500000 72.900002
-0.021484 -1.002686 -0.091064 -0.019156 0.597030 0.086202 13.200000 37.799999 72.000000
-0.023438 -1.000000 -0.104004 -0.014899 0.566167 0.083009 13.200000 36.599998 74.400002
-0.023438 -0.998535 -0.083740 -0.018092 0.531048 0.078753 12.300000 39.299999 73.500000
-0.020264 -1.007080 -0.078857 -0.013835 0.520406 0.073431 13.500000 38.700001 73.500000
-0.022461 -1.009766 -0.063477 -0.014899 0.558718 0.080881 11.700000 37.500000 74.699997
-0.021973 -1.020752 -0.052002 -0.011706 0.518277 0.075560 10.500000 38.700001 72.300003
-0.020996 -1.011963 -0.068115 -0.012771 0.512956 0.075560 11.400000 39.000000 72.599998
-0.029541 -0.983887 -0.092773 -0.007450 0.519341 0.076624 8.400000 37.200001 73.800003
-0.019531 -1.010742 -0.074463 -0.015963 0.479965 0.069175 9.000000 38.400002 73.199997
-0.026123 -0.990479 -0.073975 -0.017028 0.479965 0.072367 8.400000 39.000000 73.800003
-0.017822 -1.000000 -0.098389 -0.011706 0.483158 0.069175 7.800000 39.000000 74.400002
-0.019775 -0.996338 -0.089600 -0.017028 0.490607 0.072367 6.600000 37.799999 73.800003
-0.020508 -1.007812 -0.083008 -0.012771 0.484222 0.070239 6.300000 38.700001 71.099998
-0.021240 -1.010010 -0.081787 -0.014899 0.522534 0.078753 4.500000 38.700001 74.099998
-0.029297 -1.012207 -0.076904 -0.020220 0.539562 0.075560 7.200000 38.400002 73.800003
-0.036377 -1.015137 -0.096680 -0.014899 0.525727 0.074496 5.100000 38.099998 73.500000
-0.023438 -0.987305 -0.052490 -0.013835 0.600222 0.084074 4.800000 38.400002 74.400002
-0.055908 -0.986816 -0.150391 -0.013835 0.527855 0.078753 3.900000 38.099998 72.300003
-0.023438 -1.000977 -0.110352 -0.014899 0.523598 0.077688 3.900000 38.700001 74.699997
-0.023926 -1.008789 -0.100098 -0.011706 0.531048 0.077688 3.600000 39.000000 74.400002
-0.017578 -0.997070 -0.062744 -0.014899 0.527855 0.076624 1.200000 37.799999 75.000000
-0.031006 -0.990723 -0.125244 -0.021284 0.505507 0.073431 1.200000 37.200001 75.000000
-0.032471 -1.003906 -0.099365 -0.014899 0.461873 0.070239 1.200000 38.400002 73.800003
-0.039307 -1.023926 -0.134277 -0.019156 0.428882 0.064918 1.500000 38.700001 74.099998
-0.020020 -0.989502 -0.088623 -0.024477 0.502314 0.070239 -0.300000 38.700001 75.300003
-0.028320 -1.010254 -0.109619 -0.014899 0.482094 0.072367 1.800000 38.400002 75.000000
-0.023438 -1.015137 -0.098633 -0.013835 0.522534 0.080881 -0.600000 38.400002 72.599998
-0.023682 -0.995850 -0.077393 -0.017028 0.543819 0.076624 -0.300000 38.099998 74.099998
-0.025879 -1.001221 -0.089844 -0.012771 0.538497 0.076624 -2.100000 38.099998 74.099998
-0.026367 -0.990479 -0.115723 -0.013835 0.489543 0.076624 -1.800000 38.400002 72.599998
-0.030029 -1.004883 -0.106201 -0.018092 0.450167 0.068110 -3.000000 38.400002 72.599998
-0.024902 -0.994873 -0.108154 -0.015963 0.403341 0.067046 -5.100000 40.500000 72.900002
-0.031738 -0.999512 -0.081543 -0.014899 0.339488 0.055340 -4.800000 40.799999 72.599998
-0.024414 -0.987305 -0.095215 -0.017028 0.292662 0.051083 -5.100000 38.099998 73.500000
-0.040283 -0.999023 -0.110596 -0.017028 0.261799 0.047890 -3.300000 38.700001 73.500000
-0.028564 -0.994385 -0.096436 -0.014899 0.201138 0.038312 -4.500000 38.099998 73.500000
-0.026367 -1.011230 -0.090576 -0.011706 0.205395 0.039376 -4.800000 37.799999 73.800003
-0.022461 -0.992188 -0.095215 -0.011706 0.167083 0.036184 -4.800000 38.400002 74.400002
-0.029785 -0.993652 -0.091797 -0.014899 0.111744 0.029798 -5.700000 35.099998 74.099998
-0.023926 -0.997314 -0.081055 -0.012771 0.088331 0.028734 -5.700000 38.700001 74.699997
-0.026855 -1.002686 -0.078369 -0.012771 0.054275 0.027670 -4.800000 39.599998 73.199997
-0.028564 -0.998779 -0.082520 -0.013835 0.028734 0.021284 -6.300000 39.299999 73.500000
-0.026855 -1.001465 -0.090576 -0.014899 0.021284 0.020220 -4.500000 38.099998 72.300003
-0.031982 -1.001953 -0.094482 -0.012771 0.021284 0.018092 -3.900000 39.299999 72.900002
-0.032471 -0.998291 -0.097412 -0.017028 0.020220 0.019156 -4.200000 37.200001 75.599998
-0.026611 -1.002441 -0.081787 -0.014899 0.021284 0.021284 -4.800000 38.400002 74.400002
-0.027100 -1.007080 -0.088135 -0.017028 0.021284 0.020220 -4.200000 37.799999 73.800003
-0.029541 -1.000732 -0.089355 -0.015963 0.021284 0.021284 -3.300000 38.099998 72.900002
-0.026855 -0.999268 -0.089844 -0.015963 0.022349 0.017028 -6.600000 39.000000 73.199997
-0.025879 -1.005371 -0.092285 -0.014899 0.020220 0.017028 -3.600000 37.799999 73.199997
-0.024170 -0.993164 -0.091064 -0.012771 0.021284 0.022349 -3.900000 37.500000 71.699997
-0.030273 -1.000488 -0.087158 -0.015963 0.020220 0.015963 -3.900000 37.500000 72.900002
-0.029053 -1.001709 -0.099609 -0.013835 0.021284 0.021284 -6.000000 39.000000 73.199997
-0.025879 -1.001221 -0.096680 -0.010642 0.020220 0.018092 -5.400000 37.200001 74.400002
-0.028320 -1.002197 -0.091553 -0.018092 0.019156 0.018092 -5.700000 39.299999 72.900002
-0.027344 -0.997803 -0.097412 -0.017028 0.023413 0.020220 -5.100000 38.099998 73.500000
-0.028809 -1.001709 -0.087402 -0.017028 0.022349 0.017028 -3.600000 38.400002 72.000000
-0.028076 -1.003418 -0.088867 -0.015963 0.021284 0.020220 -4.800000 38.400002 74.400002
-0.024170 -1.004883 -0.090820 -0.013835 0.023413 0.019156 -5.100000 38.099998 72.900002
-0.031250 -1.004883 -0.084961 -0.015963 0.020220 0.014899 -3.900000 38.700001 75.900002
-0.026367 -1.000977 -0.083740 -0.013835 0.019156 0.019156 -4.500000 39.299999 73.500000
-0.025391 -1.002197 -0.091309 -0.014899 0.021284 0.021284 -4.500000 38.700001 73.500000
-0.022705 -0.995117 -0.104004 -0.017028 0.019156 0.018092 -5.100000 36.900002 73.500000
-0.021240 -0.994385 -0.089844 -0.013835 0.020220 0.018092 -6.300000 38.700001 72.300003
-0.029785 -0.998291 -0.096680 -0.014899 0.018092 0.019156 -4.500000 37.500000 73.500000
-0.032227 -1.006104 -0.090088 -0.015963 0.022349 0.017028 -5.700000 39.900002 74.099998
-0.025879 -0.999023 -0.089111 -0.011706 0.021284 0.018092 -6.000000 37.200001 73.800003
-0.026367 -1.002930 -0.093506 -0.015963 0.018092 0.017028 -4.200000 39.000000 73.800003
-0.025146 -1.003662 -0.094482 -0.018092 0.019156 0.019156 -3.900000 38.700001 72.900002
-0.029785 -0.999756 -0.082764 -0.015963 0.022349 0.020220 -2.700000 39.299999 74.099998
-0.023193 -0.998291 -0.089844 -0.015963 0.018092 0.019156 -4.800000 38.400002 73.800003
-0.021484 -0.998047 -0.095703 -0.013835 0.022349 0.020220 -5.100000 39.299999 74.099998
-0.026611 -1.003418 -0.090576 -0.013835 0.021284 0.020220 -3.600000 38.400002 72.599998
-0.023926 -0.991455 -0.089600 -0.015963 0.020220 0.021284 -3.900000 38.700001 74.699997
-0.032715 -0.998535 -0.089600 -0.018092 0.021284 0.019156 -3.900000 38.700001 73.500000
-0.031738 -1.001465 -0.088379 -0.011706 0.021284 0.018092 -6.000000 39.000000 73.800003
-0.030029 -1.001465 -0.086670 -0.014899 0.022349 0.021284 -4.500000 37.500000 74.699997
-0.026855 -1.001709 -0.096680 -0.015963 0.020220 0.021284 -3.900000 39.299999 74.699997
-0.025879 -0.998291 -0.087891 -0.014899 0.019156 0.018092 -4.200000 37.799999 73.800003
-0.029297 -1.001709 -0.083984 -0.013835 0.019156 0.018092 -5.100000 36.900002 72.900002
-0.034180 -1.001709 -0.091553 -0.014899 0.020220 0.018092 -5.400000 37.799999 73.800003
-0.030762 -0.997314 -0.091553 -0.018092 0.022349 0.020220 -5.700000 39.299999 74.699997
-0.034912 -0.993408 -0.087646 -0.011706 0.020220 0.018092 -5.100000 38.700001 74.099998
-0.032959 -1.004395 -0.082031 -0.017028 0.019156 0.017028 -5.400000 37.799999 73.800003
-0.024902 -0.992920 -0.096924 -0.014899 0.020220 0.023413 -5.400000 40.799999 72.000000
-0.033203 -1.002686 -0.090088 -0.012771 0.021284 0.017028 -4.800000 36.599998 72.000000
-0.029053 -1.007812 -0.091797 -0.015963 0.021284 0.017028 -4.500000 37.500000 73.500000
-0.025635 -1.000732 -0.091064 -0.013835 0.017028 0.019156 -6.300000 38.700001 72.900002
-0.020020 -0.998779 -0.092529 -0.012771 0.022349 0.018092 -4.500000 38.700001 73.500000
-0.026367 -1.002930 -0.093994 -0.015963 0.023413 0.020220 -4.200000 38.400002 73.199997
-0.031250 -0.997070 -0.091553 -0.012771 0.019156 0.020220 -4.200000 38.400002 74.400002
-0.028076 -1.006592 -0.104492 -0.014899 0.020220 0.021284 -3.900000 39.299999 72.900002
-0.029541 -1.005615 -0.090820 -0.014899 0.019156 0.019156 -4.200000 38.400002 74.400002
-0.028809 -0.995361 -0.089111 -0.014899 0.020220 0.017028 -6.000000 37.799999 72.000000
-0.025635 -1.002686 -0.095215 -0.014899 0.022349 0.019156 -4.200000 38.400002 73.199997
-0.028076 -0.992188 -0.092773 -0.012771 0.019156 0.017028 -5.400000 39.000000 74.400002
-0.027100 -0.999512 -0.085938 -0.014899 0.022349 0.021284 -3.900000 38.099998 71.699997
-0.033203 -0.997070 -0.084473 -0.014899 0.022349 0.022349 -4.200000 39.000000 74.400002
-0.025391 -0.999268 -0.082031 -0.014899 0.022349 0.017028 -4.500000 37.500000 72.300003
-0.029297 -0.996826 -0.086182 -0.013835 0.021284 0.020220 -3.900000 39.299999 74.099998
-0.031738 -1.000977 -0.084961 -0.017028 0.018092 0.022349 -5.100000 38.700001 72.900002
-0.031006 -0.999023 -0.082275 -0.013835 0.024477 0.018092 -5.100000 38.700001 73.500000
-0.025635 -0.997314 -0.081787 -0.015963 0.021284 0.018092 -5.400000 39.000000 72.599998
-0.029053 -1.002197 -0.091553 -0.014899 0.022349 0.021284 -4.800000 37.799999 72.599998
-0.028809 -1.001709 -0.087891 -0.017028 0.021284 0.017028 -4.200000 37.200001 72.599998
-0.027832 -1.001709 -0.093750 -0.013835 0.020220 0.015963 -3.000000 37.799999 73.199997
-0.023193 -1.001709 -0.087158 -0.014899 0.021284 0.018092 -4.800000 38.400002 73.199997
-0.021973 -1.002197 -0.092041 -0.012771 0.019156 0.020220 -3.600000 38.400002 75.000000
-0.027832 -0.995850 -0.088867 -0.014899 0.020220 0.019156 -4.500000 38.099998 74.099998
-0.028320 -0.999023 -0.089111 -0.018092 0.022349 0.018092 -6.900000 36.900002 72.900002
-0.029785 -0.998291 -0.092041 -0.017028 0.022349 0.018092 -5.100000 36.900002 73.500000
-0.031250 -1.005371 -0.097412 -0.014899 0.021284 0.017028 -5.100000 38.099998 74.099998
-0.028564 -1.001709 -0.090820 -0.015963 0.021284 0.020220 -4.500000 38.700001 73.500000
-0.033447 -1.000244 -0.085205 -0.017028 0.020220 0.019156 -6.000000 37.799999 74.400002
-0.028809 -1.000732 -0.096924 -0.015963 0.021284 0.017028 -4.800000 37.799999 73.199997
-0.028076 -0.998535 -0.086182 -0.015963 0.021284 0.015963 -4.200000 37.200001 73.800003
-0.034180 -1.002686 -0.091064 -0.017028 0.020220 0.020220 -3.000000 37.200001 73.199997
-0.028320 -1.001953 -0.087402 -0.013835 0.020220 0.019156 -5.100000 37.500000 71.699997
-0.028076 -0.998779 -0.089111 -0.013835 0.020220 0.020220 -3.900000 38.099998 72.900002
-0.030029 -0.998535 -0.093750 -0.013835 0.022349 0.020220 -4.200000 38.400002 72.599998
-0.028564 -1.000488 -0.093994 -0.014899 0.019156 0.018092 -4.800000 39.000000 75.000000
-0.023193 -1.001465 -0.092773 -0.013835 0.020220 0.018092 -5.700000 37.500000 72.300003
-0.030273 -1.007568 -0.094482 -0.014899 0.021284 0.021284 -4.200000 39.000000 73.199997
-0.029053 -1.000977 -0.084473 -0.019156 0.022349 0.018092 -3.900000 37.500000 72.900002
-0.028076 -0.998535 -0.101807 -0.012771 0.018092 0.017028 -5.400000 37.799999 73.800003
-0.033447 -1.002930 -0.090088 -0.012771 0.018092 0.021284 -5.100000 38.099998 74.099998
-0.033447 -1.000732 -0.083252 -0.015963 0.023413 0.019156 -3.900000 38.099998 72.900002
-0.024170 -1.003418 -0.095947 -0.014899 0.019156 0.021284 -3.300000 37.500000 72.900002
-0.022705 -0.998047 -0.090576 -0.014899 0.019156 0.018092 -5.700000 38.700001 73.500000
-0.025879 -1.001465 -0.094971 -0.015963 0.017028 0.018092 -5.100000 38.700001 74.099998
-0.030273 -0.996826 -0.084961 -0.018092 0.018092 0.017028 -3.900000 38.099998 74.099998
-0.026367 -0.997314 -0.087402 -0.014899 0.019156 0.020220 -5.400000 39.000000 74.400002
-0.032227 -1.006104 -0.095459 -0.013835 0.021284 0.020220 -3.900000 39.900002 73.500000
-0.027832 -1.000244 -0.090088 -0.014899 0.019156 0.017028 -5.400000 37.200001 74.400002
-0.027588 -0.993896 -0.090332 -0.012771 0.019156 0.019156 -5.400000 38.400002 75.599998
-0.030762 -1.008057 -0.085205 -0.018092 0.019156 0.012771 -4.800000 37.799999 72.000000
-0.025391 -1.002441 -0.086426 -0.014899 0.021284 0.023413 -4.500000 36.299999 74.099998
-0.028809 -0.994873 -0.084473 -0.011706 0.019156 0.020220 -4.200000 39.000000 73.199997
-0.025635 -0.995117 -0.088135 -0.018092 0.021284 0.019156 -6.000000 39.000000 73.199997
-0.025635 -1.003662 -0.090332 -0.014899 0.020220 0.018092 -3.000000 37.200001 73.199997
-0.029297 -0.996826 -0.089111 -0.012771 0.015963 0.014899 -6.600000 38.400002 72.599998
-0.026123 -1.005615 -0.089844 -0.017028 0.020220 0.018092 -6.000000 37.200001 72.599998
-0.026123 -0.999023 -0.084961 -0.013835 0.017028 0.020220 -6.000000 37.799999 73.800003
-0.023438 -0.998535 -0.090576 -0.014899 0.019156 0.017028 -4.200000 39.000000 74.400002
-0.026123 -0.996338 -0.100586 -0.017028 0.015963 0.018092 -5.700000 39.299999 73.500000
-0.023926 -0.997559 -0.097900 -0.015963 0.021284 0.020220 -4.800000 39.000000 74.400002
-0.025635 -1.002930 -0.090820 -0.012771 0.023413 0.019156 -4.500000 38.099998 73.500000
-0.029541 -0.999268 -0.091553 -0.015963 0.022349 0.021284 -5.100000 38.099998 71.699997
-0.032471 -1.001221 -0.086914 -0.013835 0.020220 0.018092 -3.300000 37.500000 74.099998
-0.023682 -1.003906 -0.084473 -0.017028 0.023413 0.019156 -6.000000 38.400002 73.800003
-0.024658 -0.999023 -0.090088 -0.017028 0.021284 0.015963 -4.800000 36.599998 72.000000
-0.027832 -1.000732 -0.086914 -0.012771 0.019156 0.020220 -5.400000 37.799999 72.599998
-0.029297 -0.993408 -0.098877 -0.013835 0.021284 0.018092 -4.500000 36.299999 72.900002
-0.020508 -1.002441 -0.096191 -0.012771 0.020220 0.020220 -5.400000 37.799999 74.400002
-0.028076 -1.003174 -0.094727 -0.019156 0.021284 0.020220 -4.500000 37.500000 73.500000
-0.025879 -0.999268 -0.085205 -0.015963 0.017028 0.018092 -5.700000 38.099998 72.300003
-0.027100 -1.006104 -0.093018 -0.017028 0.018092 0.020220 -5.100000 38.099998 74.099998
-0.024658 -1.004150 -0.087891 -0.011706 0.021284 0.019156 -5.700000 39.299999 73.500000
-0.027832 -1.000488 -0.092041 -0.013835 0.021284 0.019156 -5.700000 38.099998 72.300003
-0.028320 -0.999023 -0.095215 -0.012771 0.019156 0.018092 -6.300000 39.299999 73.500000
-0.029541 -1.003418 -0.080078 -0.014899 0.022349 0.021284 -4.800000 37.799999 73.199997
-0.029785 -0.998779 -0.090576 -0.012771 0.022349 0.021284 -4.200000 38.400002 73.800003
-0.021973 -1.000244 -0.094238 -0.013835 0.018092 0.022349 -5.400000 38.400002 73.800003
-0.021973 -1.003418 -0.097412 -0.014899 0.021284 0.015963 -3.900000 38.700001 73.500000
-0.030029 -1.006104 -0.097656 -0.015963 0.022349 0.019156 -5.100000 38.099998 74.099998
-0.029541 -0.985107 -0.088867 -0.015963 0.021284 0.020220 -4.800000 38.400002 72.000000
-0.025146 -1.004639 -0.087402 -0.015963 0.022349 0.019156 -4.800000 39.000000 72.599998
-0.028076 -0.997070 -0.084473 -0.014899 0.021284 0.020220 -5.100000 38.099998 73.500000
-0.028809 -1.000488 -0.089355 -0.018092 0.021284 0.017028 -4.800000 37.200001 73.800003
-0.030029 -1.006348 -0.096436 -0.015963 0.020220 0.018092 -4.800000 36.599998 73.800003
-0.027832 -0.993408 -0.082764 -0.013835 0.021284 0.017028 -5.700000 38.700001 74.099998
-0.027100 -0.999512 -0.082520 -0.015963 0.021284 0.019156 -5.700000 38.099998 73.500000
-0.035156 -1.003662 -0.089600 -0.015963 0.020220 0.018092 -3.300000 37.500000 74.099998
-0.026367 -1.002441 -0.084229 -0.014899 0.021284 0.020220 -4.200000 37.799999 72.000000
-0.025391 -1.003662 -0.103516 -0.018092 0.020220 0.019156 -3.300000 38.700001 72.900002
-0.027100 -1.003174 -0.097900 -0.015963 0.022349 0.020220 -4.800000 37.799999 73.199997
-0.027100 -1.002441 -0.094727 -0.017028 0.018092 0.015963 -3.900000 38.700001 73.500000
-0.030273 -1.004639 -0.089111 -0.014899 0.018092 0.018092 -4.200000 38.400002 73.800003
-0.030518 -1.000488 -0.092285 -0.015963 0.021284 0.017028 -5.700000 36.900002 72.300003
-0.028076 -1.009277 -0.091064 -0.012771 0.020220 0.018092 -6.600000 39.599998 74.400002
-0.028564 -0.997559 -0.095215 -0.015963 0.020220 0.021284 -4.200000 37.799999 73.800003
-0.027100 -0.994385 -0.086670 -0.015963 0.019156 0.018092 -4.500000 38.099998 72.300003
-0.026367 -1.010254 -0.095947 -0.018092 0.017028 0.019156 -4.500000 38.099998 72.900002
-0.027832 -0.993652 -0.093750 -0.014899 0.023413 0.022349 -4.200000 37.200001 73.199997
-0.024414 -1.000732 -0.088867 -0.017028 0.018092 0.019156 -4.500000 38.700001 72.300003
-0.030029 -1.000244 -0.090576 -0.012771 0.019156 0.020220 -4.500000 39.299999 72.900002
-0.029053 -1.001221 -0.096436 -0.015963 0.019156 0.019156 -4.500000 38.099998 72.300003
-0.037598 -0.996094 -0.092041 -0.013835 0.021284 0.018092 -5.100000 39.900002 74.699997
-0.023193 -1.000977 -0.093750 -0.014899 0.019156 0.022349 -4.500000 37.500000 72.300003
-0.026367 -1.001953 -0.095947 -0.012771 0.021284 0.017028 -3.900000 36.900002 74.099998
-0.027100 -1.002197 -0.089355 -0.015963 0.021284 0.020220 -5.700000 38.700001 72.900002
-0.032471 -1.004395 -0.089355 -0.017028 0.019156 0.020220 -3.600000 37.799999 72.599998
-0.031738 -1.005615 -0.089844 -0.017028 0.021284 0.019156 -3.900000 39.900002 73.500000
-0.029297 -1.000732 -0.090576 -0.013835 0.021284 0.018092 -4.500000 37.500000 72.300003
-0.028809 -1.001221 -0.099854 -0.012771 0.024477 0.021284 -4.500000 39.299999 71.699997
-0.026367 -1.000732 -0.094238 -0.015963 0.021284 0.019156 -4.200000 38.400002 72.599998
-0.026367 -0.997559 -0.095459 -0.014899 0.023413 0.021284 -4.200000 38.400002 73.800003
-0.030029 -0.998047 -0.086914 -0.019156 0.017028 0.019156 -6.300000 37.500000 73.500000
