0.033691 -1.003906 0.175293 -0.013835 0.022349 0.017028 1.200000 16.799999 11.400000
0.036621 -0.993408 0.162842 -0.015963 0.024477 0.020220 1.200000 16.799999 11.400000
0.033691 -0.998047 0.163086 -0.011706 0.019156 0.015963 0.300000 17.100000 12.900000
0.038574 -1.003174 0.174316 -0.013835 0.022349 0.019156 -0.600000 16.799999 12.000000
0.031982 -0.999268 0.174805 -0.012771 0.023413 0.020220 -0.300000 15.900000 11.700000
0.041016 -0.994629 0.168457 -0.011706 0.023413 0.017028 0.000000 15.600000 12.600000
0.034668 -1.000732 0.163086 -0.011706 0.024477 0.019156 1.200000 15.600000 13.800000
0.039307 -0.995361 0.164795 -0.012771 0.024477 0.018092 0.900000 15.900000 12.300000
0.035156 -0.996582 0.153809 -0.014899 0.024477 0.017028 0.900000 17.100000 12.900000
0.038574 -1.000000 0.165771 -0.012771 0.023413 0.019156 0.300000 15.900000 12.300000
0.031982 -0.996094 0.164795 -0.010642 0.024477 0.014899 -0.900000 17.100000 10.500000
0.034668 -1.000488 0.162842 -0.011706 0.023413 0.019156 0.600000 16.799999 11.400000
0.038330 -0.998779 0.172363 -0.011706 0.025541 0.017028 0.600000 16.799999 12.600000
0.039307 -0.995605 0.165039 -0.013835 0.022349 0.020220 1.200000 14.400000 11.400000
0.032227 -1.000732 0.161621 -0.014899 0.023413 0.018092 -0.900000 14.100000 14.100000
0.037109 -0.996338 0.167236 -0.009578 0.021284 0.017028 0.900000 15.300000 11.700000
0.031494 -0.997314 0.168457 -0.015963 0.018092 0.020220 0.000000 16.799999 13.800000
0.035156 -0.992920 0.174561 -0.014899 0.025541 0.020220 0.900000 15.900000 14.700000
0.034424 -0.997314 0.155029 -0.015963 0.021284 0.021284 1.200000 15.600000 13.200000
0.035400 -1.000732 0.171143 -0.015963 0.023413 0.018092 1.500000 15.900000 12.900000
0.033691 -0.997070 0.172119 -0.013835 0.028734 0.020220 1.200000 15.000000 11.400000
0.040283 -1.003174 0.170410 -0.015963 0.025541 0.018092 0.300000 17.100000 11.700000
0.040527 -0.995361 0.179688 -0.014899 0.022349 0.021284 -0.600000 16.200001 12.000000
0.034424 -0.997559 0.169189 -0.015963 0.022349 0.020220 -0.300000 16.500000 11.100000
0.036865 -0.997070 0.172119 -0.015963 0.024477 0.019156 -0.300000 15.900000 12.900000
0.033691 -1.001709 0.162598 -0.012771 0.026606 0.019156 1.200000 16.799999 11.400000
0.030029 -0.998535 0.165283 -0.014899 0.024477 0.020220 0.600000 15.600000 13.200000
0.034180 -0.995850 0.165283 -0.013835 0.024477 0.014899 0.600000 16.200001 12.600000
0.036621 -0.998291 0.160156 -0.012771 0.023413 0.017028 0.300000 14.700000 12.900000
0.037109 -0.994873 0.157471 -0.013835 0.023413 0.019156 0.000000 16.799999 10.800000
0.034912 -1.000732 0.167969 -0.010642 0.021284 0.020220 -0.300000 15.900000 11.700000
0.039795 -0.984375 0.167725 -0.012771 0.026606 0.018092 -1.200000 16.200001 12.600000
0.034912 -0.996826 0.164551 -0.014899 0.020220 0.020220 0.300000 16.500000 11.100000
0.036621 -0.990967 0.164551 -0.012771 0.022349 0.014899 1.200000 17.400000 14.400000
0.033203 -0.992676 0.156250 -0.015963 0.023413 0.014899 0.000000 16.799999 12.000000
0.040039 -1.000244 0.163086 -0.012771 0.023413 0.021284 -0.600000 15.600000 12.000000
0.038086 -1.004883 0.163818 -0.013835 0.024477 0.020220 -0.600000 15.600000 11.400000
0.036377 -1.000000 0.166016 -0.012771 0.022349 0.017028 0.300000 16.500000 12.900000
0.030273 -1.000244 0.156494 -0.015963 0.026606 0.019156 0.600000 17.400000 12.600000
0.031738 -0.995850 0.172852 -0.012771 0.022349 0.019156 0.900000 16.500000 10.500000
0.030762 -1.000977 0.168945 -0.015963 0.024477 0.017028 0.300000 15.900000 11.700000
0.038330 -0.993164 0.174316 -0.013835 0.024477 0.020220 -0.300000 17.100000 12.300000
0.034424 -0.996826 0.170410 -0.011706 0.022349 0.018092 0.000000 17.400000 12.000000
0.035156 -0.996582 0.166504 -0.011706 0.025541 0.017028 0.000000 16.200001 13.200000
0.042480 -0.996826 0.166992 -0.015963 0.022349 0.020220 0.000000 15.600000 10.200000
0.036377 -0.998779 0.156982 -0.014899 0.023413 0.019156 0.300000 17.700001 13.500000
0.035400 -0.994141 0.176270 -0.013835 0.021284 0.018092 0.600000 17.400000 12.000000
0.038574 -0.993652 0.164551 -0.010642 0.024477 0.013835 1.200000 15.600000 12.600000
0.029785 -0.997803 0.167969 -0.014899 0.024477 0.017028 0.300000 16.500000 12.900000
0.039551 -1.003906 0.168213 -0.013835 0.021284 0.020220 -0.300000 14.700000 12.300000
0.032227 -0.993896 0.168945 -0.013835 0.023413 0.020220 1.200000 16.200001 12.000000
0.037598 -0.994629 0.161865 -0.010642 0.022349 0.019156 1.200000 18.000000 10.800000
0.031250 -0.993652 0.157959 -0.010642 0.022349 0.018092 1.500000 17.700001 12.300000
0.034912 -1.000732 0.161133 -0.014899 0.024477 0.020220 0.300000 15.300000 11.100000
0.030273 -0.988525 0.172363 -0.011706 0.025541 0.019156 0.600000 15.000000 13.800000
0.033691 -0.996582 0.167725 -0.014899 0.024477 0.019156 -0.300000 15.900000 11.700000
0.035645 -0.996826 0.167725 -0.013835 0.022349 0.020220 1.200000 16.200001 12.000000
0.032227 -0.995361 0.167480 -0.012771 0.023413 0.017028 0.300000 16.500000 12.300000
0.038574 -0.992188 0.170654 -0.014899 0.022349 0.018092 1.800000 16.799999 13.200000
0.039307 -0.997803 0.165527 -0.012771 0.026606 0.018092 0.600000 16.799999 12.600000
0.030273 -0.997559 0.165039 -0.014899 0.020220 0.019156 1.200000 16.200001 13.200000
0.031738 -0.999023 0.160156 -0.011706 0.023413 0.019156 0.900000 14.700000 12.900000
0.031494 -0.996582 0.166504 -0.014899 0.020220 0.019156 -0.300000 16.500000 13.500000
0.034180 -0.993896 0.161865 -0.011706 0.022349 0.015963 0.600000 16.799999 12.000000
0.044189 -0.994873 0.165771 -0.015963 0.023413 0.020220 -0.300000 16.500000 12.300000
0.037598 -0.994385 0.174805 -0.012771 0.024477 0.019156 1.800000 18.000000 12.000000
-0.006104 -1.001953 0.120605 -0.013835 0.029798 0.017028 0.300000 15.900000 11.700000
0.009277 -0.995850 0.142334 -0.014899 0.034055 0.013835 0.600000 16.200001 11.400000
0.015137 -0.997559 0.144531 -0.014899 0.042569 0.018092 1.800000 15.600000 12.600000
0.000244 -0.999023 0.132324 -0.013835 0.039376 0.017028 -0.900000 16.500000 11.100000
-0.012695 -1.002197 0.098145 -0.013835 0.042569 0.015963 -1.200000 18.000000 13.200000
-0.062988 -1.017578 0.070312 -0.015963 0.055340 0.014899 -0.600000 16.200001 12.600000
-0.073242 -1.018555 0.078369 -0.013835 0.093652 0.010642 -1.200000 17.400000 13.200000
-0.100830 -1.015625 0.030762 -0.019156 0.143670 0.005321 -2.100000 15.900000 12.900000
-0.121582 -1.033691 -0.003906 -0.015963 0.174533 0.002128 -1.500000 17.700001 12.300000
-0.082275 -0.981934 0.059082 -0.019156 0.256478 0.003193 -3.000000 19.200001 12.600000
-0.074219 -1.019775 0.045654 -0.027670 0.219230 0.004257 -3.000000 18.000000 13.200000
-0.064697 -0.995117 0.086426 -0.031927 0.146863 -0.001064 -3.000000 18.000000 13.800000
-0.057861 -1.003418 0.049805 -0.018092 0.106422 0.009578 -0.900000 17.700001 12.900000
-0.025635 -1.010010 0.101562 -0.024477 0.072367 0.015963 -2.400000 18.600000 12.000000
-0.039062 -1.010498 0.092773 -0.021284 0.065982 0.019156 -4.500000 18.299999 12.300000
0.005859 -0.991943 0.119629 -0.010642 0.063853 0.009578 -4.500000 19.500000 9.300000
0.009521 -1.010010 0.144043 -0.022349 0.076624 0.042569 -5.400000 20.400000 9.600000
0.024170 -1.034424 0.160645 -0.014899 0.063853 0.012771 -5.700000 20.700001 10.500000
0.026855 -1.003418 0.128174 -0.027670 0.080881 0.011706 -6.600000 21.000000 10.800000
0.048584 -0.960205 0.196289 -0.018092 0.087266 0.013835 -7.200000 24.000000 11.400000
0.039062 -0.985840 0.198730 -0.014899 0.057468 0.012771 -6.900000 24.299999 9.300000
0.068848 -0.991943 0.191162 -0.011706 0.022349 0.017028 -8.400000 24.000000 9.600000
0.100830 -0.983643 0.253906 -0.009578 0.025541 0.017028 -8.100000 26.100000 8.700000
0.152344 -0.989746 0.295654 -0.034055 0.045762 0.014899 -9.300000 26.700001 10.500000
0.172607 -0.975586 0.285400 -0.015963 0.011706 0.031927 -10.500000 28.500000 10.500000
0.200928 -0.963623 0.357422 -0.014899 -0.025541 0.026606 -9.000000 27.600000 10.800000
0.230469 -0.959717 0.348633 -0.008514 -0.043633 0.024477 -11.400000 27.600000 10.200000
0.201416 -0.965332 0.358643 -0.013835 -0.019156 0.022349 -10.800000 27.600000 10.200000
0.194092 -0.966797 0.367432 -0.012771 0.005321 0.019156 -10.800000 29.400000 9.600000
0.161621 -0.981934 0.326660 -0.014899 0.032991 0.017028 -11.700000 30.299999 11.700000
0.041260 -0.985840 0.157227 -0.014899 0.021284 0.014899 -11.400000 30.000000 10.200000
0.034668 -0.987305 0.169189 -0.013835 0.024477 0.019156 -10.200000 30.000000 10.200000
0.029785 -0.997559 0.163818 -0.017028 0.026606 0.018092 -10.500000 29.100000 9.900000
0.037354 -0.995361 0.168457 -0.013835 0.024477 0.015963 -10.500000 30.900000 11.700000
0.036133 -0.998535 0.170898 -0.015963 0.023413 0.017028 -10.800000 27.600000 11.400000
0.033203 -0.997803 0.164795 -0.013835 0.025541 0.019156 -10.200000 29.400000 10.200000
0.022705 -1.000000 0.160156 -0.012771 0.023413 0.019156 -11.700000 28.500000 9.900000
0.026611 -0.999023 0.164062 -0.013835 0.025541 0.018092 -11.400000 30.000000 11.400000
0.034424 -1.001221 0.165283 -0.013835 0.023413 0.020220 -9.600000 29.400000 12.000000
0.035400 -0.996338 0.177979 -0.010642 0.021284 0.020220 -10.800000 29.400000 10.800000
0.029297 -0.994873 0.166504 -0.012771 0.020220 0.019156 -9.900000 28.500000 11.100000
0.038574 -1.004639 0.154541 -0.015963 0.025541 0.017028 -11.400000 28.799999 10.800000
0.037109 -1.001221 0.166016 -0.011706 0.025541 0.020220 -10.200000 28.799999 12.000000
0.033691 -1.004883 0.162842 -0.011706 0.025541 0.018092 -11.100000 29.100000 10.500000
0.029297 -0.995361 0.163574 -0.012771 0.021284 0.021284 -11.400000 28.799999 11.400000
0.030762 -0.989502 0.169678 -0.014899 0.024477 0.019156 -10.500000 28.500000 10.500000
0.029297 -0.997559 0.165527 -0.011706 0.020220 0.019156 -10.200000 29.400000 10.800000
0.032227 -1.000488 0.156250 -0.012771 0.022349 0.019156 -10.500000 28.500000 9.900000
0.039795 -0.992676 0.166992 -0.013835 0.023413 0.019156 -10.800000 29.400000 10.200000
0.030518 -0.995850 0.170410 -0.013835 0.026606 0.019156 -10.500000 29.100000 11.700000
0.028809 -0.994873 0.173584 -0.013835 0.023413 0.020220 -11.100000 29.100000 11.700000
0.034424 -0.993164 0.167725 -0.015963 0.022349 0.015963 -11.700000 28.500000 11.100000
0.032227 -0.994385 0.161865 -0.012771 0.021284 0.018092 -11.100000 29.700001 10.500000
0.040283 -0.996094 0.164551 -0.014899 0.022349 0.019156 -12.000000 30.000000 10.800000
0.030762 -0.999023 0.156738 -0.012771 0.020220 0.018092 -11.400000 28.799999 12.000000
0.031250 -1.002441 0.162842 -0.015963 0.023413 0.019156 -10.500000 30.299999 12.300000
0.035156 -1.001465 0.163818 -0.015963 0.022349 0.021284 -12.000000 28.200001 10.800000
0.035400 -0.996582 0.164551 -0.012771 0.020220 0.015963 -10.200000 27.000000 10.800000
0.028076 -1.001709 0.163086 -0.012771 0.022349 0.021284 -11.100000 29.100000 9.300000
0.035889 -1.001221 0.162598 -0.013835 0.022349 0.021284 -9.900000 29.100000 11.100000
0.029053 -0.995850 0.167725 -0.011706 0.024477 0.017028 -11.100000 28.500000 12.300000
0.034912 -0.997803 0.161133 -0.012771 0.023413 0.017028 -10.200000 29.400000 9.600000
0.036133 -0.997803 0.167969 -0.014899 0.024477 0.017028 -11.100000 28.500000 9.300000
0.034668 -1.001709 0.152588 -0.012771 0.022349 0.018092 -11.100000 27.900000 11.100000
0.031250 -0.996582 0.166260 -0.015963 0.023413 0.018092 -9.000000 28.200001 10.800000
0.039551 -0.993652 0.176270 -0.011706 0.025541 0.021284 -12.300000 29.700001 12.300000
0.026611 -0.999512 0.165771 -0.013835 0.024477 0.020220 -11.400000 28.200001 10.200000
0.029297 -1.000977 0.169922 -0.014899 0.024477 0.019156 -10.200000 28.200001 9.600000
0.028809 -0.999023 0.161621 -0.010642 0.026606 0.021284 -11.400000 29.400000 11.400000
0.030029 -1.005371 0.149658 -0.010642 0.022349 0.020220 -10.800000 28.799999 9.600000
0.027588 -1.001465 0.156250 -0.014899 0.023413 0.018092 -10.200000 30.600000 11.400000
0.028564 -0.996582 0.162354 -0.014899 0.024477 0.018092 -10.200000 28.200001 10.800000
0.038086 -0.993896 0.164551 -0.018092 0.023413 0.019156 -9.900000 29.700001 11.100000
0.028564 -0.998779 0.168945 -0.013835 0.026606 0.020220 -10.200000 29.400000 12.000000
0.032959 -0.993164 0.169922 -0.012771 0.024477 0.019156 -11.100000 28.500000 9.900000
0.032227 -1.002197 0.166016 -0.014899 0.023413 0.020220 -11.100000 29.700001 11.700000
0.030029 -0.997314 0.167969 -0.011706 0.024477 0.015963 -10.200000 28.799999 10.200000
0.027344 -0.999268 0.158691 -0.014899 0.021284 0.019156 -10.800000 29.400000 10.800000
0.035400 -1.001465 0.168457 -0.014899 0.023413 0.019156 -12.000000 28.799999 11.400000
0.029541 -0.998779 0.168945 -0.013835 0.024477 0.019156 -9.900000 27.299999 10.500000
0.038330 -0.994141 0.162109 -0.011706 0.022349 0.014899 -10.200000 28.799999 10.800000
0.031982 -0.998779 0.163086 -0.012771 0.022349 0.019156 -10.500000 30.299999 10.500000
0.029541 -1.001709 0.165039 -0.012771 0.024477 0.019156 -9.900000 28.500000 10.500000
0.031982 -0.998291 0.165283 -0.013835 0.024477 0.019156 -11.400000 29.400000 12.600000
0.034912 -1.000488 0.163086 -0.010642 0.021284 0.017028 -11.100000 29.100000 11.100000
0.034424 -1.000977 0.166260 -0.014899 0.025541 0.017028 -12.300000 29.100000 11.100000
0.034424 -1.000244 0.159912 -0.012771 0.024477 0.019156 -9.900000 28.500000 11.700000
0.028564 -1.000488 0.160400 -0.015963 0.026606 0.019156 -11.100000 29.100000 10.500000
0.027588 -0.994629 0.160400 -0.013835 0.023413 0.019156 -10.800000 30.600000 12.000000
0.031982 -0.995850 0.165039 -0.018092 0.023413 0.018092 -9.300000 28.500000 10.500000
0.032471 -0.996826 0.158447 -0.013835 0.023413 0.020220 -9.900000 29.100000 11.100000
0.030762 -0.995850 0.165039 -0.013835 0.022349 0.019156 -11.700000 29.100000 12.300000
0.031738 -1.000000 0.161377 -0.013835 0.024477 0.020220 -11.400000 30.000000 10.800000
0.033203 -1.001465 0.160889 -0.013835 0.021284 0.022349 -11.100000 27.900000 12.300000
0.036621 -1.000244 0.163330 -0.012771 0.023413 0.018092 -10.500000 29.100000 9.900000
0.033691 -0.998535 0.159668 -0.014899 0.022349 0.020220 -11.700000 28.500000 9.900000
0.035889 -0.995850 0.167725 -0.015963 0.019156 0.020220 -11.100000 29.700001 10.500000
0.030762 -0.993896 0.169189 -0.014899 0.022349 0.019156 -9.900000 29.700001 11.700000
0.034668 -0.997803 0.165527 -0.009578 0.025541 0.015963 -10.200000 28.200001 10.800000
0.034668 -0.999756 0.163818 -0.012771 0.023413 0.020220 -10.800000 30.000000 11.400000
0.031494 -0.995850 0.169678 -0.012771 0.021284 0.017028 -11.700000 29.100000 12.300000
0.034180 -0.997070 0.171387 -0.014899 0.024477 0.015963 -9.900000 29.100000 11.700000
0.027100 -0.996094 0.163818 -0.014899 0.023413 0.020220 -11.400000 28.799999 10.800000
0.031982 -0.993896 0.163818 -0.012771 0.024477 0.017028 -10.800000 30.000000 11.400000
0.033691 -0.999756 0.172852 -0.008514 0.022349 0.014899 -10.200000 29.400000 10.800000
0.029297 -1.000732 0.164062 -0.012771 0.021284 0.020220 -11.100000 29.700001 11.700000
0.029785 -1.001709 0.165527 -0.012771 0.023413 0.022349 -12.000000 28.799999 12.000000
0.034424 -1.000244 0.166992 -0.014899 0.023413 0.020220 -9.000000 28.799999 10.200000
0.036865 -0.995850 0.170654 -0.013835 0.021284 0.020220 -10.800000 28.799999 10.200000
0.029053 -0.994629 0.172119 -0.013835 0.022349 0.019156 -10.500000 29.100000 10.500000
0.031494 -1.001465 0.169434 -0.014899 0.023413 0.021284 -10.200000 28.799999 11.400000
0.031738 -0.997314 0.166260 -0.011706 0.023413 0.018092 -12.300000 29.100000 12.300000
0.033447 -1.003662 0.165039 -0.014899 0.025541 0.018092 -11.700000 28.500000 11.100000
0.033203 -0.998535 0.165039 -0.014899 0.023413 0.017028 -11.700000 29.100000 9.900000
0.030273 -0.998047 0.172363 -0.010642 0.025541 0.021284 -10.800000 29.400000 10.800000
0.031494 -0.999023 0.153809 -0.014899 0.025541 0.020220 -11.100000 29.100000 9.900000
0.031982 -1.003418 0.173340 -0.011706 0.023413 0.018092 -10.800000 29.400000 10.800000
0.031982 -0.993896 0.160645 -0.012771 0.022349 0.019156 -11.100000 27.900000 11.700000
0.118164 -0.994873 0.275391 -0.015963 0.047890 0.014899 -10.500000 27.900000 10.500000
0.110352 -0.984131 0.263428 -0.017028 0.086202 0.010642 -11.400000 30.000000 11.400000
0.108887 -0.991699 0.245361 -0.012771 0.073431 0.012771 -11.100000 26.700001 11.100000
0.114746 -0.977539 0.239014 -0.017028 0.043633 0.015963 -9.600000 28.200001 10.200000
0.130371 -0.977539 0.278320 -0.011706 0.006385 0.018092 -9.600000 28.200001 10.800000
0.133057 -0.983398 0.293701 -0.004257 -0.010642 0.025541 -9.900000 29.700001 11.100000
0.147217 -0.965820 0.314209 -0.009578 -0.030863 0.017028 -10.200000 27.600000 9.600000
0.163818 -0.978516 0.314941 -0.001064 -0.044697 0.022349 -8.700000 26.100000 9.300000
0.156738 -0.983643 0.274170 0.005321 -0.080881 0.035119 -10.500000 27.900000 9.900000
0.159424 -0.973633 0.274414 -0.010642 -0.137285 0.041505 -9.600000 25.200001 10.200000
0.155518 -0.959229 0.279053 -0.003193 -0.170276 0.046826 -10.800000 24.600000 10.800000
0.166016 -0.981445 0.288330 -0.005321 -0.172404 0.044697 -9.300000 23.700001 9.300000
0.144775 -0.978516 0.282227 -0.005321 -0.147927 0.029798 -7.800000 21.600000 9.600000
0.139160 -0.965088 0.304443 -0.007450 -0.133028 0.038312 -8.400000 20.400000 9.600000
0.092041 -1.003906 0.231934 -0.003193 -0.175597 0.023413 -6.600000 20.400000 11.400000
0.080566 -0.927734 0.267090 -0.004257 -0.137285 0.046826 -5.700000 20.100000 11.100000
0.029541 -0.954834 0.188721 -0.001064 -0.078753 0.023413 -5.100000 18.900000 11.700000
-0.004395 -1.071533 0.175537 -0.011706 0.003193 0.029798 -3.900000 18.900000 12.300000
-0.075928 -0.984619 0.023926 0.002128 0.041505 0.022349 -4.800000 19.200001 13.800000
-0.124512 -1.036621 -0.029053 0.000000 0.097909 0.021284 -3.900000 17.700001 12.300000
-0.188965 -1.046387 -0.137207 -0.009578 -0.008514 0.023413 -4.800000 17.400000 12.000000
-0.148926 -1.062256 -0.095703 -0.015963 -0.094716 0.031927 -2.400000 17.400000 12.600000
-0.187744 -1.031982 -0.070312 -0.012771 -0.091523 0.025541 -0.900000 16.500000 12.900000
-0.203125 -1.041992 -0.045898 -0.006385 -0.048954 0.024477 -0.300000 17.100000 13.500000
-0.197510 -1.040039 -0.031494 -0.012771 -0.003193 0.019156 -1.500000 17.100000 10.500000
-0.138672 -1.021484 0.083496 -0.013835 0.012771 0.018092 0.600000 15.000000 12.000000
0.020752 -0.973389 0.162109 -0.014899 0.021284 0.020220 -0.900000 15.300000 11.700000
0.039062 -1.000977 0.162354 -0.012771 0.023413 0.018092 0.900000 14.700000 14.700000
0.041260 -0.999756 0.176514 -0.012771 0.025541 0.019156 -0.300000 16.500000 11.100000
0.032227 -0.998047 0.176514 -0.012771 0.019156 0.018092 -0.900000 17.100000 11.100000
0.033203 -0.997803 0.176025 -0.015963 0.024477 0.021284 1.200000 17.400000 12.600000
0.037842 -0.999268 0.163086 -0.013835 0.023413 0.019156 0.600000 16.799999 11.400000
0.037598 -0.998047 0.171387 -0.017028 0.021284 0.020220 -1.200000 15.600000 10.200000
0.041504 -0.993408 0.167969 -0.011706 0.022349 0.021284 0.300000 17.100000 12.900000
0.035156 -0.996582 0.159912 -0.014899 0.022349 0.017028 -0.300000 15.900000 13.500000
0.038086 -0.988525 0.165039 -0.012771 0.025541 0.017028 0.600000 17.400000 12.600000
0.038574 -1.000244 0.168213 -0.012771 0.023413 0.019156 -0.300000 15.300000 12.300000
0.036377 -0.995850 0.170898 -0.011706 0.024477 0.021284 -0.600000 17.400000 12.000000
0.031738 -1.000977 0.163574 -0.014899 0.024477 0.019156 1.200000 16.799999 11.400000
0.040527 -1.000244 0.163086 -0.012771 0.025541 0.017028 1.800000 16.799999 12.600000
0.035889 -0.997070 0.160645 -0.011706 0.026606 0.022349 0.000000 16.799999 13.200000
0.035400 -0.992188 0.175293 -0.013835 0.024477 0.019156 -0.600000 15.000000 12.000000
0.031982 -0.998291 0.165283 -0.013835 0.021284 0.019156 -1.500000 14.100000 13.500000
0.041016 -1.000244 0.161133 -0.019156 0.021284 0.020220 0.900000 14.100000 13.500000
0.031006 -0.999512 0.165771 -0.011706 0.024477 0.017028 -0.300000 14.700000 12.300000
0.035645 -0.991455 0.157715 -0.013835 0.025541 0.022349 -0.300000 17.100000 10.500000
0.035645 -1.000732 0.174805 -0.014899 0.023413 0.017028 -0.600000 16.799999 12.600000
0.032715 -0.998047 0.173096 -0.010642 0.024477 0.017028 0.300000 15.300000 12.300000
0.035156 -0.997803 0.170654 -0.011706 0.023413 0.020220 -2.400000 16.200001 10.800000
0.039062 -0.995361 0.164062 -0.012771 0.023413 0.019156 0.000000 15.600000 12.000000
0.031494 -0.998047 0.170654 -0.013835 0.022349 0.020220 -1.200000 16.799999 14.400000
0.040039 -0.995361 0.162842 -0.013835 0.024477 0.023413 -0.300000 16.500000 11.700000
0.035889 -0.991943 0.167236 -0.012771 0.021284 0.017028 -0.600000 15.600000 11.400000
0.033447 -0.994629 0.168945 -0.013835 0.021284 0.018092 -0.900000 15.300000 11.700000
0.033936 -0.999268 0.171387 -0.012771 0.023413 0.019156 -1.200000 16.200001 13.200000
0.033936 -0.990234 0.172852 -0.014899 0.025541 0.019156 1.500000 16.500000 11.700000
0.034668 -0.996582 0.167480 -0.015963 0.022349 0.022349 0.000000 15.600000 12.000000
0.031738 -1.000244 0.166504 -0.012771 0.021284 0.020220 0.600000 15.600000 12.000000
0.038818 -1.003418 0.165527 -0.012771 0.024477 0.018092 -1.200000 16.200001 10.800000
0.027588 -0.997559 0.165527 -0.012771 0.024477 0.018092 -1.200000 16.200001 12.600000
0.035889 -0.995361 0.166992 -0.013835 0.022349 0.017028 -0.900000 17.100000 11.700000
0.038330 -0.996582 0.167969 -0.019156 0.023413 0.014899 -0.300000 16.500000 12.300000
0.042236 -0.999268 0.164062 -0.014899 0.023413 0.019156 0.900000 15.900000 12.900000
0.032959 -0.992432 0.169678 -0.013835 0.023413 0.015963 0.600000 15.600000 13.200000
0.041016 -1.001221 0.165771 -0.014899 0.023413 0.019156 2.700000 17.700001 12.300000
0.040039 -0.998291 0.171143 -0.012771 0.022349 0.020220 0.000000 16.200001 13.200000
0.034668 -0.993652 0.175537 -0.015963 0.024477 0.019156 -0.600000 16.799999 13.200000
0.032715 -0.997803 0.161865 -0.011706 0.023413 0.015963 -0.600000 14.400000 13.200000
0.031982 -0.995850 0.169189 -0.013835 0.022349 0.019156 0.300000 16.500000 12.300000
0.036621 -0.993408 0.166992 -0.014899 0.023413 0.020220 -1.500000 15.900000 14.100000
0.035889 -0.993652 0.173340 -0.012771 0.026606 0.015963 -0.600000 16.200001 10.800000
0.033936 -0.998291 0.164551 -0.014899 0.024477 0.015963 -0.300000 16.500000 11.700000
0.036621 -0.996582 0.167236 -0.012771 0.023413 0.019156 0.300000 15.900000 12.900000
0.035400 -0.995361 0.170410 -0.011706 0.020220 0.020220 -0.300000 16.500000 12.900000
0.036621 -0.997314 0.162598 -0.014899 0.022349 0.021284 0.300000 15.900000 10.500000
0.040039 -1.000732 0.165039 -0.013835 0.025541 0.021284 0.000000 16.799999 12.600000
0.032959 -1.004395 0.163330 -0.018092 0.024477 0.020220 -0.600000 15.600000 13.200000
0.035400 -0.998047 0.159668 -0.013835 0.024477 0.021284 -1.200000 16.200001 12.600000
0.032959 -0.996582 0.168701 -0.011706 0.024477 0.021284 0.000000 16.799999 11.400000
0.035645 -1.007324 0.171631 -0.012771 0.021284 0.018092 0.900000 14.700000 12.300000
0.040283 -1.005371 0.163086 -0.013835 0.022349 0.021284 1.800000 16.799999 11.400000
0.028564 -1.000732 0.160645 -0.012771 0.021284 0.019156 0.000000 16.799999 12.000000
0.040527 -0.994629 0.166016 -0.010642 0.024477 0.017028 1.200000 16.799999 13.200000
0.036377 -0.998535 0.172607 -0.013835 0.023413 0.019156 0.300000 17.100000 12.300000
0.038330 -0.996338 0.166992 -0.014899 0.022349 0.019156 0.300000 17.100000 10.500000
0.038330 -0.994385 0.167969 -0.013835 0.025541 0.018092 -0.900000 15.900000 12.300000
0.034424 -1.001221 0.169434 -0.010642 0.024477 0.020220 -0.600000 16.799999 13.200000
0.030518 -0.993652 0.159424 -0.011706 0.025541 0.020220 0.300000 15.900000 11.700000
0.035645 -0.995850 0.170166 -0.013835 0.021284 0.018092 1.200000 17.400000 11.400000
0.038330 -0.993164 0.173340 -0.012771 0.025541 0.019156 0.900000 15.300000 12.900000
0.037109 -0.995605 0.170166 -0.011706 0.023413 0.019156 -0.600000 16.200001 10.800000
0.031250 -0.999268 0.165527 -0.013835 0.022349 0.019156 0.000000 15.600000 13.200000
0.037842 -0.992188 0.165771 -0.011706 0.020220 0.015963 1.800000 16.200001 12.000000
0.031250 -0.994385 0.168457 -0.013835 0.025541 0.018092 -1.200000 17.400000 12.000000
0.037354 -1.003906 0.166504 -0.014899 0.024477 0.017028 0.000000 15.600000 12.600000
0.032227 -0.993896 0.164551 -0.015963 0.023413 0.018092 0.300000 16.500000 12.300000
0.035645 -0.996338 0.165527 -0.012771 0.024477 0.021284 0.900000 16.500000 12.900000
0.035400 -1.000244 0.157959 -0.012771 0.022349 0.023413 -0.600000 15.000000 12.000000
0.029297 -1.000732 0.163818 -0.013835 0.026606 0.015963 -0.600000 16.200001 12.000000
0.037354 -1.000244 0.175537 -0.013835 0.022349 0.015963 0.900000 16.500000 12.300000
0.040527 -0.998779 0.159424 -0.013835 0.023413 0.019156 0.000000 15.600000 12.600000
0.035156 -0.994141 0.167236 -0.011706 0.024477 0.022349 -0.300000 16.500000 13.500000
0.040283 -0.999512 0.163818 -0.012771 0.024477 0.014899 1.200000 16.200001 13.200000
0.039062 -0.999756 0.155762 -0.015963 0.023413 0.019156 -0.300000 15.900000 12.300000
0.032471 -1.003662 0.169922 -0.013835 0.025541 0.015963 0.300000 15.300000 12.900000
0.038574 -1.002197 0.166992 -0.010642 0.026606 0.018092 -0.300000 16.500000 11.700000
0.030762 -1.001953 0.172852 -0.014899 0.021284 0.020220 -0.900000 15.900000 12.300000
0.032227 -0.995850 0.168701 -0.012771 0.020220 0.020220 -0.600000 15.000000 12.000000
0.039062 -1.002441 0.173340 -0.012771 0.025541 0.015963 0.300000 15.900000 12.900000
0.032715 -0.999512 0.168701 -0.013835 0.025541 0.019156 1.200000 16.200001 11.400000
0.022705 -0.998535 0.163818 -0.013835 0.024477 0.020220 0.300000 16.500000 12.300000
0.030518 -1.000732 0.166260 -0.015963 0.025541 0.017028 0.000000 18.000000 11.400000
0.035645 -0.994141 0.168701 -0.013835 0.023413 0.018092 1.200000 15.000000 12.600000
0.036377 -0.998291 0.168701 -0.009578 0.023413 0.019156 0.000000 15.000000 12.000000
0.031250 -1.004395 0.168457 -0.013835 0.025541 0.021284 0.300000 15.300000 11.700000
0.036133 -0.997803 0.165771 -0.012771 0.024477 0.017028 1.200000 16.799999 11.400000
