0.000000 0.000000 473576581766097928192.000000 0.000000 0.000000 0.000000 0.000000 155104485369630936893751296.000000 548214725935104.000000
-0.033447 -0.010986 -0.978271 -0.014899 0.021284 0.019156 -8.700000 18.900000 75.900002
-0.029297 -0.006836 -0.972168 -0.013835 0.023413 0.018092 -8.100000 17.700001 75.300003
-0.028809 -0.003174 -0.979004 -0.012771 0.023413 0.020220 -9.000000 19.799999 75.599998
-0.033203 -0.009766 -0.972656 -0.014899 0.021284 0.018092 -8.400000 17.400000 76.199997
-0.027100 -0.007812 -0.980225 -0.013835 0.024477 0.018092 -9.000000 18.000000 75.599998
-0.033936 -0.010986 -0.963867 -0.014899 0.024477 0.015963 -9.000000 17.400000 75.599998
-0.024902 -0.009033 -0.978516 -0.015963 0.021284 0.018092 -8.700000 17.100000 74.699997
-0.029053 -0.004639 -0.987305 -0.011706 0.022349 0.018092 -7.800000 17.400000 75.000000
-0.030518 -0.010742 -0.979248 -0.013835 0.023413 0.019156 -9.900000 19.500000 75.300003
-0.029785 -0.012207 -0.974121 -0.018092 0.021284 0.021284 -9.300000 18.299999 75.900002
-0.027832 -0.005615 -0.990234 -0.015963 0.022349 0.019156 -6.300000 18.900000 75.300003
-0.035645 -0.009766 -0.973877 -0.013835 0.022349 0.019156 -7.800000 18.000000 75.000000
-0.025391 -0.009766 -0.979004 -0.013835 0.022349 0.019156 -8.400000 17.400000 76.800003
-0.029541 -0.004395 -0.972412 -0.010642 0.021284 0.017028 -8.100000 18.299999 75.900002
-0.040527 -0.010254 -0.974365 -0.013835 0.021284 0.015963 -9.000000 16.799999 76.199997
-0.029541 -0.014160 -0.979004 -0.011706 0.023413 0.018092 -7.500000 17.700001 75.900002
-0.039551 -0.006104 -0.979004 -0.011706 0.021284 0.021284 -9.000000 18.600000 76.199997
-0.033203 -0.005615 -0.982666 -0.013835 0.023413 0.020220 -8.700000 16.500000 74.099998
-0.036865 -0.012939 -0.972168 -0.012771 0.021284 0.021284 -10.500000 20.100000 75.900002
-0.031250 -0.007324 -0.966553 -0.010642 0.021284 0.019156 -9.300000 18.900000 77.099998
-0.022705 -0.008057 -0.981934 -0.011706 0.023413 0.017028 -9.600000 17.400000 76.199997
-0.027100 -0.008057 -0.980713 -0.013835 0.020220 0.018092 -8.700000 17.700001 75.900002
-0.027100 -0.010010 -0.976074 -0.013835 0.021284 0.019156 -9.600000 17.400000 75.000000
-0.031494 -0.002197 -0.973877 -0.014899 0.021284 0.019156 -7.800000 18.000000 75.599998
-0.030273 -0.010010 -0.975342 -0.015963 0.024477 0.014899 -9.900000 18.900000 75.900002
-0.031006 -0.004883 -0.971191 -0.012771 0.022349 0.020220 -8.100000 18.900000 75.300003
-0.029541 -0.007568 -0.967041 -0.011706 0.020220 0.018092 -7.800000 17.400000 75.000000
-0.031982 -0.008057 -0.982666 -0.010642 0.023413 0.015963 -9.000000 18.000000 77.400002
-0.027100 -0.009521 -0.980469 -0.015963 0.023413 0.018092 -8.100000 18.299999 75.900002
-0.030518 -0.008301 -0.967285 -0.010642 0.022349 0.020220 -10.500000 17.700001 73.500000
-0.034912 -0.006592 -0.978760 -0.012771 0.022349 0.019156 -8.100000 17.700001 75.900002
-0.033936 -0.010986 -0.969727 -0.011706 0.020220 0.020220 -7.500000 18.299999 76.500000
-0.029541 -0.013916 -0.984131 -0.014899 0.022349 0.018092 -9.300000 16.500000 74.099998
-0.037354 -0.008545 -0.976318 -0.011706 0.022349 0.018092 -9.300000 18.299999 75.300003
-0.026123 -0.014404 -0.978760 -0.011706 0.024477 0.019156 -8.100000 17.100000 75.300003
-0.033203 -0.017090 -0.977051 -0.014899 0.022349 0.019156 -8.400000 18.600000 74.400002
-0.037109 -0.007812 -0.977783 -0.011706 0.022349 0.020220 -9.000000 18.000000 74.400002
-0.032471 -0.010498 -0.971191 -0.011706 0.024477 0.018092 -9.600000 16.799999 76.199997
-0.034668 -0.009033 -0.980469 -0.012771 0.023413 0.019156 -9.000000 19.200001 76.800003
-0.039795 -0.006104 -0.977295 -0.054275 0.021284 0.021284 -9.600000 19.200001 75.000000
-0.005859 -0.012451 -0.798828 0.012771 0.025541 -0.046826 -8.100000 16.500000 75.300003
-0.002441 -0.062500 -0.959229 0.048954 -0.028734 0.001064 -9.000000 18.000000 76.800003
0.051758 0.135498 -1.052002 -0.131964 0.097909 -0.017028 -9.300000 17.100000 76.500000
-0.063477 0.057861 -0.983398 0.075560 0.035119 -0.018092 -8.700000 18.299999 75.300003
-0.057129 -0.115967 -0.985596 -0.071303 0.048954 -0.011706 -9.900000 16.500000 76.500000
-0.047363 0.026367 -1.161133 -0.073431 0.005321 0.020220 -8.700000 18.299999 75.300003
-0.011475 0.040283 -1.099365 0.057468 0.001064 0.025541 -7.500000 16.500000 75.900002
-0.039062 -0.095459 -0.937744 -0.051083 0.055340 -0.011706 -8.400000 17.400000 75.000000
-0.040283 0.015625 -0.884277 0.003193 0.026606 0.055340 -8.400000 16.200001 75.000000
-0.022217 0.025879 -0.917725 -0.037248 0.011706 0.017028 -8.400000 17.400000 76.199997
-0.019043 0.033936 -0.982910 -0.040441 0.030863 0.008514 -9.600000 16.799999 76.199997
-0.040527 -0.001221 -0.965576 -0.008514 0.026606 0.014899 -9.600000 17.400000 75.599998
-0.038330 -0.031738 -0.966553 -0.003193 0.017028 0.018092 -9.600000 19.200001 76.800003
-0.033691 0.007324 -1.000000 -0.026606 0.021284 0.022349 -9.300000 17.700001 77.099998
-0.038330 0.012451 -1.007568 -0.004257 0.023413 0.026606 -8.100000 17.700001 75.900002
-0.036865 -0.006348 -0.992432 -0.003193 0.024477 0.022349 -9.900000 18.299999 74.099998
-0.033203 -0.008789 -1.005859 -0.025541 0.021284 0.010642 -7.800000 16.799999 77.400002
-0.030273 -0.010254 -0.996826 -0.003193 0.017028 0.021284 -9.000000 18.000000 76.800003
-0.027832 -0.004395 -0.978760 -0.013835 0.028734 0.020220 -6.900000 17.700001 76.500000
-0.031982 -0.001709 -0.958740 -0.020220 0.019156 0.017028 -9.300000 18.900000 74.699997
-0.026123 -0.014160 -0.973877 -0.008514 0.017028 0.021284 -9.000000 16.200001 75.599998
-0.029785 -0.012207 -0.971924 -0.015963 0.023413 0.014899 -9.000000 18.600000 75.000000
-0.035156 -0.000977 -0.956299 -0.007450 0.024477 0.019156 -9.300000 17.100000 75.300003
-0.032227 -0.016602 -0.973389 -0.005321 0.021284 0.021284 -8.100000 16.500000 75.300003
-0.031738 -0.012207 -0.981689 -0.015963 0.023413 0.019156 -9.300000 17.700001 76.500000
-0.031738 -0.005615 -0.976562 -0.015963 0.023413 0.017028 -8.100000 19.500000 75.900002
-0.028564 -0.012451 -0.978516 -0.011706 0.022349 0.020220 -9.600000 17.400000 75.599998
-0.031494 -0.011719 -0.977539 -0.013835 0.023413 0.017028 -8.100000 17.100000 75.300003
-0.033203 -0.004883 -0.980225 -0.008514 0.024477 0.020220 -9.300000 18.900000 75.900002
-0.031738 -0.011230 -0.983887 -0.012771 0.020220 0.017028 -8.400000 18.000000 75.000000
-0.029297 -0.005859 -0.979736 -0.014899 0.023413 0.019156 -8.100000 16.500000 76.500000
-0.040283 -0.012939 -0.974854 -0.012771 0.022349 0.017028 -8.100000 16.500000 75.300003
-0.035400 -0.011475 -0.976074 -0.011706 0.020220 0.017028 -8.400000 18.000000 76.199997
-0.037354 -0.006592 -0.977295 -0.013835 0.023413 0.019156 -8.700000 16.500000 76.500000
-0.039062 -0.005371 -0.986572 -0.011706 0.022349 0.019156 -8.700000 17.700001 74.699997
-0.036377 -0.005615 -0.968994 -0.013835 0.021284 0.018092 -9.000000 16.799999 75.599998
-0.035400 -0.013672 -0.978027 -0.013835 0.024477 0.018092 -7.500000 18.299999 76.500000
-0.038086 -0.008545 -0.971924 -0.014899 0.021284 0.018092 -9.600000 18.600000 75.599998
-0.032959 -0.009277 -0.972656 -0.013835 0.023413 0.019156 -9.900000 17.700001 74.099998
-0.033203 -0.007812 -0.979736 -0.010642 0.023413 0.018092 -9.000000 17.400000 76.199997
-0.034424 -0.001465 -0.976807 -0.013835 0.024477 0.018092 -8.400000 19.200001 75.000000
-0.029541 -0.002197 -0.976562 -0.013835 0.023413 0.015963 -9.300000 17.700001 75.900002
-0.034912 -0.007568 -0.976074 -0.013835 0.023413 0.020220 -8.400000 16.200001 77.400002
-0.028076 -0.007812 -0.970947 -0.015963 0.021284 0.015963 -7.800000 17.400000 76.199997
-0.035400 -0.008789 -0.973633 -0.014899 0.021284 0.020220 -9.600000 16.200001 75.000000
-0.032471 -0.003906 -0.975830 -0.012771 0.020220 0.020220 -8.400000 19.200001 76.199997
-0.036377 -0.007080 -0.985352 -0.012771 0.022349 0.019156 -8.100000 17.100000 75.300003
-0.029541 -0.003906 -0.977539 -0.011706 0.022349 0.018092 -9.300000 18.900000 76.500000
-0.031982 -0.004395 -0.979980 -0.010642 0.025541 0.021284 -7.800000 18.000000 76.199997
-0.035400 -0.010742 -0.966797 -0.012771 0.021284 0.018092 -9.300000 17.100000 77.699997
-0.033691 -0.003174 -0.972656 -0.014899 0.022349 0.018092 -9.900000 18.900000 74.699997
-0.029297 -0.003662 -0.973633 -0.013835 0.021284 0.020220 -9.000000 19.200001 75.000000
-0.025391 -0.001953 -0.983154 -0.014899 0.022349 0.018092 -10.800000 17.400000 77.400002
-0.032227 -0.002441 -0.973633 -0.012771 0.024477 0.020220 -9.900000 18.900000 74.099998
-0.032471 -0.006592 -0.974121 -0.013835 0.020220 0.018092 -9.300000 18.900000 75.300003
-0.029053 -0.007812 -0.981934 -0.012771 0.023413 0.021284 -9.000000 17.400000 75.599998
-0.032959 -0.003418 -0.973877 -0.011706 0.023413 0.018092 -8.700000 17.700001 76.500000
-0.028320 -0.010498 -0.983154 -0.013835 0.022349 0.019156 -9.600000 17.400000 75.000000
-0.028320 -0.007324 -0.974609 -0.015963 0.022349 0.020220 -8.400000 18.000000 74.400002
-0.032471 -0.006348 -0.979736 -0.012771 0.023413 0.018092 -8.700000 17.700001 74.699997
-0.029297 -0.011230 -0.971191 -0.015963 0.021284 0.018092 -8.400000 17.400000 75.000000
-0.031494 -0.006104 -0.975830 -0.012771 0.021284 0.019156 -8.400000 17.400000 75.599998
-0.033691 -0.006836 -0.977539 -0.011706 0.023413 0.018092 -9.600000 18.000000 75.599998
-0.029785 -0.004150 -0.977051 -0.014899 0.025541 0.020220 -8.700000 18.299999 75.300003
-0.035156 -0.006104 -0.971436 -0.013835 0.021284 0.015963 -8.400000 19.799999 76.199997
-0.032471 -0.007080 -0.969238 -0.010642 0.025541 0.015963 -9.600000 19.200001 75.599998
-0.034668 -0.009766 -0.984619 -0.011706 0.023413 0.019156 -9.300000 17.100000 75.900002
-0.034180 -0.007324 -0.977783 -0.014899 0.020220 0.015963 -9.000000 17.400000 73.800003
-0.031006 -0.007812 -0.981689 -0.013835 0.021284 0.018092 -7.500000 18.299999 75.300003
-0.033447 -0.009521 -0.981201 -0.014899 0.022349 0.019156 -8.100000 17.700001 77.099998
-0.026611 -0.009033 -0.967773 -0.013835 0.022349 0.018092 -8.100000 16.500000 74.699997
-0.030273 -0.008057 -0.970947 -0.012771 0.024477 0.018092 -9.600000 17.400000 75.599998
-0.035156 -0.008789 -0.978027 -0.013835 0.021284 0.021284 -9.900000 17.100000 77.099998
-0.031982 -0.010742 -0.971191 -0.012771 0.021284 0.020220 -7.800000 18.600000 76.800003
-0.033691 -0.003906 -0.968994 -0.009578 0.023413 0.017028 -8.400000 16.799999 76.800003
-0.029541 -0.017578 -0.983398 -0.013835 0.023413 0.021284 -9.000000 16.799999 76.800003
-0.035400 -0.005859 -0.984619 -0.013835 0.022349 0.020220 -9.900000 17.700001 74.699997
-0.030029 -0.011719 -0.982422 -0.013835 0.021284 0.018092 -9.900000 17.100000 74.699997
-0.033447 -0.011230 -0.979004 -0.012771 0.022349 0.017028 -8.400000 17.400000 75.599998
-0.033691 -0.015137 -0.971924 -0.011706 0.024477 0.018092 -8.100000 17.100000 75.300003
-0.029785 -0.007568 -0.970215 -0.014899 0.023413 0.018092 -8.700000 17.700001 75.300003
-0.034668 -0.011963 -0.974365 -0.013835 0.023413 0.019156 -9.000000 17.400000 76.800003
-0.033447 -0.006348 -0.985596 -0.011706 0.023413 0.021284 -9.000000 18.000000 74.400002
-0.029053 -0.008057 -0.984375 -0.013835 0.025541 0.021284 -8.400000 17.400000 76.800003
-0.033691 -0.007080 -0.973633 -0.012771 0.024477 0.020220 -9.000000 18.600000 75.599998
-0.031738 -0.012207 -0.973389 -0.014899 0.021284 0.019156 -9.000000 18.600000 76.199997
-0.033936 -0.012695 -0.971924 -0.017028 0.023413 0.018092 -8.700000 15.900000 74.699997
-0.033203 -0.012451 -0.981201 -0.012771 0.022349 0.018092 -9.300000 17.100000 75.900002
-0.036865 -0.010986 -0.977539 -0.013835 0.020220 0.017028 -9.900000 16.500000 75.900002
-0.030029 -0.004395 -0.984619 -0.012771 0.022349 0.020220 -8.700000 16.500000 75.900002
-0.027344 -0.020020 -0.975586 -0.014899 0.022349 0.021284 -7.500000 17.100000 76.500000
-0.034668 -0.008057 -0.967041 -0.013835 0.021284 0.017028 -9.600000 17.400000 77.400002
-0.034424 -0.005371 -0.983887 -0.013835 0.022349 0.019156 -8.700000 17.100000 77.099998
-0.033203 -0.006104 -0.974365 -0.017028 0.022349 0.019156 -8.400000 16.200001 75.000000
-0.029785 -0.016113 -0.975342 -0.012771 0.023413 0.017028 -8.700000 17.100000 75.300003
-0.032715 -0.003662 -0.973145 -0.009578 0.023413 0.019156 -9.300000 19.500000 75.300003
-0.031250 -0.008789 -0.977783 -0.011706 0.022349 0.017028 -9.900000 17.700001 76.500000
-0.034180 -0.005859 -0.970215 -0.012771 0.025541 0.017028 -8.700000 17.700001 75.900002
-0.027100 -0.004395 -0.989746 -0.013835 0.022349 0.020220 -9.000000 16.799999 76.199997
-0.031738 -0.007568 -0.980225 -0.013835 0.021284 0.021284 -9.600000 17.400000 73.199997
-0.034424 -0.008545 -0.973633 -0.014899 0.023413 0.020220 -9.300000 19.500000 74.699997
-0.034180 -0.013916 -0.974609 -0.014899 0.022349 0.022349 -8.700000 17.700001 75.900002
-0.029541 -0.006592 -0.972168 -0.013835 0.023413 0.017028 -8.700000 17.100000 75.300003
-0.034424 -0.008057 -0.980225 -0.014899 0.022349 0.022349 -8.400000 18.000000 74.400002
-0.029785 -0.007568 -0.978760 -0.014899 0.020220 0.018092 -10.200000 18.000000 75.599998
-0.030518 -0.007568 -0.976318 -0.012771 0.020220 0.020220 -9.300000 17.100000 75.900002
-0.037354 -0.009033 -0.977051 -0.013835 0.023413 0.014899 -9.300000 17.700001 75.900002
-0.027100 -0.007568 -0.969482 -0.012771 0.020220 0.020220 -8.400000 17.400000 76.199997
-0.037109 -0.006592 -0.981689 -0.013835 0.023413 0.015963 -9.300000 18.900000 77.099998
-0.038330 -0.007080 -0.969971 -0.011706 0.023413 0.017028 -8.100000 15.900000 75.900002
-0.036865 -0.008545 -0.977783 -0.012771 0.025541 0.017028 -7.500000 16.500000 76.500000
-0.028076 -0.007568 -0.973633 -0.014899 0.023413 0.019156 -9.300000 17.700001 75.300003
-0.023926 -0.009277 -0.981934 -0.013835 0.022349 0.021284 -7.800000 18.000000 76.199997
-0.031250 -0.004395 -0.970215 -0.015963 0.022349 0.021284 -9.000000 18.600000 73.800003
-0.263672 0.110352 -1.488525 -0.095780 0.091523 -0.003193 -8.700000 17.700001 76.500000
-0.074463 -0.022949 -0.982910 0.006385 -0.007450 0.020220 -9.300000 17.100000 76.500000
-0.093262 -0.168701 -1.075928 0.045762 -0.006385 -0.001064 -7.800000 18.600000 75.599998
-0.081055 -0.133057 -1.179443 -0.137285 0.052147 0.001064 -8.400000 18.600000 75.599998
-0.009521 0.097900 -1.080566 0.012771 0.029798 0.036184 -9.300000 17.700001 76.500000
-0.007812 -0.059082 -0.802490 0.064918 -0.003193 0.015963 -8.700000 17.700001 75.900002
-0.041748 -0.145020 -0.953369 -0.079817 0.021284 -0.004257 -8.400000 17.400000 75.000000
-0.013428 0.089600 -0.992920 -0.012771 0.003193 0.064918 -8.100000 17.700001 75.900002
-0.012695 0.063965 -0.933105 0.014899 0.030863 0.029798 -10.200000 19.200001 74.400002
-0.050781 -0.045410 -0.980469 -0.034055 0.028734 -0.017028 -8.400000 18.600000 75.599998
-0.028564 -0.021973 -0.999023 -0.012771 0.019156 0.005321 -9.600000 16.799999 78.000000
-0.035645 -0.038086 -0.968506 0.000000 0.023413 0.014899 -7.800000 18.600000 76.199997
-0.033936 -0.024170 -0.969727 -0.008514 0.023413 0.020220 -7.200000 16.799999 76.800003
-0.037842 0.018311 -0.990479 -0.022349 0.021284 0.021284 -9.000000 16.200001 76.800003
-0.031006 0.011719 -1.000000 -0.008514 0.024477 0.025541 -10.200000 19.200001 75.000000
-0.038574 0.011475 -0.975830 -0.007450 0.023413 0.024477 -9.000000 19.200001 75.599998
-0.031494 0.001709 -0.986816 -0.022349 0.020220 0.012771 -7.800000 16.799999 75.599998
-0.027832 0.003174 -0.999023 -0.018092 0.026606 0.015963 -7.800000 17.400000 77.400002
-0.044922 -0.017090 -0.968750 -0.008514 0.022349 0.017028 -8.700000 18.299999 75.900002
-0.036621 -0.012451 -0.992920 -0.014899 0.018092 0.018092 -8.100000 17.700001 77.699997
-0.035645 -0.005127 -0.991455 -0.014899 0.024477 0.019156 -7.500000 19.500000 74.099998
-0.039307 -0.003662 -0.975586 -0.009578 0.024477 0.017028 -9.600000 18.600000 76.199997
-0.036865 -0.009033 -0.983154 -0.018092 0.021284 0.015963 -8.700000 17.700001 77.099998
-0.023682 -0.012207 -0.980469 -0.012771 0.022349 0.014899 -8.700000 16.500000 75.900002
-0.029541 -0.013916 -0.962158 -0.009578 0.025541 0.018092 -10.500000 17.700001 77.099998
-0.034668 -0.009033 -0.961182 -0.018092 0.022349 0.019156 -9.000000 18.600000 74.400002
-0.023926 -0.003662 -0.986572 -0.009578 0.021284 0.020220 -8.400000 17.400000 76.199997
-0.024902 -0.008545 -0.979980 -0.010642 0.021284 0.021284 -9.600000 18.000000 75.000000
-0.038086 -0.007812 -0.970459 -0.011706 0.023413 0.019156 -9.900000 19.500000 75.300003
-0.034668 -0.016357 -0.970947 -0.011706 0.024477 0.017028 -8.400000 18.600000 75.599998
-0.038818 -0.011963 -0.985107 -0.020220 0.022349 0.018092 -9.000000 18.000000 75.599998
-0.028809 -0.007568 -0.981445 -0.014899 0.023413 0.018092 -8.700000 16.500000 75.300003
-0.033203 -0.013428 -0.973145 -0.013835 0.024477 0.020220 -9.600000 17.400000 75.599998
-0.029541 -0.006592 -0.989014 -0.017028 0.021284 0.019156 -9.600000 16.799999 75.000000
-0.035645 -0.004639 -0.978027 -0.009578 0.023413 0.018092 -9.000000 18.600000 76.800003
-0.029053 -0.010498 -0.975098 -0.010642 0.022349 0.018092 -8.400000 17.400000 76.199997
-0.036865 -0.009766 -0.975830 -0.015963 0.022349 0.020220 -9.600000 18.600000 75.599998
-0.033691 -0.007080 -0.981445 -0.017028 0.023413 0.020220 -8.700000 17.100000 74.099998
-0.028809 -0.009033 -0.977051 -0.012771 0.023413 0.018092 -9.000000 17.400000 75.599998
-0.027344 -0.002686 -0.982178 -0.009578 0.023413 0.017028 -9.600000 18.600000 75.599998
-0.035156 -0.013428 -0.972900 -0.012771 0.021284 0.018092 -9.000000 18.600000 75.599998
-0.030518 -0.008789 -0.974365 -0.009578 0.023413 0.018092 -8.400000 17.400000 76.199997
-0.034668 -0.012207 -0.983643 -0.012771 0.024477 0.019156 -9.000000 18.000000 77.400002
-0.027100 -0.007812 -0.978516 -0.013835 0.021284 0.017028 -9.300000 18.299999 75.900002
-0.035400 -0.011719 -0.971680 -0.015963 0.022349 0.015963 -10.500000 17.100000 75.900002
-0.035400 -0.008057 -0.973145 -0.013835 0.025541 0.014899 -9.900000 17.700001 74.699997
-0.030518 -0.005615 -0.979004 -0.013835 0.021284 0.018092 -9.000000 15.600000 76.800003
-0.030029 -0.009766 -0.982422 -0.010642 0.022349 0.017028 -8.400000 17.400000 75.000000
-0.034180 -0.011963 -0.977539 -0.013835 0.021284 0.018092 -9.300000 17.100000 75.900002
-0.030762 -0.008789 -0.980713 -0.013835 0.023413 0.018092 -8.700000 17.700001 75.900002
-0.026611 -0.012207 -0.978027 -0.013835 0.024477 0.020220 -9.000000 16.799999 74.400002
-0.030518 -0.007324 -0.979004 -0.011706 0.022349 0.020220 -8.100000 17.100000 75.900002
-0.031738 -0.001709 -0.975586 -0.013835 0.023413 0.015963 -9.000000 16.799999 76.800003
-0.033936 -0.010010 -0.972168 -0.014899 0.023413 0.021284 -7.200000 19.200001 76.199997
-0.025391 -0.009766 -0.974365 -0.012771 0.021284 0.019156 -9.000000 17.400000 75.599998
-0.029297 -0.012939 -0.978027 -0.010642 0.021284 0.017028 -8.100000 17.700001 75.300003
-0.033936 -0.010498 -0.984131 -0.012771 0.024477 0.019156 -8.100000 17.700001 77.699997
-0.027832 -0.004395 -0.967285 -0.012771 0.024477 0.015963 -8.100000 18.299999 75.900002
-0.032959 -0.009033 -0.976562 -0.014899 0.021284 0.018092 -9.900000 17.700001 75.900002
-0.028809 -0.006592 -0.966797 -0.014899 0.022349 0.017028 -9.900000 18.299999 75.300003
-0.031738 -0.010986 -0.973877 -0.010642 0.021284 0.019156 -9.900000 17.700001 76.500000
-0.037354 -0.014648 -0.968750 -0.011706 0.021284 0.015963 -10.200000 16.799999 76.199997
-0.029785 -0.005371 -0.977295 -0.011706 0.020220 0.021284 -6.600000 16.200001 75.599998
-0.031982 -0.007568 -0.973389 -0.012771 0.024477 0.020220 -9.000000 16.799999 76.199997
-0.033203 -0.005859 -0.973145 -0.012771 0.022349 0.019156 -9.000000 18.600000 76.800003
-0.031738 -0.006104 -0.963623 -0.014899 0.023413 0.019156 -6.900000 17.700001 75.900002
-0.031982 -0.013428 -0.970703 -0.012771 0.023413 0.017028 -9.000000 18.600000 75.000000
-0.029053 -0.004883 -0.974609 -0.013835 0.023413 0.015963 -8.100000 17.700001 75.900002
-0.027100 -0.006104 -0.987549 -0.012771 0.021284 0.015963 -9.600000 17.400000 76.199997
-0.033936 -0.008301 -0.980957 -0.011706 0.022349 0.015963 -9.300000 17.100000 75.300003
-0.030273 -0.003662 -0.970459 -0.014899 0.023413 0.019156 -8.100000 17.700001 76.500000
-0.027100 -0.005371 -0.978760 -0.017028 0.024477 0.020220 -8.700000 17.700001 75.900002
-0.032471 -0.009521 -0.966797 -0.012771 0.024477 0.020220 -9.000000 18.000000 76.199997
-0.032227 -0.015381 -0.978271 -0.012771 0.022349 0.019156 -8.700000 18.299999 77.099998
-0.033936 -0.004150 -0.972656 -0.012771 0.023413 0.018092 -7.800000 18.600000 74.400002
-0.032959 -0.008545 -0.980469 -0.014899 0.019156 0.018092 -8.100000 18.299999 75.300003
-0.033936 -0.006836 -0.976074 -0.013835 0.022349 0.021284 -9.300000 17.700001 76.500000
-0.035400 -0.010498 -0.970215 -0.012771 0.022349 0.018092 -9.000000 18.600000 73.800003
-0.028320 -0.000732 -0.986328 -0.014899 0.022349 0.018092 -9.000000 17.400000 76.800003
-0.028076 -0.008545 -0.978271 -0.017028 0.023413 0.018092 -7.500000 17.700001 77.099998
-0.034668 -0.006104 -0.986816 -0.011706 0.024477 0.019156 -9.000000 18.000000 75.599998
-0.037109 -0.003906 -0.980469 -0.013835 0.022349 0.020220 -9.600000 18.600000 75.599998
-0.031738 -0.010742 -0.973389 -0.012771 0.020220 0.015963 -9.000000 16.200001 76.199997
-0.033691 -0.006836 -0.975342 -0.014899 0.022349 0.020220 -9.600000 19.799999 76.800003
-0.023438 -0.010742 -0.980957 -0.012771 0.021284 0.015963 -8.400000 17.400000 76.199997
-0.029541 -0.015381 -0.971680 -0.012771 0.021284 0.021284 -7.500000 18.299999 75.900002
-0.027588 -0.009766 -0.977051 -0.014899 0.022349 0.017028 -9.600000 16.799999 74.400002
-0.034424 -0.009277 -0.974854 -0.010642 0.024477 0.020220 -8.700000 19.500000 74.699997
-0.034668 -0.011963 -0.975098 -0.013835 0.024477 0.018092 -9.000000 18.000000 75.599998
-0.038818 -0.006592 -0.975342 -0.011706 0.024477 0.014899 -7.500000 18.900000 75.300003
-0.029297 -0.008301 -0.978027 -0.014899 0.022349 0.019156 -8.400000 19.200001 76.800003
-0.035645 -0.007812 -0.978271 -0.012771 0.022349 0.018092 -7.500000 16.500000 76.500000
-0.031982 -0.011230 -0.986084 -0.013835 0.022349 0.017028 -9.000000 17.400000 74.400002
-0.033203 -0.013184 -0.968750 -0.012771 0.022349 0.020220 -7.200000 17.400000 75.000000
-0.030273 -0.004395 -0.971680 -0.013835 0.023413 0.019156 -7.800000 19.200001 75.599998
-0.028564 -0.009033 -0.980225 -0.011706 0.024477 0.018092 -7.800000 17.400000 76.199997
-0.037354 -0.010742 -0.981689 -0.013835 0.023413 0.021284 -8.700000 18.900000 75.900002
-0.031738 -0.007080 -0.970703 -0.012771 0.022349 0.018092 -7.500000 17.700001 76.500000
-0.031738 -0.009766 -0.971924 -0.015963 0.023413 0.018092 -8.700000 17.700001 76.500000
-0.029053 -0.005127 -0.972168 -0.010642 0.021284 0.017028 -9.000000 17.400000 76.199997
-0.031006 -0.009766 -0.982178 -0.014899 0.023413 0.020220 -9.900000 19.500000 75.300003
-0.032959 -0.005615 -0.973389 -0.012771 0.023413 0.017028 -9.000000 16.799999 75.599998
-0.033203 -0.006348 -0.973633 -0.011706 0.023413 0.018092 -9.000000 18.600000 75.599998
-0.038818 -0.006592 -0.977539 -0.012771 0.024477 0.022349 -9.900000 17.700001 74.699997
-0.034180 -0.005859 -0.973633 -0.012771 0.021284 0.021284 -8.400000 18.600000 75.000000
-0.031006 -0.004150 -0.968506 -0.014899 0.022349 0.021284 -9.000000 17.400000 75.599998
-0.028809 -0.006836 -0.969482 -0.014899 0.022349 0.020220 -6.900000 18.299999 74.699997
-0.033447 -0.010986 -0.975098 -0.013835 0.024477 0.018092 -8.700000 16.500000 75.900002
-0.029053 -0.006348 -0.989014 -0.014899 0.023413 0.019156 -9.000000 18.000000 76.800003
-0.031250 -0.010742 -0.979248 -0.014899 0.022349 0.019156 -7.800000 18.000000 75.599998
-0.032959 -0.005615 -0.983643 -0.013835 0.022349 0.018092 -10.200000 18.000000 75.000000
-0.029297 -0.007812 -0.972656 -0.015963 0.021284 0.018092 -9.000000 18.600000 75.000000
-0.034424 -0.002686 -0.979492 -0.010642 0.022349 0.018092 -9.600000 16.799999 75.599998
-0.031738 -0.007812 -0.972412 -0.012771 0.022349 0.021284 -10.500000 18.900000 73.500000
-0.024170 -0.008545 -0.984375 -0.012771 0.021284 0.019156 -9.600000 19.200001 75.000000
-0.034912 -0.009766 -0.976074 -0.008514 0.021284 0.017028 -8.400000 19.200001 76.800003
-0.034424 -0.009277 -0.981201 -0.011706 0.024477 0.022349 -10.500000 18.900000 74.099998
-0.035400 -0.005371 -0.978027 -0.015963 0.023413 0.019156 -9.000000 18.000000 77.400002
-0.038818 -0.010254 -0.980225 -0.013835 0.022349 0.020220 -8.700000 17.700001 75.900002
-0.030029 -0.009033 -0.984375 -0.012771 0.020220 0.015963 -9.900000 18.299999 75.900002
-0.031250 -0.002930 -0.973145 -0.012771 0.022349 0.018092 -9.000000 18.000000 75.599998
-0.034424 -0.004150 -0.970703 -0.011706 0.024477 0.017028 -9.900000 18.299999 75.300003
-0.033936 -0.006592 -0.977539 -0.013835 0.022349 0.019156 -8.700000 17.100000 76.500000
-0.031738 -0.004883 -0.973633 -0.011706 0.023413 0.019156 -9.300000 18.299999 76.500000
-0.033936 -0.007324 -0.977783 -0.014899 0.022349 0.021284 -8.700000 17.100000 75.300003
-0.026611 -0.002441 -0.977051 -0.012771 0.021284 0.019156 -9.000000 18.000000 76.199997
-0.036621 -0.007324 -0.977051 -0.015963 0.022349 0.015963 -9.300000 18.900000 75.900002
-0.031250 -0.000977 -0.977051 -0.014899 0.022349 0.018092 -8.100000 16.500000 75.300003
-0.035645 -0.009277 -0.970947 -0.013835 0.021284 0.015963 -8.400000 18.000000 76.199997
-0.031250 -0.012451 -0.975830 -0.015963 0.022349 0.018092 -9.000000 16.799999 75.599998
-0.032227 -0.010742 -0.976562 -0.012771 0.021284 0.017028 -8.400000 18.000000 75.599998
-0.034424 -0.004395 -0.986572 -0.012771 0.022349 0.018092 -6.900000 16.500000 75.900002
-0.033203 -0.006836 -0.975830 -0.011706 0.023413 0.019156 -8.400000 17.400000 75.599998
-0.034668 -0.010742 -0.978027 -0.013835 0.021284 0.018092 -9.000000 16.799999 76.800003
-0.032715 -0.009521 -0.974121 -0.012771 0.023413 0.019156 -9.300000 16.500000 75.900002
-0.030029 -0.008545 -0.975830 -0.014899 0.022349 0.020220 -9.300000 15.900000 77.099998
-0.036865 -0.010010 -0.977051 -0.013835 0.021284 0.017028 -9.900000 18.299999 75.300003
-0.033936 -0.011719 -0.977295 -0.014899 0.022349 0.014899 -7.500000 17.700001 76.500000
-0.036133 -0.006104 -0.978271 -0.015963 0.020220 0.020220 -9.000000 17.400000 76.199997
-0.030762 -0.007324 -0.979980 -0.011706 0.026606 0.018092 -9.900000 17.100000 77.099998
-0.030762 -0.009521 -0.979736 -0.011706 0.023413 0.017028 -9.000000 18.600000 75.599998
-0.035889 -0.007080 -0.970947 -0.014899 0.024477 0.020220 -8.100000 18.299999 75.900002
-0.030518 -0.010498 -0.966797 -0.010642 0.024477 0.020220 -9.300000 16.500000 75.900002
-0.030029 -0.006836 -0.975342 -0.015963 0.024477 0.015963 -7.800000 17.400000 76.199997
-0.026611 -0.008301 -0.985352 -0.014899 0.023413 0.020220 -9.300000 17.100000 75.300003
