-0.027832 -0.995361 0.035889 -0.024477 0.102166 0.038312 33.599998 41.400002 51.000000
-0.045166 -1.020752 0.014160 -0.001064 0.007450 0.040441 32.099998 41.099998 50.700001
-0.047607 -0.996826 0.030762 -0.009578 -0.041505 -0.002128 34.200001 40.799999 52.200001
-0.047119 -0.994873 0.024902 -0.029798 -0.045762 -0.034055 33.000000 42.000000 49.200001
-0.019531 -1.006836 0.016113 -0.046826 -0.038312 -0.006385 33.599998 41.400002 50.400002
-0.014893 -1.012207 0.008301 -0.020220 -0.039376 0.046826 33.599998 41.400002 51.000000
-0.021729 -1.002686 0.013428 -0.012771 0.005321 0.081945 34.799999 40.200001 51.599998
-0.022217 -0.993896 0.023438 -0.051083 0.046826 0.075560 33.000000 41.400002 50.400002
-0.030762 -1.006592 0.030273 -0.021284 0.032991 0.072367 33.599998 40.200001 52.200001
-0.016357 -1.002197 0.026855 -0.030863 0.008514 0.037248 32.700001 42.299999 50.099998
-0.026123 -1.006836 0.029785 -0.021284 -0.003193 0.011706 34.200001 40.799999 51.000000
-0.026611 -1.009766 0.028809 -0.007450 0.000000 -0.018092 32.400002 41.400002 49.799999
-0.029297 -1.012695 0.025391 -0.001064 0.000000 -0.019156 33.599998 42.000000 49.799999
-0.032471 -1.005371 0.022217 -0.019156 0.008514 -0.017028 32.700001 41.099998 51.299999
-0.034912 -1.010254 0.009766 -0.012771 -0.002128 0.004257 32.700001 40.500000 51.299999
-0.026123 -1.001221 0.029053 -0.010642 0.000000 -0.011706 31.799999 42.599998 51.000000
-0.022217 -1.001709 0.023682 -0.012771 -0.013835 -0.031927 33.299999 41.099998 50.700001
-0.022461 -1.004639 0.014893 -0.011706 -0.026606 -0.017028 34.500000 40.500000 49.500000
-0.026855 -1.001953 0.018066 -0.004257 0.004257 0.010642 32.099998 40.500000 52.500000
-0.021240 -0.998535 0.017578 -0.018092 0.013835 0.023413 32.700001 42.299999 50.700001
-0.029541 -0.998535 0.039551 -0.002128 -0.040441 0.057468 33.000000 42.000000 50.400002
-0.028809 -1.000244 0.038086 0.013835 -0.022349 0.118129 34.200001 40.799999 51.599998
-0.013672 -1.012939 0.004639 -0.071303 0.068110 -0.065982 32.700001 39.900002 51.299999
-0.037354 -1.046875 0.026123 0.020220 0.031927 -0.036184 32.700001 41.099998 50.099998
-0.028809 -1.015137 0.019775 0.024477 0.046826 0.053211 32.400002 40.799999 50.400002
-0.028809 -0.994629 0.040283 -0.002128 0.054275 0.009578 33.900002 42.299999 50.099998
-0.031006 -1.001709 0.032471 0.005321 0.046826 0.002128 33.900002 41.099998 51.900002
-0.025391 -1.007324 0.029053 0.013835 0.035119 -0.010642 33.299999 40.500000 50.700001
-0.022705 -1.010254 0.020264 -0.006385 0.031927 -0.031927 33.000000 41.400002 51.000000
-0.015625 -1.010254 0.024658 0.010642 0.023413 -0.041505 31.500000 39.299999 49.500000
-0.022217 -1.003906 0.021729 0.000000 0.013835 -0.051083 33.299999 42.299999 50.700001
-0.019531 -0.998535 0.039307 0.000000 0.021284 -0.069175 34.200001 41.400002 49.799999
-0.007080 -0.997803 0.026855 -0.008514 0.019156 -0.032991 31.799999 40.200001 49.200001
-0.013428 -1.000732 0.024414 0.006385 0.011706 -0.026606 32.700001 40.500000 50.700001
-0.011963 -1.002686 0.028320 -0.017028 0.024477 -0.021284 31.200001 42.000000 51.000000
-0.000977 -1.002441 0.022949 0.011706 0.015963 0.001064 32.700001 40.500000 51.299999
-0.006836 -1.004883 0.034180 0.013835 0.027670 -0.027670 32.400002 40.799999 49.799999
-0.006348 -0.988281 0.037598 -0.001064 0.051083 -0.119193 31.500000 44.099998 49.500000
-0.005859 -0.982666 0.054688 0.013835 0.047890 -0.268185 32.400002 40.799999 51.000000
0.015381 -0.995850 0.042236 0.000000 0.052147 -0.422497 32.400002 42.000000 49.799999
0.037598 -0.976562 0.055908 -0.040441 0.059597 -0.519341 29.700001 41.700001 50.700001
0.044922 -1.010742 0.037598 -0.041505 0.055340 -0.523598 29.400000 44.400002 51.599998
0.072998 -1.050781 0.017822 -0.040441 0.015963 -0.411855 28.500000 44.700001 51.299999
0.081787 -1.032471 0.029297 0.018092 0.018092 -0.353322 26.400000 43.799999 49.200001
0.090088 -1.005859 0.027588 0.014899 0.005321 -0.361836 27.299999 45.900002 50.099998
0.103760 -0.987061 0.036865 0.011706 -0.015963 -0.354387 25.200001 43.200001 51.000000
0.114502 -0.986572 0.029297 -0.004257 -0.036184 -0.324588 25.799999 44.400002 51.000000
0.125977 -0.986328 0.036621 0.003193 -0.045762 -0.341616 24.900000 46.500000 51.299999
0.150879 -0.983154 0.038330 -0.009578 -0.054275 -0.348001 24.299999 45.900002 51.299999
0.149902 -1.003174 0.029541 -0.023413 -0.036184 -0.358644 24.299999 45.900002 48.900002
0.166992 -1.025635 0.037842 0.035119 -0.019156 -0.304368 23.400000 46.200001 51.000000
0.192139 -1.002686 0.040527 0.002128 0.014899 -0.275634 22.500000 44.700001 50.099998
0.191650 -0.983154 0.047363 0.043633 0.043633 -0.304368 22.200001 45.599998 49.200001
0.198975 -0.967041 0.044189 0.034055 0.047890 -0.327781 21.600000 46.799999 50.400002
0.215820 -0.967285 0.040771 0.036184 0.040441 -0.375671 21.299999 47.700001 50.099998
0.235840 -0.961914 0.044922 0.027670 0.026606 -0.443782 20.400000 47.400002 49.799999
0.232178 -0.968994 0.034912 0.111744 -0.002128 -0.507635 21.000000 47.400002 49.799999
0.270508 -0.947998 0.028320 0.004257 -0.011706 -0.549140 18.900000 48.299999 50.099998
0.284180 -0.968994 0.045654 -0.025541 -0.026606 -0.593837 17.400000 48.000000 49.200001
0.302979 -0.978271 0.040771 -0.030863 -0.031927 -0.550204 17.100000 47.700001 50.099998
0.315674 -0.954102 0.038330 -0.044697 -0.034055 -0.555525 14.700000 50.700001 48.299999
0.338135 -0.953369 0.049561 -0.081945 -0.028734 -0.581066 15.000000 49.799999 49.200001
0.363525 -0.944336 0.052246 -0.061725 -0.045762 -0.567232 13.500000 50.099998 50.700001
0.380127 -0.917969 0.043457 -0.070239 -0.048954 -0.573617 12.900000 48.900002 49.500000
0.395508 -0.915283 0.031982 -0.067046 -0.037248 -0.648113 10.200000 48.599998 50.400002
0.426025 -0.906494 0.030273 -0.078753 -0.040441 -0.640663 10.500000 49.500000 50.700001
0.445801 -0.896484 0.020508 -0.051083 -0.042569 -0.650241 8.700000 49.500000 50.700001
0.462158 -0.877686 0.025635 -0.089395 -0.034055 -0.692810 6.300000 48.900002 50.099998
0.493652 -0.868652 0.024658 -0.055340 -0.039376 -0.687489 7.200000 49.799999 49.200001
0.494141 -0.853760 0.017822 -0.004257 -0.062789 -0.656626 6.000000 51.000000 51.599998
0.538574 -0.861572 0.024170 -0.051083 -0.073431 -0.633213 3.600000 49.799999 51.000000
0.548340 -0.865479 0.021973 0.059597 -0.074496 -0.587452 0.600000 49.799999 48.599998
0.552979 -0.833008 0.024902 -0.005321 -0.052147 -0.551268 0.000000 50.400002 49.200001
0.584473 -0.833740 0.026855 -0.011706 -0.028734 -0.504442 -0.300000 50.700001 50.700001
0.600586 -0.813965 0.017578 0.021284 -0.031927 -0.420369 -1.200000 49.200001 49.200001
0.618652 -0.812500 0.020752 0.073431 -0.018092 -0.363965 -2.700000 50.099998 50.099998
0.625977 -0.768555 0.012451 -0.036184 -0.009578 -0.355451 -3.600000 49.799999 49.799999
0.629395 -0.779541 0.016602 0.062789 0.008514 -0.324588 -4.500000 48.299999 50.700001
0.652832 -0.752441 0.016357 0.004257 -0.014899 -0.318203 -2.700000 48.900002 48.299999
0.656738 -0.747559 0.015381 -0.053211 -0.015963 -0.384185 -3.000000 49.200001 49.799999
0.682861 -0.743164 0.009033 -0.015963 -0.014899 -0.438460 -6.000000 49.799999 49.200001
0.686035 -0.736328 0.001709 -0.058532 -0.029798 -0.477837 -6.000000 49.799999 49.200001
0.689941 -0.738770 0.006348 -0.006385 -0.043633 -0.501250 -8.400000 49.799999 49.200001
0.704346 -0.722656 0.006104 -0.007450 -0.055340 -0.522534 -9.300000 48.900002 48.900002
0.717285 -0.697754 0.025879 -0.003193 -0.044697 -0.499121 -9.600000 49.200001 49.200001
0.721680 -0.704834 0.008057 -0.022349 -0.061725 -0.478901 -9.300000 50.099998 48.900002
0.726074 -0.698730 0.007080 0.038312 -0.055340 -0.457616 -11.100000 47.700001 48.900002
0.742188 -0.677734 0.014648 0.019156 -0.050019 -0.404405 -11.100000 47.700001 49.500000
0.761719 -0.668457 0.008301 0.040441 -0.011706 -0.359708 -12.000000 48.000000 49.799999
0.769775 -0.640381 0.001221 0.012771 -0.012771 -0.363965 -13.800000 49.200001 49.799999
0.776611 -0.639893 -0.002441 0.013835 -0.017028 -0.342680 -13.800000 46.799999 48.599998
0.780273 -0.629395 -0.005859 0.026606 -0.023413 -0.348001 -14.400000 46.200001 51.000000
0.796875 -0.604004 -0.003662 0.003193 -0.034055 -0.387378 -15.900000 47.099998 50.099998
0.797363 -0.588135 -0.006836 -0.026606 -0.067046 -0.406534 -14.700000 46.500000 49.500000
0.823242 -0.589844 0.005371 0.012771 -0.073431 -0.421433 -17.100000 45.900002 49.500000
0.829102 -0.556641 -0.008301 -0.023413 -0.080881 -0.481029 -16.500000 47.099998 50.099998
0.839600 -0.550049 0.001709 -0.012771 -0.089395 -0.502314 -18.299999 47.099998 48.900002
0.841309 -0.546387 -0.002930 -0.014899 -0.093652 -0.504442 -19.200001 45.000000 51.000000
0.856201 -0.547119 -0.022705 0.012771 -0.065982 -0.466130 -19.200001 46.200001 49.200001
0.863525 -0.531494 -0.010498 -0.004257 -0.071303 -0.475708 -21.600000 44.400002 51.000000
0.856934 -0.512939 -0.007324 0.073431 -0.043633 -0.481029 -20.700001 44.700001 50.700001
0.871094 -0.483643 -0.025635 -0.007450 -0.068110 -0.465066 -22.200001 43.200001 50.400002
0.877686 -0.477295 -0.022461 0.007450 -0.075560 -0.423561 -22.500000 42.299999 51.900002
0.887939 -0.455322 -0.029541 -0.014899 -0.079817 -0.417176 -22.200001 45.000000 50.400002
0.905029 -0.452393 -0.015869 0.048954 -0.083009 -0.406534 -25.799999 42.599998 50.400002
0.898193 -0.419189 -0.027832 -0.011706 -0.080881 -0.426754 -24.299999 41.700001 50.700001
0.912109 -0.419922 -0.031982 0.011706 -0.064918 -0.441653 -25.500000 41.099998 50.099998
0.915527 -0.392334 -0.027100 0.006385 -0.073431 -0.448038 -26.100000 41.099998 50.099998
0.928711 -0.388184 -0.043945 0.015963 -0.073431 -0.443782 -27.000000 39.599998 50.400002
0.916504 -0.350342 -0.028809 0.078753 -0.067046 -0.440589 -28.200001 41.400002 50.400002
0.934570 -0.348389 -0.038818 -0.011706 -0.072367 -0.412919 -28.799999 41.400002 51.000000
0.939697 -0.343994 -0.040527 0.052147 -0.046826 -0.389506 -27.900000 39.900002 50.099998
0.943604 -0.323975 -0.043701 0.051083 -0.043633 -0.371414 -31.200001 37.799999 51.599998
0.952148 -0.292236 -0.052246 -0.014899 -0.051083 -0.384185 -31.200001 38.400002 51.599998
0.963135 -0.281250 -0.049561 0.041505 -0.044697 -0.410791 -32.700001 37.500000 51.900002
0.951904 -0.270996 -0.050293 0.005321 -0.057468 -0.433139 -31.500000 38.099998 52.500000
0.958496 -0.243896 -0.053955 0.010642 -0.051083 -0.476772 -32.700001 37.500000 51.299999
0.967041 -0.215576 -0.060059 -0.057468 -0.058532 -0.537433 -31.500000 36.299999 51.299999
0.972656 -0.228027 -0.067139 -0.061725 -0.070239 -0.538497 -33.000000 36.000000 50.400002
0.965576 -0.218262 -0.062988 -0.059597 -0.061725 -0.511892 -32.400002 35.400002 51.000000
0.973877 -0.201660 -0.058838 -0.012771 -0.041505 -0.491672 -35.400002 33.599998 52.799999
0.982666 -0.168945 -0.075684 -0.067046 -0.077688 -0.466130 -35.099998 35.099998 50.099998
0.968018 -0.190430 -0.055420 0.006385 -0.045762 -0.427818 -36.000000 33.000000 50.400002
0.977539 -0.159912 -0.065430 0.004257 -0.037248 -0.403341 -36.900002 33.900002 51.900002
0.984863 -0.128174 -0.064209 -0.083009 -0.046826 -0.354387 -38.400002 33.000000 53.400002
0.983643 -0.135010 -0.067139 -0.010642 -0.043633 -0.299047 -38.099998 30.900000 51.299999
0.989502 -0.119385 -0.070068 0.012771 -0.039376 -0.255414 -37.500000 30.900000 53.099998
0.989014 -0.103516 -0.069336 0.028734 -0.025541 -0.216038 -37.200001 32.400002 52.799999
0.995850 -0.085938 -0.080566 0.024477 -0.010642 -0.185175 -39.900002 29.700001 52.500000
0.994873 -0.077881 -0.094238 0.009578 0.002128 -0.197946 -40.200001 28.799999 52.799999
0.994141 -0.065186 -0.085449 -0.015963 -0.009578 -0.204331 -39.900002 29.100000 50.700001
0.989990 -0.056396 -0.076660 -0.021284 0.000000 -0.189432 -39.599998 28.799999 52.799999
0.995605 -0.046387 -0.093506 -0.074496 0.011706 -0.200074 -39.299999 29.100000 51.299999
0.989746 -0.050049 -0.085938 -0.025541 0.003193 -0.174533 -39.599998 28.200001 52.200001
0.989990 -0.050537 -0.076904 -0.023413 0.013835 -0.128771 -39.900002 29.700001 51.900002
0.991699 -0.049316 -0.093750 -0.051083 0.019156 -0.091523 -40.500000 27.299999 51.299999
0.982666 -0.053223 -0.083740 -0.003193 0.034055 -0.061725 -40.500000 28.500000 51.900002
0.988281 -0.031738 -0.085205 -0.013835 0.044697 -0.044697 -40.200001 28.200001 51.599998
0.997803 -0.045166 -0.071777 0.006385 0.032991 -0.024477 -40.500000 29.700001 53.099998
0.984619 -0.025635 -0.090332 -0.009578 0.026606 -0.023413 -39.000000 28.799999 51.599998
0.983643 -0.030762 -0.098389 -0.006385 0.021284 -0.008514 -40.799999 27.000000 52.200001
0.991699 -0.032227 -0.082764 0.008514 0.013835 0.005321 -40.799999 27.600000 52.200001
0.982910 -0.023926 -0.080078 -0.004257 0.014899 -0.001064 -40.200001 28.200001 52.200001
0.986572 -0.027588 -0.087891 0.010642 0.013835 0.000000 -40.200001 28.200001 50.400002
0.995850 -0.017578 -0.079590 -0.002128 0.015963 -0.008514 -40.200001 28.200001 52.799999
0.991699 -0.014404 -0.084473 -0.023413 0.027670 -0.006385 -41.700001 27.299999 52.500000
0.993408 -0.024414 -0.072998 -0.001064 0.012771 0.000000 -41.099998 28.500000 53.099998
0.994629 -0.016113 -0.098877 -0.023413 0.029798 -0.002128 -40.799999 27.600000 51.599998
0.982422 -0.024414 -0.092773 -0.011706 0.031927 -0.005321 -41.400002 30.000000 51.599998
0.984619 -0.010254 -0.086914 -0.037248 0.012771 0.003193 -39.900002 27.900000 52.500000
0.986816 -0.024902 -0.077637 -0.020220 0.010642 0.006385 -40.799999 26.400000 51.599998
0.993408 -0.002686 -0.099365 -0.035119 0.022349 -0.007450 -41.400002 28.200001 51.599998
0.988037 -0.028809 -0.083984 -0.027670 -0.002128 0.009578 -39.900002 27.299999 52.500000
0.986084 -0.016113 -0.081299 0.002128 0.012771 0.007450 -39.299999 28.500000 52.500000
0.991455 -0.013184 -0.087158 -0.024477 0.006385 -0.004257 -40.799999 28.799999 52.200001
0.989014 -0.016357 -0.090820 -0.019156 0.000000 -0.003193 -40.200001 29.400000 51.599998
0.988037 -0.018066 -0.086426 -0.027670 0.012771 -0.006385 -40.500000 26.700001 50.700001
1.001465 -0.012207 -0.084961 -0.039376 0.017028 -0.005321 -41.099998 27.299999 52.500000
0.990234 -0.019287 -0.074707 -0.023413 0.031927 0.007450 -41.099998 27.299999 51.299999
0.992676 -0.014893 -0.086914 -0.026606 0.042569 0.024477 -39.900002 27.299999 51.900002
0.994629 -0.014893 -0.087646 -0.053211 0.034055 0.035119 -40.500000 28.500000 51.900002
0.993164 -0.007568 -0.093506 -0.043633 0.017028 0.036184 -40.500000 27.900000 51.900002
0.986816 -0.007080 -0.093262 -0.086202 0.011706 0.023413 -40.500000 29.700001 53.099998
0.988770 -0.007812 -0.090576 -0.109615 0.014899 0.024477 -42.900002 27.299999 53.099998
0.986572 -0.016113 -0.085449 -0.138349 0.005321 0.034055 -40.799999 27.600000 52.799999
0.990234 -0.018799 -0.080078 -0.083009 0.017028 0.025541 -40.200001 27.000000 52.799999
0.991455 -0.022461 -0.091309 -0.041505 0.027670 0.011706 -41.099998 27.299999 53.099998
0.987793 -0.012207 -0.088623 -0.039376 0.030863 0.019156 -40.799999 27.600000 52.200001
0.989014 -0.016846 -0.091553 -0.019156 0.028734 0.029798 -40.799999 26.400000 52.799999
0.995361 -0.019043 -0.092285 -0.021284 0.023413 0.034055 -40.200001 27.600000 54.599998
0.993652 -0.015381 -0.083008 -0.025541 0.024477 0.031927 -39.900002 27.900000 53.700001
0.992920 -0.006104 -0.099365 -0.041505 0.018092 0.021284 -39.900002 27.900000 53.700001
0.993896 -0.031494 -0.085693 -0.017028 0.018092 0.007450 -42.299999 27.299999 51.299999
1.004395 -0.009521 -0.087158 -0.035119 0.021284 -0.002128 -39.900002 26.700001 51.299999
0.989990 -0.018555 -0.089844 -0.024477 0.029798 0.003193 -40.799999 26.400000 52.799999
0.981201 -0.005127 -0.076904 -0.040441 0.019156 0.020220 -40.200001 27.000000 54.000000
0.994629 -0.020020 -0.086426 -0.020220 0.015963 0.041505 -39.599998 27.600000 51.599998
0.987305 -0.009277 -0.100342 -0.041505 0.019156 0.039376 -40.200001 27.000000 52.200001
0.984131 -0.012939 -0.081299 -0.009578 0.026606 0.037248 -40.200001 27.600000 52.799999
0.989990 -0.006348 -0.088135 -0.036184 0.018092 0.012771 -40.500000 26.700001 52.500000
0.980957 -0.011963 -0.088867 -0.026606 0.012771 0.008514 -41.099998 29.100000 53.099998
0.990234 -0.012695 -0.097656 -0.009578 0.007450 -0.007450 -39.900002 27.299999 53.700001
0.985596 -0.010254 -0.092529 -0.007450 -0.003193 -0.001064 -39.000000 27.600000 52.200001
0.989014 -0.006348 -0.087402 -0.006385 -0.004257 0.010642 -39.900002 27.900000 53.099998
1.000000 -0.013184 -0.083252 -0.027670 -0.003193 0.015963 -41.400002 29.400000 53.400002
0.994141 -0.021973 -0.080566 -0.001064 0.017028 0.025541 -40.799999 28.799999 52.799999
1.000732 -0.022217 -0.087158 -0.015963 0.025541 0.027670 -42.000000 27.600000 52.200001
0.983398 -0.014893 -0.086426 -0.020220 0.013835 0.029798 -39.599998 27.000000 53.400002
0.984131 -0.014648 -0.093750 -0.020220 0.022349 0.024477 -40.500000 27.299999 52.500000
0.986328 -0.020996 -0.100098 -0.010642 0.013835 0.018092 -39.000000 28.200001 52.799999
0.979736 -0.016602 -0.076904 0.017028 0.017028 0.020220 -42.000000 26.400000 52.200001
0.979736 -0.004639 -0.079590 0.027670 0.009578 -0.001064 -41.400002 28.799999 52.200001
1.001709 -0.004883 -0.090820 0.007450 0.001064 -0.006385 -40.500000 26.100000 53.099998
0.994141 -0.006592 -0.080322 0.009578 -0.011706 0.004257 -40.799999 29.400000 52.799999
1.000977 -0.009521 -0.101562 -0.001064 0.009578 0.008514 -41.099998 27.299999 53.099998
0.997314 -0.019775 -0.076660 -0.020220 0.019156 0.032991 -41.700001 27.299999 50.700001
0.999268 0.000488 -0.094727 -0.025541 0.012771 0.045762 -41.099998 28.500000 53.099998
0.990967 -0.009766 -0.085449 -0.017028 0.025541 0.043633 -41.099998 27.900000 51.299999
0.991943 -0.003174 -0.106201 -0.021284 0.027670 0.017028 -39.299999 27.299999 51.900002
0.985352 -0.014893 -0.106934 -0.020220 0.012771 0.006385 -39.599998 28.200001 53.400002
0.983398 -0.010254 -0.091797 -0.018092 0.001064 0.008514 -41.700001 26.700001 53.099998
0.990967 -0.022461 -0.097656 -0.013835 -0.002128 0.008514 -39.599998 28.200001 51.599998
0.981201 -0.020020 -0.092285 0.003193 -0.002128 0.021284 -41.700001 27.900000 53.700001
0.987305 -0.014404 -0.094482 0.009578 0.009578 0.005321 -40.500000 28.500000 53.099998
0.995605 -0.010254 -0.098633 0.004257 0.005321 0.021284 -40.799999 27.600000 54.000000
0.990234 -0.005615 -0.097412 -0.002128 0.000000 0.018092 -40.799999 27.600000 54.599998
0.993408 -0.012451 -0.099365 0.003193 0.027670 0.007450 -41.400002 28.200001 53.400002
0.992676 -0.004639 -0.112549 -0.021284 0.009578 0.008514 -40.500000 27.299999 53.700001
0.976318 -0.017334 -0.103760 0.000000 0.011706 0.027670 -39.000000 27.600000 54.000000
0.994141 -0.006348 -0.101562 -0.010642 0.022349 0.028734 -39.900002 27.900000 52.500000
0.990479 -0.010986 -0.090820 -0.011706 0.023413 0.024477 -39.599998 27.600000 54.599998
0.993164 -0.003906 -0.102539 -0.020220 0.015963 0.021284 -40.799999 27.000000 52.200001
0.993896 -0.007080 -0.098389 -0.029798 0.015963 0.005321 -41.400002 28.200001 53.400002
0.996094 -0.015625 -0.098145 -0.029798 0.018092 -0.003193 -41.400002 28.200001 53.400002
0.988281 -0.019287 -0.093750 -0.012771 0.022349 0.001064 -39.900002 27.900000 52.500000
0.981201 -0.014160 -0.101807 -0.021284 0.022349 0.004257 -40.500000 28.500000 52.500000
0.981201 -0.018066 -0.098389 -0.025541 0.013835 0.009578 -41.099998 27.299999 53.700001
0.977539 -0.012695 -0.099365 -0.001064 0.019156 0.009578 -41.400002 27.000000 53.400002
0.986328 -0.010742 -0.105225 -0.008514 0.010642 0.020220 -40.200001 27.000000 51.599998
0.989258 -0.007324 -0.093506 -0.006385 0.017028 0.014899 -41.099998 27.299999 52.500000
0.992432 -0.002197 -0.097656 -0.013835 0.003193 0.005321 -41.099998 27.900000 53.099998
0.994629 -0.018066 -0.107422 -0.010642 0.012771 0.018092 -40.799999 28.799999 52.200001
0.994141 -0.013184 -0.108643 -0.015963 0.021284 0.022349 -41.099998 26.700001 53.099998
0.993896 -0.008301 -0.107666 -0.008514 0.021284 -0.003193 -41.700001 27.299999 52.500000
0.989258 -0.003662 -0.110107 -0.012771 0.021284 -0.014899 -41.700001 26.700001 53.099998
0.987793 -0.006348 -0.102051 -0.013835 0.025541 -0.018092 -39.299999 27.299999 52.500000
0.992676 -0.012695 -0.106689 -0.012771 0.028734 -0.001064 -41.099998 27.299999 53.099998
0.994629 0.000244 -0.105713 -0.011706 0.030863 0.011706 -40.200001 27.000000 53.400002
0.987549 0.001709 -0.103760 -0.018092 0.021284 0.005321 -40.799999 26.400000 51.599998
0.994873 -0.003662 -0.088379 -0.018092 0.015963 0.011706 -40.200001 27.600000 52.799999
0.985107 -0.004395 -0.103760 -0.017028 0.018092 0.006385 -40.799999 26.400000 51.599998
0.988037 -0.009277 -0.099365 -0.019156 0.023413 0.017028 -40.500000 26.100000 53.099998
0.986816 -0.002441 -0.098633 -0.015963 0.019156 0.012771 -42.000000 26.400000 52.799999
0.988525 -0.005127 -0.103271 -0.017028 0.011706 0.014899 -40.500000 26.700001 53.099998
0.988770 -0.001465 -0.092285 -0.017028 0.021284 0.025541 -40.500000 25.500000 52.500000
0.994141 0.003662 -0.096191 -0.022349 0.020220 0.006385 -40.799999 25.799999 52.799999
0.985596 -0.000732 -0.096680 -0.027670 0.008514 0.009578 -40.500000 26.700001 53.700001
0.997803 -0.000488 -0.104004 -0.034055 0.020220 0.000000 -40.500000 26.700001 53.099998
0.984375 -0.005615 -0.100342 -0.028734 0.019156 -0.006385 -40.200001 27.000000 51.599998
0.982666 -0.004883 -0.100586 -0.015963 0.024477 0.004257 -40.799999 26.400000 51.599998
0.993408 -0.001221 -0.101318 -0.019156 0.019156 0.006385 -40.799999 26.400000 53.400002
0.985840 -0.005127 -0.091064 -0.003193 0.029798 0.019156 -41.099998 27.900000 53.700001
0.986816 -0.001953 -0.109619 -0.015963 0.015963 0.024477 -40.200001 25.200001 53.400002
0.981201 0.003174 -0.094971 0.006385 0.020220 0.032991 -40.500000 27.299999 54.299999
1.003174 0.006348 -0.104492 -0.012771 0.022349 0.020220 -40.799999 26.400000 53.400002
0.987061 0.000977 -0.102051 -0.021284 0.020220 0.019156 -41.400002 28.200001 55.200001
0.994873 -0.009033 -0.088623 -0.014899 0.019156 0.020220 -40.500000 27.900000 53.700001
0.994141 0.001953 -0.098877 -0.013835 0.018092 0.018092 -41.400002 28.200001 52.799999
0.993164 0.001709 -0.092529 -0.014899 0.028734 0.010642 -41.099998 26.100000 53.099998
0.987061 0.003906 -0.098633 -0.023413 0.023413 0.001064 -41.400002 27.000000 53.400002
0.992432 0.002197 -0.108643 -0.018092 0.041505 0.007450 -40.500000 26.700001 51.900002
0.989014 -0.006348 -0.095215 -0.010642 0.032991 0.017028 -42.299999 26.700001 53.099998
0.982666 -0.001221 -0.100342 -0.002128 0.030863 0.007450 -41.099998 26.100000 51.900002
0.978516 0.001709 -0.112793 -0.020220 0.010642 0.003193 -40.200001 25.799999 52.799999
0.998291 0.002930 -0.100098 -0.021284 0.015963 0.001064 -40.200001 27.600000 52.799999
0.988037 -0.009277 -0.102051 -0.001064 0.025541 0.005321 -41.099998 26.700001 53.099998
0.990723 0.004639 -0.104004 -0.022349 0.020220 0.002128 -42.299999 26.700001 51.900002
0.995850 -0.004395 -0.104248 -0.015963 0.028734 0.006385 -40.500000 27.900000 52.500000
0.987305 -0.002197 -0.088867 -0.032991 0.022349 0.017028 -40.799999 28.200001 53.400002
0.987793 -0.000977 -0.094727 -0.038312 0.029798 0.019156 -41.400002 27.000000 52.799999
0.988037 -0.002441 -0.093506 -0.012771 0.044697 0.010642 -41.700001 26.100000 53.700001
0.990723 0.003662 -0.092041 -0.023413 0.039376 0.020220 -40.500000 26.100000 53.099998
0.992676 0.010498 -0.101318 -0.036184 0.036184 0.020220 -42.599998 26.400000 52.200001
0.990234 0.012939 -0.095215 -0.024477 0.017028 0.018092 -41.400002 25.200001 53.400002
0.989258 -0.000732 -0.098145 -0.030863 0.026606 0.013835 -41.400002 25.799999 52.200001
0.987793 0.005127 -0.102051 -0.031927 0.018092 0.007450 -41.099998 26.700001 53.099998
0.995850 -0.001709 -0.093018 -0.013835 0.023413 -0.002128 -40.799999 27.600000 53.400002
0.988037 0.009033 -0.099854 -0.021284 0.030863 0.013835 -41.400002 28.200001 54.000000
0.990479 -0.005127 -0.095459 -0.005321 0.026606 0.019156 -41.400002 27.000000 52.200001
0.981445 0.003174 -0.096680 0.004257 0.032991 0.022349 -42.000000 25.799999 53.400002
0.981689 0.013672 -0.103760 -0.005321 0.017028 0.036184 -41.099998 27.900000 51.900002
0.995850 0.009766 -0.094238 -0.015963 0.020220 0.026606 -41.700001 27.299999 53.099998
0.991943 0.010986 -0.093506 -0.011706 0.020220 0.030863 -41.099998 26.100000 54.299999
0.993652 0.016602 -0.095459 -0.011706 0.012771 0.014899 -40.500000 26.100000 53.700001
1.005859 0.010010 -0.109375 -0.028734 0.028734 0.001064 -41.700001 27.299999 52.500000
0.993408 -0.002441 -0.101318 -0.011706 0.037248 -0.002128 -41.700001 25.500000 53.099998
0.984375 0.010254 -0.088867 -0.034055 0.022349 0.012771 -42.000000 26.400000 52.799999
0.976807 -0.002197 -0.078369 -0.003193 0.015963 0.021284 -41.700001 23.700001 53.099998
0.988281 -0.000732 -0.103760 -0.002128 0.020220 0.039376 -40.500000 27.299999 53.099998
0.982910 0.002930 -0.097168 -0.007450 0.027670 0.027670 -39.599998 26.400000 53.400002
0.992188 0.013428 -0.099854 -0.011706 0.018092 0.013835 -40.200001 27.000000 53.400002
0.987305 0.001221 -0.093018 -0.010642 0.010642 0.015963 -39.900002 26.100000 53.099998
0.997803 0.005371 -0.089355 -0.017028 0.026606 -0.007450 -40.500000 26.700001 53.700001
0.989258 -0.008545 -0.090576 -0.012771 0.022349 0.001064 -42.299999 26.700001 52.500000
0.986328 -0.000244 -0.093262 -0.004257 0.010642 0.017028 -42.599998 27.000000 52.799999
0.992432 0.001709 -0.100342 0.004257 0.013835 0.019156 -40.500000 26.100000 53.099998
0.986572 -0.003906 -0.089844 0.000000 0.021284 0.008514 -40.200001 27.000000 52.799999
0.988770 0.009033 -0.107422 -0.001064 0.030863 -0.002128 -40.799999 27.000000 54.000000
0.988037 0.010986 -0.094727 -0.006385 0.013835 0.003193 -40.799999 25.799999 52.200001
0.986084 0.009277 -0.096680 -0.004257 0.015963 0.006385 -42.599998 24.600000 53.400002
0.991455 0.009033 -0.106445 -0.009578 0.022349 0.017028 -42.900002 26.100000 51.299999
0.984863 0.010986 -0.096924 -0.019156 0.018092 0.012771 -40.500000 27.299999 53.700001
0.983398 0.002197 -0.087158 -0.007450 0.017028 0.022349 -41.400002 26.400000 52.200001
0.988037 0.005859 -0.105713 -0.026606 0.015963 0.027670 -41.700001 26.700001 53.700001
0.987793 0.001465 -0.091064 -0.013835 0.018092 0.017028 -40.500000 25.500000 53.099998
0.985352 0.012207 -0.098389 -0.019156 0.012771 0.024477 -40.200001 26.400000 51.000000
0.995361 0.003906 -0.098877 -0.028734 0.030863 0.018092 -41.099998 26.700001 53.700001
0.987793 0.012207 -0.080566 -0.024477 0.021284 0.017028 -42.000000 26.400000 52.200001
0.991455 0.000244 -0.087646 -0.007450 0.017028 0.014899 -39.299999 26.700001 51.900002
0.986084 0.004639 -0.098145 -0.019156 0.027670 0.014899 -40.500000 26.700001 52.500000
