-0.017822 -0.031982 -0.984131 -0.015963 0.025541 0.019156 -20.700001 3.300000 73.500000
-0.013184 -0.035645 -0.980957 -0.010642 0.022349 0.017028 -21.900000 4.500000 74.699997
-0.016357 -0.026611 -0.971680 -0.014899 0.026606 0.021284 -20.400000 3.600000 74.400002
-0.010254 -0.032715 -0.982666 -0.012771 0.022349 0.019156 -21.600000 4.200000 73.199997
-0.012695 -0.035156 -0.972656 -0.010642 0.022349 0.018092 -21.299999 3.900000 73.500000
-0.007568 -0.031982 -0.980225 -0.014899 0.024477 0.019156 -21.600000 4.800000 72.599998
-0.017578 -0.036621 -0.971924 -0.013835 0.021284 0.021284 -21.299999 3.300000 74.099998
-0.014648 -0.030273 -0.987305 -0.014899 0.021284 0.015963 -22.200001 5.400000 75.000000
-0.007812 -0.031494 -0.978760 -0.015963 0.023413 0.019156 -22.200001 4.200000 74.400002
-0.017578 -0.032715 -0.982422 -0.012771 0.025541 0.017028 -21.299999 3.900000 72.300003
-0.017090 -0.031738 -0.979004 -0.014899 0.021284 0.019156 -21.900000 3.900000 74.699997
-0.017334 -0.030762 -0.983154 -0.015963 0.022349 0.019156 -21.299999 3.300000 73.500000
-0.014893 -0.035889 -0.979492 -0.013835 0.021284 0.018092 -21.000000 4.200000 73.800003
-0.008789 -0.035889 -0.986572 -0.014899 0.018092 0.019156 -20.100000 4.500000 73.500000
-0.011963 -0.029785 -0.979736 -0.014899 0.025541 0.021284 -21.299999 3.900000 74.699997
-0.020264 -0.037598 -0.981934 -0.013835 0.023413 0.022349 -23.100000 3.900000 74.099998
-0.012207 -0.025879 -0.980469 -0.014899 0.025541 0.019156 -21.000000 6.000000 72.599998
-0.009521 -0.038330 -0.977051 -0.013835 0.024477 0.022349 -21.600000 4.200000 74.400002
-0.018799 -0.031738 -0.981689 -0.014899 0.024477 0.020220 -21.299999 4.500000 74.099998
-0.018799 -0.032959 -0.978516 -0.014899 0.022349 0.020220 -20.400000 4.200000 73.800003
-0.014893 -0.028320 -0.985352 -0.014899 0.025541 0.019156 -20.400000 4.200000 74.400002
-0.012207 -0.034912 -0.977539 -0.013835 0.027670 0.020220 -21.000000 5.400000 75.000000
-0.013916 -0.036133 -0.971680 -0.013835 0.022349 0.019156 -21.600000 4.200000 75.000000
-0.016846 -0.031738 -0.978516 -0.014899 0.026606 0.019156 -21.600000 4.800000 74.400002
-0.014648 -0.025146 -0.970215 -0.013835 0.026606 0.020220 -22.200001 4.200000 74.400002
-0.008789 -0.036621 -0.983887 -0.012771 0.024477 0.017028 -21.900000 2.700000 75.300003
-0.014648 -0.026855 -0.988770 -0.017028 0.024477 0.021284 -21.900000 5.700000 72.900002
-0.013184 -0.034180 -0.981201 -0.011706 0.021284 0.022349 -21.000000 4.800000 73.199997
-0.017578 -0.029053 -0.978271 -0.010642 0.024477 0.015963 -21.900000 4.500000 71.699997
-0.013672 -0.031494 -0.985107 -0.011706 0.024477 0.019156 -21.900000 5.100000 72.900002
-0.014160 -0.035156 -0.976562 -0.012771 0.023413 0.018092 -21.000000 3.000000 73.199997
-0.015137 -0.035156 -0.974609 -0.011706 0.022349 0.021284 -22.799999 3.600000 72.000000
-0.020752 -0.026855 -0.971680 -0.012771 0.025541 0.011706 -20.400000 5.400000 73.800003
-0.009766 -0.036377 -0.988037 -0.007450 0.021284 0.017028 -20.700001 3.900000 73.500000
-0.015137 -0.030518 -0.979736 -0.010642 0.026606 0.020220 -21.000000 3.600000 73.800003
-0.025146 -0.029785 -0.978271 -0.013835 0.025541 0.019156 -22.500000 5.100000 72.900002
-0.014648 -0.027344 -0.982422 -0.012771 0.023413 0.019156 -21.600000 3.000000 73.800003
-0.016602 -0.034180 -0.982666 -0.014899 0.023413 0.017028 -20.400000 4.200000 73.800003
-0.020996 -0.039551 -0.981445 -0.011706 0.023413 0.019156 -22.500000 4.500000 72.900002
-0.018066 -0.032227 -0.982666 -0.017028 0.025541 0.019156 -20.400000 4.200000 73.800003
-0.017090 -0.031738 -0.984375 -0.011706 0.022349 0.019156 -21.900000 4.500000 73.500000
-0.016602 -0.032715 -0.973877 -0.014899 0.025541 0.018092 -20.700001 4.500000 73.500000
0.087158 0.060791 -0.894287 0.008514 0.022349 -0.037248 -21.600000 3.000000 73.199997
0.005371 -0.015625 -0.970947 -0.004257 0.031927 0.037248 -22.200001 3.600000 73.800003
-0.003662 -0.012939 -0.973877 -0.015963 0.023413 0.050019 -20.700001 4.500000 74.099998
0.000732 -0.023193 -0.972412 -0.011706 0.026606 0.046826 -21.000000 4.200000 73.199997
0.004639 -0.017578 -0.975098 -0.014899 0.023413 0.029798 -21.600000 4.200000 73.199997
-0.006592 -0.013428 -0.985352 -0.008514 0.026606 0.008514 -21.600000 5.400000 73.199997
0.014893 -0.008789 -0.977539 -0.010642 0.019156 -0.034055 -21.299999 4.500000 74.099998
0.012695 -0.006836 -0.975342 -0.017028 0.021284 -0.031927 -21.600000 3.600000 75.000000
0.002930 -0.004639 -0.978760 -0.019156 0.022349 -0.041505 -21.000000 4.800000 73.800003
0.003662 -0.000732 -0.978271 -0.015963 0.015963 -0.040441 -23.100000 3.900000 73.500000
0.008789 -0.012939 -0.983643 -0.012771 0.020220 -0.041505 -21.600000 3.600000 74.400002
-0.001465 -0.011230 -0.981689 -0.020220 0.024477 -0.064918 -20.700001 4.500000 74.099998
0.002197 -0.020996 -0.975586 -0.018092 0.023413 -0.025541 -21.600000 2.400000 73.199997
-0.005859 -0.017334 -0.969971 -0.025541 0.029798 -0.053211 -21.900000 3.300000 74.099998
-0.003662 -0.022949 -0.975342 -0.023413 0.027670 -0.035119 -22.200001 4.200000 73.199997
-0.011475 -0.019287 -0.987549 -0.027670 0.027670 -0.029798 -23.100000 5.100000 74.099998
-0.004150 -0.024414 -0.963867 -0.028734 0.022349 -0.055340 -21.600000 3.600000 72.599998
-0.007080 -0.038574 -0.971191 -0.024477 0.025541 -0.002128 -20.400000 3.000000 70.800003
-0.003174 -0.028564 -0.974121 -0.028734 0.035119 -0.002128 -20.400000 5.400000 72.000000
0.001953 -0.019043 -0.984863 -0.025541 0.029798 0.034055 -20.400000 3.600000 72.599998
0.003906 -0.023926 -0.971191 -0.030863 0.027670 0.043633 -20.100000 3.900000 72.900002
-0.000488 -0.008545 -0.989990 -0.026606 0.019156 0.030863 -21.299999 3.900000 71.699997
-0.010254 -0.026855 -0.963379 -0.032991 0.028734 0.022349 -21.900000 3.900000 72.900002
-0.018799 -0.025391 -1.000244 -0.021284 0.023413 0.028734 -20.400000 4.200000 73.199997
-0.011230 -0.019531 -0.970215 -0.014899 0.027670 0.025541 -21.900000 3.900000 72.300003
-0.010986 -0.011719 -0.979248 -0.009578 0.031927 0.020220 -19.500000 3.900000 74.099998
-0.020020 -0.026855 -0.973633 -0.017028 0.024477 0.006385 -21.000000 4.200000 72.000000
-0.011963 -0.008057 -0.975586 -0.012771 0.025541 -0.002128 -19.799999 5.400000 73.199997
-0.011719 -0.022461 -0.979492 -0.020220 0.020220 0.000000 -19.799999 2.400000 72.599998
-0.026123 -0.034912 -0.970215 -0.022349 0.027670 -0.004257 -21.299999 3.900000 71.699997
-0.016113 -0.025635 -0.970703 -0.022349 0.026606 0.020220 -20.400000 3.000000 71.400002
-0.018555 -0.041504 -0.978027 -0.026606 0.023413 0.053211 -20.100000 2.700000 71.699997
-0.027100 -0.031006 -0.988037 -0.026606 0.017028 0.060661 -20.400000 4.200000 72.599998
-0.023926 -0.030518 -0.991211 -0.021284 0.009578 0.057468 -21.000000 3.600000 72.599998
-0.012207 -0.025391 -0.970215 -0.025541 0.013835 0.077688 -19.200001 3.600000 73.199997
-0.024658 -0.029541 -0.977539 -0.024477 0.009578 0.055340 -20.700001 3.300000 71.699997
-0.023438 -0.018066 -0.979248 -0.020220 0.012771 0.020220 -21.299999 3.300000 71.099998
-0.024170 -0.027832 -0.981689 -0.020220 0.025541 0.011706 -18.000000 3.600000 72.000000
-0.014893 -0.011475 -0.991699 -0.021284 0.018092 0.011706 -20.400000 3.600000 71.400002
-0.032715 -0.039795 -0.982178 -0.030863 0.020220 0.014899 -19.200001 3.600000 72.000000
-0.043701 -0.040527 -0.987793 -0.023413 0.018092 0.021284 -20.400000 4.800000 71.400002
-0.025146 -0.022949 -0.982422 -0.021284 0.019156 0.004257 -18.299999 3.900000 71.099998
-0.025635 -0.030518 -0.978027 -0.023413 0.024477 0.000000 -19.500000 3.300000 72.300003
-0.021973 -0.017090 -0.974121 -0.026606 0.035119 -0.018092 -18.900000 3.300000 69.900002
-0.020508 -0.027100 -0.977783 -0.025541 0.021284 -0.056404 -18.900000 3.900000 72.300003
-0.025146 -0.021973 -0.970947 -0.031927 0.038312 -0.003193 -18.299999 3.900000 72.900002
-0.008057 -0.035889 -0.979248 -0.025541 0.025541 0.051083 -19.200001 3.600000 70.800003
-0.015137 -0.022461 -0.987061 -0.023413 0.024477 0.043633 -17.400000 4.800000 72.000000
-0.022217 -0.017090 -0.978516 -0.020220 0.025541 0.036184 -18.000000 3.000000 72.599998
-0.023438 -0.018066 -0.986084 -0.023413 0.024477 0.014899 -19.500000 2.100000 72.300003
-0.031494 -0.017578 -0.981934 -0.024477 0.029798 0.000000 -18.000000 3.600000 72.000000
-0.023438 -0.029541 -0.980469 -0.020220 0.025541 -0.002128 -17.700001 2.700000 72.300003
-0.016602 -0.018799 -0.991211 -0.018092 0.018092 -0.021284 -17.400000 2.400000 72.599998
-0.013428 -0.018555 -0.973145 -0.020220 0.020220 -0.034055 -17.400000 2.400000 72.599998
-0.024170 -0.040283 -0.967773 -0.021284 0.023413 -0.005321 -18.600000 3.600000 72.599998
-0.024414 -0.018799 -0.967285 -0.020220 0.024477 0.010642 -17.400000 2.400000 71.400002
-0.022705 -0.016357 -0.983398 -0.021284 0.015963 -0.029798 -18.000000 3.000000 72.000000
-0.036133 -0.027832 -0.975098 -0.017028 0.024477 -0.015963 -18.600000 4.200000 72.599998
-0.035400 -0.043945 -0.980469 -0.004257 0.020220 0.003193 -16.799999 1.800000 72.000000
-0.038574 -0.049805 -0.978271 -0.008514 0.020220 0.008514 -18.000000 1.800000 72.599998
-0.055420 -0.059570 -1.001465 -0.013835 0.020220 -0.008514 -18.900000 2.100000 70.500000
-0.060059 -0.071533 -0.972656 -0.011706 0.025541 -0.017028 -17.700001 1.500000 71.699997
-0.052246 -0.076660 -0.981934 -0.041505 0.034055 0.023413 -17.400000 0.600000 72.599998
-0.014404 0.016846 -0.981689 -0.009578 0.027670 0.022349 -17.700001 2.700000 71.699997
-0.012207 -0.010254 -0.989014 -0.011706 0.022349 0.021284 -17.400000 2.400000 72.000000
-0.010498 -0.023193 -0.990479 -0.011706 0.020220 0.015963 -16.799999 1.200000 70.800003
-0.019531 -0.025391 -0.969727 -0.013835 0.023413 0.015963 -18.000000 2.400000 71.400002
-0.014404 -0.006592 -0.983887 -0.014899 0.022349 0.019156 -18.299999 1.500000 72.300003
-0.017822 -0.018799 -0.969238 -0.014899 0.023413 0.014899 -18.600000 0.600000 71.400002
-0.018555 -0.019531 -0.982178 -0.010642 0.024477 0.015963 -19.500000 1.500000 71.699997
-0.010498 -0.020020 -0.982666 -0.015963 0.025541 0.021284 -17.400000 4.200000 70.800003
-0.010742 -0.014648 -0.973633 -0.011706 0.025541 0.020220 -17.400000 1.800000 71.400002
-0.013672 -0.018799 -0.982178 -0.011706 0.025541 0.018092 -19.200001 2.400000 70.800003
-0.016846 -0.016357 -0.980225 -0.015963 0.023413 0.017028 -18.600000 1.800000 70.199997
-0.013428 -0.017334 -0.980957 -0.010642 0.022349 0.021284 -17.400000 1.800000 70.800003
-0.015137 -0.019043 -0.981934 -0.014899 0.025541 0.020220 -18.900000 3.300000 72.300003
-0.017090 -0.019775 -0.984375 -0.011706 0.023413 0.018092 -17.700001 2.100000 72.300003
-0.018311 -0.019287 -0.967773 -0.014899 0.022349 0.019156 -18.900000 0.300000 71.099998
-0.019043 -0.020264 -0.982666 -0.015963 0.021284 0.021284 -19.200001 1.800000 71.400002
-0.012939 -0.016113 -0.974854 -0.012771 0.021284 0.022349 -17.700001 2.700000 69.300003
-0.007812 -0.012451 -0.981201 -0.015963 0.022349 0.017028 -19.200001 1.200000 71.400002
-0.018555 -0.018555 -0.977783 -0.013835 0.022349 0.018092 -18.900000 2.100000 71.099998
-0.013428 -0.020508 -0.979004 -0.014899 0.024477 0.020220 -17.700001 2.100000 71.699997
-0.027344 -0.015869 -0.976318 -0.013835 0.021284 0.019156 -17.700001 3.300000 71.699997
-0.018555 -0.016113 -0.975586 -0.014899 0.022349 0.018092 -18.000000 3.000000 70.800003
-0.018799 -0.012207 -0.977051 -0.012771 0.024477 0.019156 -19.200001 2.400000 72.599998
-0.021973 -0.015625 -0.976562 -0.014899 0.024477 0.019156 -16.799999 3.000000 72.000000
-0.020996 -0.016602 -0.974854 -0.015963 0.022349 0.018092 -18.600000 3.000000 72.000000
-0.017822 -0.024658 -0.981201 -0.013835 0.023413 0.015963 -18.900000 2.700000 72.300003
-0.015869 -0.017578 -0.972412 -0.011706 0.024477 0.020220 -18.299999 1.500000 70.500000
-0.013672 -0.021484 -0.972656 -0.015963 0.024477 0.019156 -18.600000 2.400000 72.599998
-0.019531 -0.016357 -0.983154 -0.010642 0.021284 0.020220 -18.299999 1.500000 68.699997
-0.012207 -0.016357 -0.979736 -0.010642 0.023413 0.021284 -17.400000 2.400000 72.000000
-0.015381 -0.021484 -0.974121 -0.015963 0.025541 0.018092 -18.600000 3.600000 71.400002
-0.020508 -0.013916 -0.972412 -0.013835 0.023413 0.020220 -17.100000 1.500000 72.300003
-0.015625 -0.016113 -0.978516 -0.009578 0.026606 0.018092 -17.100000 0.900000 72.900002
-0.013428 -0.019043 -0.982910 -0.013835 0.026606 0.017028 -17.700001 2.700000 70.500000
-0.020996 -0.024170 -0.981201 -0.011706 0.025541 0.018092 -18.900000 0.900000 71.099998
-0.015137 -0.018799 -0.978027 -0.011706 0.023413 0.019156 -18.000000 2.400000 72.599998
-0.018799 -0.012207 -0.981201 -0.013835 0.026606 0.023413 -17.400000 2.400000 72.599998
-0.016846 -0.014404 -0.975098 -0.011706 0.023413 0.017028 -18.000000 1.800000 72.599998
-0.015381 -0.016602 -0.981201 -0.013835 0.024477 0.020220 -17.100000 2.100000 71.699997
-0.017090 -0.022949 -0.981689 -0.014899 0.022349 0.019156 -18.000000 1.800000 71.400002
-0.020020 -0.011719 -0.988770 -0.012771 0.027670 0.017028 -18.900000 3.300000 70.500000
-0.012207 -0.022217 -0.976318 -0.015963 0.020220 0.020220 -18.000000 3.600000 72.599998
-0.011475 -0.016113 -0.977295 -0.012771 0.024477 0.020220 -18.000000 4.200000 71.400002
-0.024170 -0.016113 -0.975586 -0.009578 0.023413 0.019156 -18.000000 2.400000 72.000000
-0.013672 -0.023682 -0.983154 -0.012771 0.023413 0.018092 -17.700001 1.500000 69.900002
-0.019043 -0.017822 -0.981934 -0.018092 0.022349 0.022349 -18.299999 2.100000 70.500000
-0.021484 -0.009277 -0.971924 -0.013835 0.022349 0.019156 -18.900000 2.700000 71.699997
-0.019775 -0.017578 -0.976074 -0.012771 0.025541 0.019156 -18.600000 2.400000 70.199997
-0.020508 -0.012207 -0.974121 -0.012771 0.025541 0.021284 -19.500000 2.100000 71.099998
-0.008545 -0.013672 -0.985107 -0.015963 0.027670 0.019156 -17.400000 3.000000 72.000000
-0.014404 -0.014893 -0.983643 -0.013835 0.022349 0.017028 -17.700001 1.500000 72.300003
-0.018555 -0.016602 -0.973389 -0.010642 0.023413 0.015963 -18.900000 2.100000 71.099998
-0.016846 -0.014648 -0.979492 -0.011706 0.022349 0.017028 -18.000000 3.000000 71.400002
-0.012451 -0.015869 -0.985352 -0.014899 0.021284 0.022349 -17.400000 5.400000 71.400002
-0.020264 -0.014160 -0.976807 -0.018092 0.024477 0.018092 -17.700001 3.300000 71.099998
-0.013428 -0.017090 -0.984619 -0.013835 0.020220 0.017028 -16.799999 2.400000 73.800003
-0.019775 -0.018799 -0.973389 -0.011706 0.026606 -0.008514 -18.000000 3.000000 72.000000
0.000732 0.001953 -0.977539 -0.021284 0.022349 -0.128771 -18.600000 1.200000 72.599998
-0.014404 -0.028809 -0.975342 -0.014899 0.018092 -0.088331 -18.600000 2.400000 71.400002
-0.016602 -0.008545 -0.996094 -0.008514 0.022349 -0.116000 -18.299999 3.900000 72.900002
0.005859 -0.019043 -0.983154 -0.024477 0.015963 -0.172404 -16.200001 1.800000 72.000000
-0.004883 -0.036133 -0.978516 -0.012771 0.015963 -0.086202 -18.600000 1.800000 70.800003
0.007080 -0.041992 -0.983887 -0.008514 0.020220 -0.001064 -17.400000 3.000000 71.400002
0.016602 -0.038574 -0.977051 -0.013835 0.027670 -0.001064 -18.000000 1.200000 69.599998
0.019531 -0.034668 -0.969727 -0.010642 0.020220 0.006385 -17.700001 2.700000 72.900002
0.012695 -0.034912 -0.967041 -0.005321 0.021284 -0.007450 -19.500000 1.500000 71.099998
0.017822 -0.031250 -0.988037 -0.004257 0.021284 -0.029798 -16.200001 1.200000 72.599998
0.016602 -0.029297 -0.984863 -0.005321 0.022349 -0.068110 -19.500000 2.100000 72.300003
0.000977 -0.039307 -0.990967 0.002128 0.022349 0.011706 -16.799999 1.800000 70.800003
0.016602 -0.041260 -0.958252 0.002128 0.029798 0.044697 -17.400000 2.400000 72.599998
-0.005859 -0.033203 -0.984131 -0.005321 0.021284 0.059597 -18.000000 4.200000 71.400002
0.000244 -0.031494 -0.975830 -0.004257 0.023413 0.056404 -18.000000 1.800000 72.000000
-0.023438 -0.023193 -0.969482 -0.001064 0.030863 0.040441 -16.500000 2.100000 70.500000
-0.020264 -0.013672 -0.972900 -0.010642 0.034055 0.023413 -16.799999 4.200000 72.000000
-0.003906 -0.037598 -0.975586 -0.007450 0.018092 0.040441 -18.000000 3.000000 70.199997
-0.018799 -0.023926 -0.981689 -0.001064 0.032991 0.054275 -16.500000 2.700000 71.699997
-0.017334 -0.028564 -0.969482 -0.006385 0.041505 0.065982 -17.100000 3.900000 72.300003
0.012695 -0.036377 -0.968018 -0.001064 0.029798 0.076624 -16.200001 3.000000 71.400002
0.001953 -0.023926 -0.990479 0.001064 0.020220 0.060661 -17.400000 4.800000 72.000000
-0.009033 -0.025879 -0.969238 -0.004257 0.023413 0.083009 -17.100000 3.300000 71.099998
-0.018799 -0.018311 -0.978516 -0.015963 0.026606 0.087266 -14.700000 2.100000 72.300003
-0.004395 -0.007324 -0.973633 -0.001064 0.022349 0.046826 -17.100000 2.700000 71.699997
-0.016846 -0.016113 -0.963135 0.002128 0.023413 -0.019156 -16.200001 3.000000 72.599998
-0.024170 0.001709 -0.978027 -0.009578 0.001064 -0.048954 -16.200001 3.000000 70.800003
-0.023193 -0.015381 -0.987061 -0.013835 0.011706 -0.101101 -14.400000 3.600000 72.000000
-0.026123 -0.008545 -1.001221 -0.003193 0.020220 -0.128771 -15.000000 4.200000 71.400002
-0.031738 -0.011963 -0.981445 -0.008514 0.017028 -0.154313 -15.300000 5.100000 72.300003
-0.039307 -0.033936 -0.970947 -0.014899 0.030863 -0.140478 -16.200001 4.800000 72.000000
-0.030518 -0.020508 -0.980225 -0.006385 0.022349 -0.104294 -15.600000 3.600000 71.400002
-0.003418 -0.022949 -0.957764 -0.003193 0.024477 -0.088331 -16.500000 4.500000 71.099998
-0.001709 -0.034180 -0.998535 -0.012771 0.025541 -0.018092 -15.300000 4.500000 72.300003
-0.002930 -0.024658 -1.000977 -0.005321 0.022349 0.014899 -15.300000 3.300000 72.900002
0.000488 -0.010742 -0.972900 -0.004257 0.028734 0.018092 -15.300000 5.100000 73.500000
-0.003174 -0.015869 -1.016602 0.000000 0.032991 0.007450 -14.400000 3.000000 72.000000
0.016357 -0.005371 -0.936768 -0.019156 0.014899 -0.031927 -16.799999 5.400000 74.400002
-0.012939 -0.021729 -0.989014 -0.019156 0.014899 -0.062789 -15.300000 4.500000 71.699997
-0.074463 0.001709 -1.060059 -0.009578 0.042569 -0.091523 -15.300000 5.700000 72.900002
-0.024658 -0.032959 -0.941895 -0.011706 0.051083 -0.134092 -15.300000 4.500000 73.500000
-0.057861 0.015625 -1.023438 -0.014899 0.012771 -0.146863 -16.200001 4.200000 74.400002
-0.036865 0.008301 -0.987061 -0.009578 0.027670 -0.191560 -16.799999 4.200000 73.800003
-0.036377 -0.026367 -0.983643 -0.006385 0.015963 -0.193689 -14.700000 5.700000 74.099998
-0.081787 -0.061035 -1.028564 -0.020220 0.017028 -0.225616 -14.100000 5.700000 72.900002
-0.028320 -0.018311 -1.005859 -0.009578 0.008514 -0.195817 -15.900000 4.500000 74.099998
-0.035645 -0.019775 -0.978271 -0.008514 0.022349 -0.163891 -14.400000 3.000000 74.400002
-0.033691 -0.017334 -0.978516 -0.009578 0.020220 -0.123450 -15.000000 4.800000 73.199997
-0.053223 -0.018799 -0.958496 -0.008514 0.024477 -0.083009 -15.300000 6.300000 73.500000
-0.068848 -0.010254 -0.985107 -0.002128 0.022349 -0.044697 -15.300000 3.900000 74.099998
-0.075439 -0.011230 -0.977295 -0.011706 0.024477 -0.020220 -13.800000 4.800000 73.199997
-0.075684 -0.003662 -0.972412 -0.010642 0.027670 -0.010642 -14.700000 4.500000 74.099998
-0.062500 -0.010254 -0.991943 -0.012771 0.019156 0.012771 -15.000000 6.000000 72.599998
-0.029297 -0.017578 -0.962646 -0.008514 0.056404 0.020220 -13.500000 5.100000 74.699997
-0.011963 -0.022217 -0.978516 -0.017028 0.011706 0.020220 -13.800000 5.400000 74.400002
-0.004395 -0.022461 -0.983398 -0.010642 0.022349 0.020220 -15.300000 5.100000 75.300003
-0.019775 -0.020020 -0.974854 -0.011706 0.028734 0.019156 -13.800000 4.800000 73.199997
-0.011230 -0.022461 -0.984619 -0.013835 0.015963 0.020220 -15.300000 5.700000 74.699997
-0.012207 -0.031494 -0.975342 -0.014899 0.024477 0.018092 -15.900000 6.300000 74.099998
-0.014404 -0.021729 -0.973145 -0.014899 0.026606 0.022349 -15.300000 6.300000 73.500000
-0.013672 -0.027344 -0.987305 -0.011706 0.022349 0.015963 -14.700000 6.300000 74.699997
-0.016602 -0.019775 -0.973389 -0.013835 0.026606 0.019156 -13.500000 5.100000 73.500000
-0.010498 -0.030273 -0.983154 -0.013835 0.023413 0.018092 -15.600000 6.000000 75.599998
-0.014893 -0.021240 -0.973877 -0.013835 0.023413 0.019156 -15.300000 5.100000 73.500000
-0.013672 -0.028564 -0.974854 -0.013835 0.025541 0.021284 -15.000000 6.000000 73.800003
-0.012939 -0.026367 -0.978027 -0.012771 0.023413 0.018092 -15.300000 5.100000 73.500000
-0.006348 -0.030518 -0.967773 -0.012771 0.024477 0.021284 -14.700000 5.100000 72.900002
-0.011719 -0.024414 -0.982422 -0.015963 0.023413 0.018092 -15.900000 5.100000 73.500000
-0.012939 -0.023926 -0.980957 -0.012771 0.023413 0.017028 -13.800000 5.400000 74.400002
-0.014404 -0.022949 -0.978516 -0.012771 0.022349 0.018092 -13.800000 5.400000 74.400002
-0.010742 -0.024658 -0.976562 -0.012771 0.024477 0.022349 -14.400000 6.000000 73.199997
-0.016357 -0.025635 -0.975830 -0.015963 0.024477 0.023413 -15.600000 5.400000 73.800003
-0.010010 -0.028809 -0.982666 -0.015963 0.024477 0.018092 -14.400000 6.000000 73.199997
-0.010986 -0.026611 -0.984863 -0.013835 0.023413 0.017028 -15.000000 4.800000 74.400002
-0.019531 -0.028076 -0.979248 -0.017028 0.023413 0.015963 -15.000000 5.400000 75.000000
-0.012451 -0.027344 -0.979980 -0.013835 0.023413 0.019156 -13.800000 4.800000 73.800003
-0.014160 -0.022949 -0.982178 -0.014899 0.023413 0.018092 -15.000000 6.600000 74.400002
-0.009521 -0.026123 -0.974365 -0.017028 0.026606 0.015963 -13.200000 5.400000 75.000000
-0.013184 -0.025146 -0.987061 -0.015963 0.022349 0.023413 -15.300000 3.300000 74.099998
-0.017334 -0.027344 -0.981445 -0.010642 0.024477 0.018092 -15.000000 6.000000 73.199997
-0.013916 -0.023926 -0.981201 -0.009578 0.022349 0.017028 -15.000000 6.000000 73.199997
-0.018555 -0.025391 -0.985107 -0.017028 0.025541 0.021284 -14.700000 5.100000 75.900002
-0.019287 -0.020752 -0.971436 -0.010642 0.023413 0.020220 -13.500000 5.700000 73.500000
-0.017090 -0.028320 -0.984619 -0.011706 0.024477 0.019156 -14.100000 5.100000 74.099998
-0.018311 -0.024414 -0.982910 -0.014899 0.021284 0.022349 -13.800000 5.400000 75.000000
-0.012695 -0.025146 -0.983887 -0.013835 0.023413 0.021284 -13.800000 6.600000 74.400002
-0.016357 -0.025146 -0.986328 -0.015963 0.025541 0.019156 -14.700000 6.300000 73.500000
-0.010742 -0.023926 -0.976807 -0.014899 0.022349 0.021284 -14.700000 8.100000 73.500000
-0.015137 -0.022217 -0.975098 -0.013835 0.022349 0.019156 -14.700000 5.100000 74.099998
-0.011719 -0.031006 -0.986572 -0.011706 0.024477 0.015963 -15.900000 6.300000 72.900002
-0.013184 -0.025391 -0.986816 -0.012771 0.025541 0.017028 -13.200000 4.800000 72.000000
-0.015381 -0.027588 -0.969727 -0.013835 0.023413 0.020220 -15.300000 5.100000 74.699997
-0.016357 -0.027100 -0.978516 -0.010642 0.024477 0.017028 -14.100000 6.300000 75.300003
-0.012451 -0.029541 -0.985107 -0.014899 0.024477 0.019156 -14.400000 6.000000 75.000000
-0.010742 -0.028076 -0.979736 -0.013835 0.022349 0.018092 -14.400000 5.400000 73.800003
-0.018799 -0.020264 -0.972656 -0.012771 0.024477 0.018092 -13.800000 5.400000 74.400002
-0.012207 -0.023926 -0.980225 -0.010642 0.025541 0.017028 -13.500000 5.700000 74.099998
-0.014160 -0.023193 -0.983887 -0.018092 0.026606 0.019156 -16.500000 4.500000 74.699997
-0.016113 -0.024170 -0.977539 -0.013835 0.025541 0.020220 -13.500000 6.300000 74.699997
-0.012695 -0.032715 -0.978516 -0.012771 0.022349 0.015963 -14.700000 4.500000 72.900002
-0.011475 -0.025879 -0.982422 -0.012771 0.023413 0.019156 -15.000000 5.400000 73.800003
-0.020264 -0.020508 -0.988281 -0.010642 0.022349 0.017028 -15.900000 6.300000 75.900002
-0.014893 -0.024658 -0.979248 -0.012771 0.026606 0.018092 -14.100000 5.700000 75.900002
-0.011230 -0.029297 -0.984863 -0.011706 0.023413 0.018092 -15.600000 4.800000 74.400002
-0.014648 -0.022949 -0.980225 -0.009578 0.022349 0.017028 -13.800000 6.600000 73.199997
-0.014404 -0.027832 -0.968262 -0.013835 0.022349 0.021284 -14.400000 4.200000 74.400002
-0.020020 -0.029053 -0.965576 -0.018092 0.022349 0.020220 -14.400000 6.000000 73.199997
-0.017334 -0.019775 -0.973145 -0.014899 0.022349 0.019156 -15.900000 4.500000 75.300003
-0.011475 -0.023682 -0.983398 -0.010642 0.025541 0.021284 -13.800000 6.600000 74.400002
-0.011230 -0.027100 -0.983887 -0.011706 0.022349 0.021284 -16.200001 4.800000 73.800003
-0.021240 -0.027588 -0.986328 -0.014899 0.023413 0.019156 -13.800000 6.600000 73.800003
-0.012207 -0.029785 -0.973633 -0.015963 0.021284 0.017028 -14.700000 6.300000 74.099998
-0.020264 -0.027100 -0.976318 -0.017028 0.025541 0.018092 -14.700000 5.100000 73.500000
-0.012939 -0.030029 -0.982910 -0.014899 0.020220 0.022349 -15.600000 4.800000 74.400002
-0.013916 -0.025635 -0.971924 -0.012771 0.025541 0.018092 -13.500000 5.700000 72.300003
-0.014404 -0.024170 -0.983643 -0.013835 0.024477 0.018092 -15.600000 5.400000 74.400002
-0.010498 -0.024902 -0.975830 -0.012771 0.023413 0.018092 -15.000000 6.600000 74.400002
-0.019043 -0.024414 -0.979492 -0.012771 0.025541 0.018092 -16.500000 6.300000 73.500000
-0.012451 -0.025879 -0.984619 -0.013835 0.023413 0.017028 -16.200001 6.600000 74.400002
-0.018066 -0.020264 -0.973145 -0.011706 0.021284 0.015963 -15.000000 5.400000 72.599998
-0.019775 -0.031006 -0.979492 -0.011706 0.023413 0.018092 -13.800000 4.200000 74.400002
-0.006104 -0.024170 -0.981689 -0.013835 0.024477 0.021284 -12.900000 5.100000 73.500000
-0.014648 -0.029541 -0.976074 -0.013835 0.023413 0.022349 -14.700000 3.900000 75.300003
-0.008301 -0.034424 -0.974609 -0.009578 0.020220 0.020220 -14.400000 7.200000 73.800003
-0.016357 -0.029785 -0.976074 -0.012771 0.022349 0.020220 -15.000000 6.600000 75.000000
-0.016113 -0.027344 -0.981689 -0.015963 0.025541 0.018092 -14.100000 6.300000 74.099998
-0.014160 -0.027832 -0.984131 -0.011706 0.024477 0.018092 -14.100000 4.500000 73.500000
-0.013428 -0.022949 -0.982910 -0.014899 0.023413 0.019156 -13.500000 4.500000 73.500000
-0.021484 -0.020996 -0.976074 -0.017028 0.022349 0.015963 -12.900000 6.900000 74.099998
-0.016113 -0.031738 -0.980957 -0.012771 0.023413 0.022349 -12.600000 4.800000 74.400002
-0.010254 -0.019287 -0.980469 -0.012771 0.023413 0.018092 -14.100000 5.100000 72.300003
-0.014160 -0.025635 -0.980957 -0.014899 0.020220 0.017028 -13.800000 6.000000 73.199997
-0.019043 -0.010742 -0.985107 -0.014899 0.024477 0.015963 -14.400000 5.400000 75.000000
-0.022461 -0.030273 -0.988770 -0.013835 0.023413 0.015963 -14.700000 6.900000 72.900002
-0.014893 -0.022949 -0.982178 -0.014899 0.025541 0.020220 -15.600000 4.800000 74.400002
-0.012939 -0.028320 -0.978027 -0.012771 0.021284 0.019156 -15.000000 5.400000 75.000000
-0.013184 -0.026611 -0.977295 -0.015963 0.022349 0.018092 -12.900000 4.500000 72.900002
-0.012939 -0.025391 -0.975342 -0.012771 0.021284 0.020220 -15.600000 4.800000 74.400002
