-0.037109 -0.029785 -0.982910 -0.017028 0.023413 0.020220 9.300000 18.299999 66.900002
-0.023438 -0.028320 -0.979492 -0.015963 0.025541 0.020220 11.100000 18.299999 67.500000
-0.028320 -0.025391 -0.972168 -0.009578 0.026606 0.019156 9.600000 18.600000 67.199997
-0.024658 -0.028809 -0.975830 -0.015963 0.021284 0.019156 9.000000 19.200001 69.599998
-0.033936 -0.029053 -0.987549 -0.014899 0.021284 0.018092 10.200000 18.600000 67.800003
-0.030029 -0.026123 -0.973145 -0.013835 0.023413 0.019156 9.600000 18.600000 67.800003
-0.029541 -0.027100 -0.979004 -0.012771 0.024477 0.020220 9.000000 19.200001 67.800003
-0.027832 -0.029785 -0.976562 -0.013835 0.022349 0.018092 9.900000 20.100000 68.099998
-0.025635 -0.029785 -0.969238 -0.013835 0.021284 0.015963 9.900000 17.700001 69.300003
-0.026123 -0.029297 -0.977783 -0.017028 0.026606 0.020220 10.200000 18.600000 67.199997
-0.029785 -0.024414 -0.971680 -0.015963 0.023413 0.020220 9.000000 18.000000 69.000000
-0.031982 -0.027344 -0.973633 -0.011706 0.023413 0.019156 9.300000 18.299999 68.699997
-0.031494 -0.029053 -0.969727 -0.013835 0.024477 0.018092 11.100000 18.900000 68.699997
-0.027344 -0.033691 -0.968018 -0.018092 0.023413 0.021284 9.900000 18.900000 67.500000
-0.033691 -0.031006 -0.978516 -0.015963 0.025541 0.019156 7.500000 18.299999 68.099998
-0.030273 -0.023193 -0.986328 -0.015963 0.025541 0.022349 9.000000 18.600000 67.800003
-0.028564 -0.028564 -0.972656 -0.015963 0.025541 0.019156 10.800000 20.400000 68.400002
-0.029297 -0.031982 -0.989502 -0.013835 0.024477 0.019156 10.200000 19.200001 68.400002
-0.031982 -0.028320 -0.971436 -0.013835 0.022349 0.019156 9.600000 19.799999 68.400002
-0.029297 -0.027588 -0.976074 -0.017028 0.025541 0.018092 9.900000 17.700001 67.500000
-0.029053 -0.027588 -0.975098 -0.013835 0.024477 0.018092 8.400000 19.799999 67.800003
-0.031982 -0.032715 -0.978516 -0.015963 0.024477 0.019156 9.600000 18.600000 69.000000
-0.028320 -0.027344 -0.974854 -0.013835 0.023413 0.021284 9.000000 19.200001 67.800003
-0.030762 -0.026611 -0.989502 -0.014899 0.024477 0.021284 9.300000 18.900000 68.699997
-0.030762 -0.030029 -0.978027 -0.017028 0.024477 0.020220 8.400000 17.400000 67.199997
-0.021973 -0.027832 -0.979004 -0.014899 0.018092 0.019156 10.800000 19.200001 69.599998
-0.032227 -0.031982 -0.974121 -0.018092 0.020220 0.018092 9.900000 19.500000 67.500000
-0.030762 -0.022949 -0.986816 -0.015963 0.020220 0.017028 9.900000 18.299999 67.500000
-0.082520 0.087646 -0.961182 -0.008514 0.037248 0.025541 9.300000 20.700001 68.099998
-0.081543 0.104492 -0.974365 -0.026606 0.020220 0.004257 10.200000 18.000000 67.800003
-0.081055 0.182129 -0.984863 -0.015963 0.014899 0.017028 10.200000 18.600000 68.400002
-0.105225 0.227539 -0.980713 -0.026606 0.021284 0.080881 8.400000 18.600000 68.400002
-0.127930 0.293701 -0.974854 -0.024477 0.019156 0.157505 8.700000 20.100000 66.900002
-0.118652 0.295166 -0.983154 0.008514 0.025541 0.191560 8.400000 19.200001 66.599998
-0.137695 0.263916 -0.968262 -0.025541 0.028734 0.160698 8.700000 19.500000 68.699997
-0.093994 0.262451 -0.993408 -0.010642 0.036184 0.190496 9.000000 20.400000 69.000000
-0.083008 0.215820 -0.978027 -0.024477 0.035119 0.292662 7.800000 19.799999 67.800003
-0.100098 0.138672 -0.992676 0.002128 0.078753 0.514020 8.400000 20.400000 67.800003
-0.028564 0.144531 -0.995117 0.013835 0.029798 0.404405 8.400000 19.799999 66.599998
-0.019287 -0.029297 -0.981445 0.018092 0.027670 0.438460 8.100000 20.700001 68.099998
-0.016846 -0.074951 -0.959229 -0.018092 0.020220 0.413983 9.600000 22.799999 70.199997
-0.071045 -0.090820 -0.978027 -0.014899 0.035119 0.207524 8.100000 21.900000 69.900002
-0.035400 -0.249268 -0.970215 -0.013835 0.040441 0.136221 9.000000 22.799999 72.000000
-0.031982 -0.206299 -0.972656 -0.044697 0.035119 -0.019156 7.500000 23.700001 72.300003
0.007080 -0.210449 -0.974609 -0.017028 0.013835 -0.131964 7.800000 24.000000 71.400002
0.031006 -0.298340 -0.979980 -0.014899 0.015963 -0.137285 9.900000 21.299999 72.900002
0.047852 -0.321777 -0.975342 -0.014899 0.019156 -0.120257 9.000000 23.400000 74.400002
0.047852 -0.302002 -0.979492 -0.007450 0.025541 -0.074496 8.400000 22.799999 74.400002
0.057129 -0.323730 -0.982666 -0.011706 0.022349 -0.010642 8.100000 23.100000 73.500000
0.020264 -0.288574 -0.979980 -0.013835 0.021284 -0.008514 9.300000 24.299999 73.500000
0.016846 -0.254395 -0.978516 -0.010642 0.029798 -0.011706 6.600000 22.799999 72.599998
0.014404 -0.229492 -0.970459 -0.027670 0.023413 0.010642 8.700000 21.900000 74.099998
-0.025879 -0.025391 -0.983887 -0.002128 0.021284 0.017028 7.500000 21.900000 74.099998
-0.023438 -0.017822 -0.984131 -0.011706 0.019156 0.018092 8.400000 21.000000 72.599998
-0.022949 -0.020508 -0.983887 -0.014899 0.024477 0.018092 7.200000 22.200001 74.400002
-0.022217 -0.022705 -0.968506 -0.011706 0.019156 0.015963 7.200000 22.200001 72.000000
-0.025146 -0.030273 -0.982666 -0.013835 0.020220 0.018092 8.700000 23.700001 73.500000
-0.023926 -0.023438 -0.982910 -0.015963 0.024477 0.019156 9.600000 21.600000 73.800003
-0.031250 -0.018799 -0.972656 -0.014899 0.027670 0.021284 6.900000 22.500000 74.099998
-0.031982 -0.020996 -0.970947 -0.015963 0.022349 0.020220 8.100000 21.900000 72.900002
-0.028809 -0.029785 -0.988037 -0.014899 0.022349 0.018092 8.700000 23.100000 73.500000
-0.032227 -0.028564 -0.974854 -0.015963 0.021284 0.018092 7.200000 22.799999 74.400002
-0.035645 -0.020020 -0.972656 -0.012771 0.022349 0.021284 7.800000 22.799999 73.800003
-0.025879 -0.024902 -0.974854 -0.012771 0.021284 0.021284 8.100000 23.700001 75.300003
-0.026123 -0.026123 -0.976318 -0.013835 0.023413 0.021284 7.500000 23.100000 74.099998
-0.031006 -0.025391 -0.979980 -0.013835 0.018092 0.020220 8.400000 22.799999 75.599998
-0.035156 -0.025879 -0.977539 -0.010642 0.020220 0.019156 8.400000 23.400000 72.599998
-0.021484 -0.024170 -0.973389 -0.014899 0.024477 0.017028 6.600000 22.200001 74.400002
-0.030518 -0.026123 -0.975098 -0.011706 0.021284 0.015963 6.600000 22.799999 72.599998
-0.036621 -0.026123 -0.977539 -0.009578 0.021284 0.017028 8.400000 23.400000 75.000000
-0.031006 -0.022949 -0.980469 -0.012771 0.026606 0.019156 8.100000 21.900000 72.300003
-0.028564 -0.026855 -0.969238 -0.011706 0.022349 0.020220 7.500000 21.299999 74.699997
-0.023926 -0.027100 -0.972656 -0.011706 0.024477 0.018092 6.600000 21.600000 75.599998
-0.033203 -0.023438 -0.978760 -0.013835 0.025541 0.021284 9.000000 22.200001 73.199997
-0.032227 -0.022461 -0.980469 -0.010642 0.023413 0.019156 6.300000 22.500000 74.699997
-0.024902 -0.025879 -0.980469 -0.010642 0.022349 0.019156 6.900000 21.900000 73.500000
-0.030029 -0.033691 -0.986328 -0.014899 0.023413 0.018092 5.400000 21.600000 72.599998
-0.027588 -0.022949 -0.979492 -0.015963 0.023413 0.018092 8.100000 23.100000 75.300003
-0.035645 -0.030273 -0.982422 -0.012771 0.026606 0.019156 9.000000 24.000000 73.199997
-0.028320 -0.029297 -0.992432 -0.012771 0.024477 0.018092 8.400000 23.400000 73.199997
-0.036377 -0.031494 -0.978760 -0.013835 0.022349 0.020220 7.800000 23.400000 73.800003
-0.027100 -0.029541 -0.979736 -0.014899 0.025541 0.021284 9.300000 23.100000 75.300003
-0.028564 -0.026367 -0.975830 -0.011706 0.024477 0.019156 8.100000 23.700001 73.500000
-0.038574 -0.028809 -0.975830 -0.013835 0.024477 0.019156 8.100000 23.100000 72.300003
-0.034912 -0.025879 -0.987793 -0.013835 0.021284 0.019156 7.500000 23.100000 73.500000
-0.031006 -0.025391 -0.985840 -0.011706 0.022349 0.017028 7.800000 22.799999 73.800003
-0.033691 -0.031982 -0.975830 -0.013835 0.020220 0.019156 7.200000 22.200001 74.400002
-0.023926 -0.029785 -0.977295 -0.014899 0.023413 0.017028 7.800000 24.600000 74.400002
-0.029053 -0.030029 -0.970459 -0.014899 0.022349 0.014899 8.100000 23.100000 74.699997
-0.031738 -0.030762 -0.972900 -0.011706 0.022349 0.018092 8.100000 22.500000 73.500000
-0.030273 -0.027100 -0.978760 -0.012771 0.025541 0.015963 7.200000 23.400000 73.800003
-0.031250 -0.027344 -0.984375 -0.014899 0.021284 0.021284 7.500000 21.299999 72.900002
-0.030518 -0.028564 -0.978516 -0.013835 0.023413 0.020220 8.400000 22.799999 74.400002
-0.029541 -0.022705 -0.971191 -0.012771 0.023413 0.021284 6.300000 21.900000 73.500000
-0.029053 -0.035156 -0.972900 -0.013835 0.022349 0.023413 8.400000 22.200001 73.199997
-0.034668 -0.019531 -0.981689 -0.012771 0.022349 0.020220 8.700000 24.299999 73.500000
-0.031982 -0.026367 -0.975586 -0.015963 0.022349 0.019156 9.300000 21.299999 74.699997
-0.025635 -0.023193 -0.981689 -0.011706 0.024477 0.018092 8.700000 24.299999 74.699997
-0.030273 -0.018799 -0.976318 -0.013835 0.024477 0.015963 8.100000 24.900000 73.500000
-0.030518 -0.023193 -0.971680 -0.013835 0.022349 0.018092 8.700000 23.700001 74.699997
-0.034424 -0.028076 -0.984131 -0.011706 0.023413 0.019156 7.800000 22.799999 74.400002
-0.026855 -0.023438 -0.982422 -0.011706 0.021284 0.017028 9.600000 22.200001 73.800003
-0.030273 -0.025879 -0.979248 -0.014899 0.022349 0.019156 9.300000 23.700001 74.099998
-0.030273 -0.021484 -0.980713 -0.013835 0.023413 0.019156 9.000000 22.799999 74.400002
-0.036621 -0.021240 -0.979980 -0.013835 0.020220 0.021284 8.100000 21.900000 73.500000
-0.029785 -0.030273 -0.977783 -0.015963 0.023413 0.018092 8.700000 21.299999 73.500000
-0.029541 -0.021729 -0.977539 -0.014899 0.027670 0.019156 7.200000 22.200001 72.599998
-0.034668 -0.026123 -0.987305 -0.009578 0.023413 0.020220 6.900000 23.100000 74.699997
-0.031250 -0.021240 -0.984375 -0.014899 0.023413 0.020220 7.800000 20.400000 74.400002
-0.028076 -0.028076 -0.979736 -0.017028 0.020220 0.018092 6.900000 22.500000 73.500000
-0.033203 -0.022217 -0.980957 -0.015963 0.026606 0.018092 7.800000 22.200001 73.800003
-0.025879 -0.023682 -0.973389 -0.015963 0.025541 0.020220 7.200000 21.600000 73.800003
-0.027344 -0.027344 -0.978271 -0.014899 0.024477 0.018092 8.700000 22.500000 74.699997
-0.030518 -0.031250 -0.977783 -0.012771 0.022349 0.018092 7.800000 23.400000 73.800003
-0.032227 -0.025635 -0.979004 -0.010642 0.024477 0.022349 8.700000 23.700001 72.900002
-0.031738 -0.031494 -0.983643 -0.014899 0.020220 0.018092 8.700000 23.100000 74.099998
-0.031494 -0.022461 -0.981689 -0.012771 0.024477 0.018092 7.500000 22.500000 74.699997
-0.033936 -0.028564 -0.971680 -0.013835 0.024477 0.019156 8.100000 23.100000 72.900002
-0.030762 -0.031982 -0.977051 -0.011706 0.026606 0.021284 7.800000 23.400000 74.400002
-0.023193 -0.026611 -0.980957 -0.014899 0.024477 0.019156 7.200000 21.600000 73.199997
-0.030029 -0.028564 -0.975830 -0.011706 0.019156 0.020220 8.100000 23.100000 74.699997
-0.036133 -0.020020 -0.977783 -0.012771 0.024477 0.021284 8.700000 21.299999 75.300003
-0.037598 -0.024902 -0.978271 -0.011706 0.023413 0.018092 8.700000 21.299999 72.900002
-0.031006 -0.026367 -0.969727 -0.012771 0.023413 0.017028 8.700000 21.900000 75.300003
-0.027832 -0.022461 -0.983398 -0.010642 0.024477 0.018092 6.900000 23.100000 74.699997
-0.030762 -0.033203 -0.982666 -0.013835 0.021284 0.018092 9.300000 23.100000 74.099998
-0.034668 -0.026611 -0.964355 -0.014899 0.023413 0.020220 7.800000 22.200001 73.800003
-0.026855 -0.028076 -0.984375 -0.013835 0.026606 0.021284 7.200000 22.799999 73.199997
-0.028809 -0.022705 -0.972168 -0.012771 0.024477 0.021284 7.500000 21.900000 74.699997
-0.031250 -0.022949 -0.981201 -0.017028 0.023413 0.017028 7.800000 22.799999 74.400002
-0.035889 -0.025391 -0.972900 -0.017028 0.020220 0.022349 9.300000 21.900000 74.699997
-0.026855 -0.031738 -0.981689 -0.013835 0.025541 0.018092 7.500000 21.900000 74.099998
-0.031006 -0.026123 -0.965088 -0.015963 0.023413 0.015963 8.400000 22.799999 74.400002
-0.026367 -0.019775 -0.972900 -0.014899 0.022349 0.019156 8.400000 24.000000 75.000000
-0.031494 -0.027832 -0.971924 -0.019156 0.024477 0.018092 7.800000 22.200001 73.800003
-0.026367 -0.024902 -0.981201 -0.015963 0.019156 0.019156 8.700000 21.900000 74.699997
-0.032715 -0.016602 -0.978027 -0.015963 0.025541 0.021284 8.100000 20.700001 72.900002
-0.030273 -0.014404 -0.979492 -0.014899 0.022349 0.026606 7.800000 22.200001 75.000000
-0.027832 -0.027344 -0.975342 -0.013835 0.021284 0.015963 8.100000 22.500000 73.500000
-0.026367 -0.031982 -0.979492 -0.012771 0.024477 0.014899 7.800000 24.000000 73.800003
-0.030029 -0.037109 -0.979980 -0.010642 0.022349 0.020220 8.400000 21.000000 74.400002
-0.027100 -0.026123 -0.980957 -0.013835 0.024477 0.021284 7.500000 23.700001 74.699997
-0.022217 -0.026367 -0.980957 -0.014899 0.019156 0.021284 7.800000 22.200001 73.199997
-0.032959 -0.025635 -0.977051 -0.014899 0.024477 0.015963 8.400000 22.200001 74.400002
-0.024902 -0.025879 -0.974121 -0.014899 0.019156 0.020220 8.100000 23.700001 73.500000
-0.027100 -0.032471 -0.978027 -0.019156 0.024477 0.021284 9.300000 23.100000 72.900002
-0.028564 -0.027832 -0.984375 -0.015963 0.021284 0.017028 8.700000 22.500000 73.500000
-0.027344 -0.024658 -0.977539 -0.012771 0.022349 0.017028 7.500000 21.900000 75.300003
-0.031250 -0.021973 -0.979248 -0.012771 0.020220 0.020220 8.400000 24.000000 75.000000
-0.029785 -0.015869 -0.985107 -0.013835 0.023413 0.018092 8.400000 21.600000 72.599998
-0.025146 -0.020996 -0.975342 -0.012771 0.023413 0.021284 9.000000 23.400000 73.800003
-0.029541 -0.028564 -0.983398 -0.011706 0.025541 0.017028 7.500000 23.100000 73.500000
-0.032471 -0.026855 -0.971924 -0.012771 0.022349 0.019156 8.400000 24.000000 75.599998
-0.039062 -0.026123 -0.991455 -0.013835 0.023413 0.022349 7.800000 21.600000 74.400002
-0.033447 -0.028320 -0.981689 -0.013835 0.018092 0.020220 6.300000 23.100000 74.099998
-0.030762 -0.026855 -0.971436 -0.013835 0.021284 0.020220 6.000000 22.200001 72.599998
-0.032471 -0.025879 -0.987305 -0.015963 0.020220 0.015963 6.000000 22.200001 74.400002
-0.035156 -0.028320 -0.979980 -0.017028 0.021284 0.020220 8.700000 21.299999 72.900002
-0.032471 -0.035400 -0.966553 -0.014899 0.022349 0.018092 6.000000 23.400000 73.800003
-0.008301 -0.119873 -0.956299 -0.019156 0.034055 0.005321 8.100000 21.299999 72.900002
0.015625 -0.241211 -0.971680 0.001064 0.028734 0.108551 7.200000 23.400000 73.800003
0.031006 -0.279541 -0.985352 0.005321 0.034055 0.139413 6.600000 22.799999 72.000000
0.047852 -0.257324 -0.999512 -0.021284 0.010642 0.034055 7.200000 21.600000 72.599998
-0.012695 -0.256836 -0.969238 -0.010642 0.022349 -0.155377 7.500000 21.299999 72.900002
-0.045654 -0.226318 -0.986328 -0.011706 0.027670 -0.213909 6.900000 23.700001 72.300003
-0.002930 -0.298340 -0.974365 -0.050019 0.028734 -0.137285 7.800000 22.200001 71.400002
0.013916 -0.234375 -0.981201 -0.021284 0.017028 -0.207524 6.900000 24.299999 72.900002
-0.027344 -0.110596 -0.981689 0.017028 0.017028 -0.392699 6.300000 22.500000 71.699997
0.015625 -0.241211 -0.953125 -0.001064 0.041505 -0.277763 6.300000 21.900000 70.500000
0.084961 -0.109375 -1.011719 0.069175 -0.059597 -0.184111 6.600000 21.600000 70.199997
0.052490 -0.230225 -0.969727 -0.022349 0.009578 -0.100037 7.500000 21.900000 70.500000
0.044922 -0.204346 -0.975098 0.014899 0.042569 -0.123450 6.900000 23.100000 68.099998
0.008545 -0.314697 -0.977051 0.003193 0.029798 -0.126643 6.600000 21.600000 69.000000
-0.008545 -0.206787 -0.986084 0.001064 0.017028 -0.188368 8.400000 19.799999 69.000000
-0.053955 -0.077881 -0.966064 -0.010642 0.007450 -0.179854 6.900000 20.700001 69.300003
-0.113525 0.200195 -1.002930 -0.054275 -0.003193 -0.371414 8.700000 20.700001 68.099998
-0.127930 0.362305 -0.999756 -0.083009 -0.002128 -0.461873 8.700000 19.500000 66.300003
-0.159180 0.538574 -0.965332 -0.108551 -0.012771 -0.390570 7.800000 19.799999 67.800003
-0.170654 0.402588 -0.947021 0.032991 0.062789 -0.104294 7.200000 18.600000 69.000000
-0.217773 0.488037 -0.968994 -0.012771 0.021284 0.036184 8.100000 18.900000 67.500000
-0.209229 0.414307 -0.972168 0.038312 0.065982 0.048954 7.800000 18.600000 67.199997
-0.174072 0.284424 -0.984131 0.137285 0.101101 0.003193 8.100000 18.299999 68.699997
0.073242 -0.061768 -1.093018 -0.031927 -0.013835 0.025541 9.000000 18.600000 67.199997
0.005371 -0.073486 -1.011475 -0.029798 0.022349 0.022349 9.000000 18.000000 67.800003
-0.008789 -0.046387 -0.990723 -0.019156 0.014899 0.027670 8.400000 19.799999 67.800003
-0.039307 0.002686 -0.965820 -0.017028 0.020220 0.025541 8.700000 18.299999 68.099998
-0.024902 0.008789 -0.970947 -0.013835 0.025541 0.024477 9.000000 19.799999 67.199997
-0.025635 -0.025146 -0.977295 -0.010642 0.024477 0.013835 7.500000 20.700001 68.099998
-0.016846 -0.049561 -0.984619 -0.015963 0.013835 0.012771 7.800000 20.400000 68.400002
-0.042969 -0.038330 -0.985352 -0.014899 0.024477 0.014899 9.000000 19.799999 66.599998
-0.039551 -0.029785 -0.983643 -0.015963 0.028734 0.019156 10.200000 19.200001 67.800003
-0.015137 -0.033447 -0.984131 -0.010642 0.025541 0.024477 7.200000 19.200001 67.800003
-0.017334 -0.032227 -0.979248 -0.012771 0.020220 0.022349 8.400000 18.600000 69.000000
-0.036865 -0.014404 -0.983643 -0.011706 0.023413 0.019156 7.800000 17.400000 69.599998
-0.046143 -0.024658 -0.982178 -0.014899 0.026606 0.015963 9.900000 20.700001 67.500000
-0.028564 -0.037842 -0.987305 -0.014899 0.026606 0.020220 9.300000 17.700001 68.099998
-0.019775 -0.035400 -0.975098 -0.013835 0.024477 0.019156 9.600000 19.200001 67.199997
-0.030518 -0.019531 -0.974365 -0.013835 0.023413 0.018092 9.000000 18.000000 68.400002
-0.044434 -0.011719 -0.974121 -0.011706 0.023413 0.018092 9.000000 17.400000 68.400002
-0.026611 -0.026123 -0.982910 -0.011706 0.024477 0.018092 9.900000 19.500000 68.699997
-0.017090 -0.049805 -0.985107 -0.009578 0.028734 0.019156 8.100000 18.900000 67.500000
-0.031494 -0.030762 -0.976318 -0.011706 0.022349 0.020220 9.000000 19.799999 67.800003
-0.042236 -0.016113 -0.985107 -0.012771 0.026606 0.019156 8.700000 18.900000 67.500000
-0.028809 -0.018311 -0.979492 -0.011706 0.025541 0.019156 8.400000 20.400000 67.199997
-0.027344 -0.030029 -0.977295 -0.011706 0.022349 0.017028 9.000000 18.600000 70.199997
-0.032471 -0.035156 -0.980225 -0.012771 0.022349 0.018092 8.700000 18.900000 69.900002
-0.042969 -0.020752 -0.979492 -0.010642 0.028734 0.020220 9.900000 19.500000 66.900002
-0.036133 -0.028809 -0.978271 -0.012771 0.025541 0.019156 8.700000 18.900000 68.099998
-0.026367 -0.031494 -0.969482 -0.008514 0.024477 0.021284 8.700000 17.100000 68.699997
-0.025635 -0.027344 -0.971924 -0.011706 0.020220 0.019156 6.900000 18.299999 68.099998
-0.032471 -0.023438 -0.979004 -0.012771 0.022349 0.018092 9.300000 18.299999 68.099998
-0.039307 -0.029785 -0.982910 -0.005321 0.024477 0.018092 9.900000 18.900000 68.699997
-0.030762 -0.049316 -0.978027 -0.004257 0.034055 0.012771 9.300000 19.500000 68.699997
-0.029785 -0.040039 -0.966797 -0.013835 0.017028 0.014899 9.600000 19.200001 67.199997
-0.038574 -0.029785 -0.975586 -0.014899 0.022349 0.021284 8.100000 18.299999 68.099998
-0.026855 -0.027100 -0.971924 -0.014899 0.026606 0.020220 8.700000 19.500000 69.900002
-0.021973 -0.028809 -0.984863 -0.011706 0.024477 0.017028 9.900000 18.900000 68.099998
-0.029297 -0.021729 -0.979004 -0.014899 0.021284 0.020220 8.700000 18.900000 67.500000
-0.037598 -0.029297 -0.980469 -0.014899 0.023413 0.017028 8.100000 19.500000 68.099998
-0.031250 -0.029541 -0.974365 -0.011706 0.027670 0.017028 8.700000 18.900000 68.099998
-0.023438 -0.037598 -0.971191 -0.011706 0.027670 0.017028 9.300000 19.500000 67.500000
-0.024658 -0.030518 -0.978516 -0.015963 0.020220 0.019156 8.100000 18.900000 69.300003
-0.036621 -0.022461 -0.968506 -0.014899 0.025541 0.018092 9.000000 19.200001 69.599998
-0.031006 -0.026855 -0.973389 -0.011706 0.026606 0.020220 9.600000 19.200001 67.800003
-0.026367 -0.037354 -0.980957 -0.013835 0.022349 0.015963 7.800000 17.400000 69.000000
-0.037109 -0.030029 -0.974121 -0.015963 0.024477 0.019156 9.000000 18.600000 66.599998
-0.040039 -0.027832 -0.979980 -0.013835 0.023413 0.020220 9.900000 18.299999 68.099998
-0.033936 -0.029785 -0.990967 -0.011706 0.024477 0.021284 9.600000 18.600000 67.800003
-0.031006 -0.038574 -0.973389 -0.013835 0.021284 0.017028 8.700000 19.500000 69.300003
-0.034668 -0.036621 -0.975342 -0.013835 0.023413 0.020220 8.400000 18.000000 67.800003
-0.031738 -0.029297 -0.976318 -0.019156 0.025541 0.015963 9.300000 17.700001 66.900002
-0.028564 -0.030029 -0.972656 -0.017028 0.022349 0.020220 9.300000 18.299999 69.300003
-0.027588 -0.030762 -0.979248 -0.013835 0.022349 0.021284 9.300000 20.100000 68.099998
-0.028320 -0.030029 -0.981934 -0.012771 0.022349 0.015963 8.100000 18.900000 66.900002
-0.032227 -0.024658 -0.981689 -0.014899 0.025541 0.020220 9.300000 20.100000 69.900002
-0.027832 -0.022461 -0.973877 -0.014899 0.024477 0.018092 7.800000 19.200001 66.599998
-0.027588 -0.027344 -0.979492 -0.011706 0.025541 0.019156 8.700000 18.900000 68.099998
-0.030029 -0.032471 -0.973877 -0.011706 0.024477 0.019156 9.300000 17.100000 68.699997
-0.028564 -0.029785 -0.980225 -0.012771 0.025541 0.020220 9.300000 18.900000 67.500000
-0.022705 -0.023438 -0.990479 -0.013835 0.023413 0.017028 8.700000 17.700001 68.099998
-0.028564 -0.034424 -0.975098 -0.013835 0.023413 0.018092 9.300000 18.900000 68.699997
-0.027100 -0.027100 -0.983643 -0.011706 0.023413 0.018092 8.400000 19.200001 68.400002
-0.032227 -0.028320 -0.981689 -0.017028 0.025541 0.020220 9.300000 18.900000 69.300003
-0.030518 -0.031982 -0.972656 -0.011706 0.025541 0.017028 8.400000 19.799999 69.000000
-0.024902 -0.032959 -0.980469 -0.010642 0.019156 0.019156 9.600000 18.600000 67.199997
-0.028320 -0.028320 -0.970947 -0.013835 0.021284 0.019156 10.800000 18.600000 68.400002
-0.037598 -0.031250 -0.986572 -0.013835 0.024477 0.019156 8.700000 19.500000 68.099998
-0.033447 -0.027588 -0.980713 -0.013835 0.023413 0.021284 8.700000 17.700001 68.099998
-0.031982 -0.029785 -0.978760 -0.014899 0.023413 0.020220 9.300000 18.299999 70.500000
-0.036865 -0.029785 -0.983154 -0.012771 0.022349 0.019156 8.400000 19.200001 66.599998
-0.027344 -0.032959 -0.976074 -0.013835 0.023413 0.017028 8.100000 18.900000 68.099998
-0.029297 -0.032959 -0.979248 -0.014899 0.022349 0.015963 8.700000 21.299999 68.099998
-0.030029 -0.028809 -0.976318 -0.012771 0.023413 0.019156 8.400000 19.799999 68.400002
-0.029297 -0.036133 -0.972656 -0.011706 0.023413 0.020220 8.700000 19.500000 66.900002
-0.030273 -0.022461 -0.970215 -0.012771 0.021284 0.018092 7.500000 18.900000 69.300003
-0.028076 -0.032471 -0.977051 -0.010642 0.022349 0.020220 9.600000 19.200001 69.000000
-0.031250 -0.026611 -0.988770 -0.014899 0.025541 0.019156 9.600000 19.799999 67.800003
-0.030518 -0.031006 -0.985107 -0.010642 0.024477 0.015963 8.700000 18.900000 67.500000
-0.027100 -0.029297 -0.983887 -0.013835 0.023413 0.019156 9.300000 18.299999 67.500000
-0.026855 -0.026855 -0.975342 -0.010642 0.022349 0.017028 8.100000 18.299999 69.900002
-0.035156 -0.033936 -0.982422 -0.013835 0.023413 0.019156 8.700000 18.299999 68.699997
-0.031494 -0.031250 -0.986328 -0.012771 0.022349 0.018092 8.700000 18.299999 67.500000
-0.031982 -0.030273 -0.984863 -0.012771 0.024477 0.018092 9.000000 19.200001 68.400002
-0.036133 -0.026367 -0.978760 -0.011706 0.022349 0.020220 7.500000 19.500000 69.300003
-0.029297 -0.035400 -0.975342 -0.013835 0.023413 0.020220 9.600000 19.200001 68.400002
-0.029785 -0.030029 -0.978027 -0.014899 0.023413 0.019156 9.000000 19.200001 66.000000
-0.022705 -0.029297 -0.972168 -0.012771 0.025541 0.018092 9.000000 16.799999 67.800003
-0.027832 -0.028809 -0.974121 -0.011706 0.022349 0.018092 9.900000 18.900000 66.900002
-0.031494 -0.029785 -0.970947 -0.013835 0.024477 0.019156 9.300000 18.900000 68.099998
-0.030029 -0.030518 -0.983154 -0.013835 0.022349 0.017028 9.600000 18.600000 68.400002
-0.039307 -0.030029 -0.977051 -0.011706 0.022349 0.014899 8.100000 18.900000 68.099998
-0.030273 -0.030762 -0.981445 -0.010642 0.020220 0.017028 8.400000 19.200001 69.599998
-0.036133 -0.024414 -0.983154 -0.011706 0.023413 0.020220 7.800000 18.600000 66.599998
-0.039062 -0.027344 -0.993408 -0.013835 0.024477 0.018092 6.900000 18.299999 68.099998
-0.021973 -0.031250 -0.979248 -0.011706 0.021284 0.020220 8.100000 18.299999 68.699997
-0.031494 -0.028320 -0.986816 -0.014899 0.026606 0.019156 9.000000 19.799999 67.800003
-0.027100 -0.031982 -0.975586 -0.013835 0.023413 0.018092 9.000000 18.600000 68.400002
-0.024902 -0.028320 -0.974609 -0.013835 0.023413 0.021284 9.600000 19.200001 67.800003
-0.038086 -0.032471 -0.987061 -0.012771 0.025541 0.015963 9.000000 18.000000 67.800003
-0.033936 -0.032227 -0.971924 -0.013835 0.024477 0.020220 9.900000 19.500000 68.099998
-0.024658 -0.031494 -0.973145 -0.014899 0.027670 0.019156 8.700000 19.500000 68.699997
-0.031738 -0.033691 -0.980957 -0.009578 0.022349 0.019156 7.800000 18.600000 69.599998
-0.033203 -0.037598 -0.976562 -0.014899 0.024477 0.019156 9.600000 19.799999 68.400002
-0.032959 -0.030518 -0.982910 -0.013835 0.023413 0.019156 10.200000 20.400000 67.199997
-0.034424 -0.027344 -0.972656 -0.012771 0.025541 0.018092 9.600000 19.200001 67.199997
-0.027344 -0.029541 -0.980469 -0.011706 0.024477 0.020220 9.900000 18.900000 68.099998
-0.029297 -0.031006 -0.984375 -0.012771 0.022349 0.021284 8.700000 18.299999 68.099998
-0.022217 -0.031494 -0.975586 -0.012771 0.025541 0.017028 8.400000 18.600000 68.400002
-0.026367 -0.032471 -0.979980 -0.010642 0.022349 0.018092 7.500000 19.500000 69.300003
-0.032227 -0.028809 -0.978271 -0.012771 0.024477 0.018092 7.800000 19.200001 67.800003
-0.030273 -0.033447 -0.976562 -0.017028 0.025541 0.017028 7.500000 17.700001 67.500000
-0.039551 -0.027344 -0.989014 -0.013835 0.023413 0.019156 9.900000 18.299999 69.300003
-0.031250 -0.029785 -0.970459 -0.011706 0.024477 0.017028 7.500000 18.900000 68.099998
-0.039307 -0.028320 -0.984619 -0.014899 0.022349 0.019156 9.300000 19.500000 68.099998
-0.034668 -0.028809 -0.974365 -0.009578 0.023413 0.017028 9.600000 18.600000 69.599998
-0.033203 -0.033691 -0.982178 -0.012771 0.024477 0.022349 9.600000 19.200001 69.000000
-0.028809 -0.030762 -0.976318 -0.013835 0.024477 0.017028 8.700000 19.500000 69.300003
-0.026855 -0.026367 -0.982910 -0.014899 0.024477 0.017028 9.000000 18.000000 66.599998
-0.026367 -0.035645 -0.965332 -0.017028 0.023413 0.018092 9.000000 19.200001 69.000000
-0.024414 -0.027588 -0.976807 -0.013835 0.022349 0.020220 8.700000 18.299999 68.099998
