-0.017334 -0.039551 -0.973633 -0.011706 0.021284 0.018092 29.100000 -23.100000 84.300003
-0.029297 -0.038330 -0.978516 -0.013835 0.019156 0.019156 30.000000 -24.600000 82.800003
-0.023438 -0.046631 -0.978027 -0.013835 0.017028 0.019156 27.299999 -25.500000 84.300003
-0.029053 -0.036621 -0.972168 -0.014899 0.021284 0.017028 28.200001 -24.600000 83.400002
-0.024414 -0.042725 -0.971924 -0.014899 0.020220 0.019156 27.600000 -24.600000 82.800003
-0.020996 -0.040039 -0.987305 -0.012771 0.018092 0.019156 27.600000 -22.799999 83.400002
-0.027100 -0.038330 -0.979004 -0.014899 0.022349 0.019156 28.200001 -22.799999 84.599998
-0.022705 -0.035889 -0.968750 -0.012771 0.018092 0.018092 27.900000 -23.700001 84.300003
-0.028076 -0.038330 -0.978760 -0.017028 0.021284 0.015963 30.299999 -23.700001 85.500000
-0.025146 -0.036133 -0.967285 -0.013835 0.021284 0.015963 29.400000 -22.799999 82.199997
-0.028076 -0.035889 -0.967285 -0.009578 0.018092 0.018092 29.100000 -24.900000 84.900002
-0.029053 -0.034424 -0.975586 -0.014899 0.023413 0.019156 29.100000 -24.299999 83.099998
-0.026367 -0.038330 -0.984131 -0.014899 0.018092 0.015963 27.900000 -24.299999 83.099998
-0.021973 -0.035156 -0.982666 -0.014899 0.021284 0.019156 27.900000 -24.900000 83.099998
-0.031494 -0.028809 -0.986084 -0.017028 0.023413 0.019156 30.000000 -25.200001 82.199997
-0.026367 -0.038818 -0.972656 -0.015963 0.020220 0.018092 28.799999 -25.200001 83.400002
-0.238770 -0.165771 -0.936035 -0.008514 -0.004257 0.470387 29.100000 -24.299999 84.900002
-0.433350 -0.005615 -1.040283 -0.067046 -0.155377 0.289469 29.400000 -24.600000 82.199997
-0.860840 0.245361 -0.907227 -0.035119 0.073431 -0.628957 27.600000 -24.600000 84.000000
-0.585938 0.219482 -1.085693 -0.012771 -0.107487 -1.098279 28.799999 -23.400000 84.599998
-0.521729 0.065674 -0.667480 0.046826 0.334166 -0.925875 30.299999 -23.100000 80.699997
-0.211426 -0.035645 -0.793457 -0.080881 -0.113872 -0.835416 29.100000 -22.500000 83.099998
-0.010010 0.279785 -0.817139 -0.079817 0.135156 -0.877985 29.700001 -19.500000 81.900002
0.177246 -0.026123 -1.015381 -0.105358 -0.071303 -0.952481 30.600000 -18.600000 83.400002
0.237061 0.239990 -0.702393 0.013835 0.028734 -0.819453 30.600000 -19.200001 82.199997
0.255615 -0.114990 -1.100342 0.026606 0.088331 -0.676847 31.799999 -18.000000 83.400002
0.417969 -0.108643 -0.858154 -0.042569 0.023413 -0.371414 31.500000 -17.700001 81.300003
0.367676 -0.041504 -0.900635 -0.011706 -0.013835 -0.208588 32.400002 -16.799999 82.800003
0.352051 0.004395 -0.946533 -0.011706 0.040441 -0.237322 32.400002 -16.200001 84.000000
0.248047 -0.081299 -1.021729 -0.038312 0.000000 -0.095780 30.000000 -16.799999 81.599998
0.189453 -0.050293 -0.929688 -0.009578 -0.001064 0.111744 31.799999 -17.400000 81.599998
0.089355 -0.018555 -0.969727 -0.013835 0.037248 0.064918 31.200001 -16.200001 82.199997
-0.033936 -0.016113 -0.955566 -0.015963 -0.008514 0.010642 30.000000 -19.200001 81.000000
0.013184 0.003662 -1.015137 -0.011706 0.017028 -0.072367 30.600000 -16.799999 82.800003
-0.015137 0.006348 -0.971191 -0.011706 0.034055 -0.269249 30.299999 -17.700001 83.099998
-0.041504 -0.054199 -0.943604 -0.025541 0.012771 -0.167083 32.400002 -17.400000 82.800003
-0.033203 -0.084473 -0.988037 -0.012771 0.012771 0.020220 31.799999 -17.400000 82.199997
-0.017090 -0.017578 -0.989014 -0.012771 0.024477 0.028734 32.700001 -16.500000 83.099998
-0.025879 -0.009277 -0.970703 -0.018092 0.024477 0.022349 32.700001 -15.900000 82.500000
-0.028564 -0.050537 -0.966309 -0.017028 0.018092 0.009578 32.099998 -17.100000 81.900002
-0.024902 -0.051025 -0.980225 -0.010642 0.017028 0.021284 33.000000 -15.600000 82.199997
-0.020752 -0.044189 -0.974609 -0.011706 0.024477 0.023413 31.799999 -17.400000 81.000000
-0.020020 -0.033936 -0.966553 -0.017028 0.022349 0.021284 32.400002 -16.799999 82.199997
-0.021240 -0.035645 -0.969482 -0.015963 0.018092 0.019156 32.400002 -17.400000 83.400002
-0.017578 -0.034668 -0.977539 -0.013835 0.020220 0.014899 31.500000 -17.100000 81.900002
-0.029541 -0.042480 -0.979004 -0.012771 0.021284 0.015963 33.599998 -17.400000 81.000000
-0.026855 -0.050049 -0.972412 -0.011706 0.018092 0.018092 32.400002 -16.799999 82.800003
-0.021729 -0.036865 -0.966309 -0.017028 0.018092 0.018092 32.099998 -16.500000 83.099998
-0.018066 -0.036377 -0.988281 -0.013835 0.017028 0.017028 31.200001 -16.799999 82.800003
-0.019287 -0.035156 -0.974854 -0.013835 0.024477 0.020220 33.000000 -15.000000 81.000000
-0.018555 -0.037354 -0.986572 -0.015963 0.018092 0.017028 32.400002 -16.200001 81.599998
-0.021973 -0.034180 -0.973389 -0.015963 0.020220 0.020220 33.900002 -18.900000 83.099998
-0.024414 -0.033691 -0.974609 -0.009578 0.021284 0.018092 32.700001 -16.500000 82.500000
-0.019775 -0.041260 -0.968994 -0.013835 0.019156 0.018092 32.099998 -17.100000 81.900002
-0.021240 -0.042480 -0.977295 -0.012771 0.019156 0.018092 32.400002 -16.799999 81.000000
-0.022461 -0.038574 -0.975342 -0.012771 0.023413 0.019156 33.599998 -16.200001 83.400002
-0.020508 -0.043213 -0.967529 -0.012771 0.020220 0.018092 32.400002 -15.600000 83.400002
-0.032471 0.072266 -0.986084 -0.014899 0.018092 -0.223487 32.099998 -15.300000 82.500000
-0.009521 0.093750 -0.975342 -0.026606 0.009578 -0.822645 32.700001 -15.300000 81.300003
0.022461 0.146973 -0.989014 -0.023413 -0.003193 -1.649548 34.200001 -13.200000 82.199997
0.057373 0.186279 -0.965332 -0.054275 -0.048954 -2.578615 33.900002 -12.300000 80.699997
0.099365 0.205566 -0.897705 -0.069175 -0.045762 -3.519390 34.200001 -10.200000 82.800003
0.073975 0.199707 -0.992188 -0.088331 -0.091523 -4.283503 36.599998 -3.600000 79.800003
0.077393 -0.230225 -1.198486 -0.086202 -0.072367 -4.344163 34.799999 -0.600000 80.400002
0.277588 -0.018066 -0.892090 -0.062789 -0.090459 -4.259026 33.599998 4.800000 82.199997
0.108154 0.001221 -1.008057 -0.077688 -0.042569 -4.519761 31.799999 9.600000 81.000000
0.179688 -0.326904 -0.926514 -0.063853 -0.037248 -3.729042 31.200001 13.200000 81.000000
-0.213867 -0.566895 -1.108154 -0.072367 0.105358 -1.899640 28.500000 14.700000 81.900002
-0.098145 -0.178711 -0.798828 0.035119 0.111744 -0.415047 28.500000 17.100000 81.900002
-0.093994 -0.070801 -0.859131 -0.006385 0.034055 0.174533 28.799999 15.000000 82.199997
0.003174 -0.069092 -0.994141 0.006385 -0.001064 0.317139 28.200001 15.600000 82.199997
0.059570 0.065674 -1.025146 -0.002128 -0.011706 -0.012771 28.500000 15.900000 80.699997
0.019775 -0.035645 -1.020996 -0.014899 0.008514 0.026606 28.200001 15.600000 81.000000
0.000977 0.009521 -0.990479 -0.022349 0.039376 0.036184 29.400000 16.799999 82.800003
-0.013916 -0.002197 -0.953125 -0.022349 0.038312 0.025541 29.700001 15.300000 81.300003
-0.016357 -0.005371 -0.961426 -0.014899 0.010642 0.023413 29.100000 17.700001 81.900002
-0.004639 -0.031006 -0.980713 -0.014899 0.006385 0.007450 28.799999 16.200001 80.400002
-0.001221 -0.043945 -0.993408 -0.015963 0.019156 0.011706 29.700001 14.700000 81.300003
-0.006104 -0.034668 -0.976807 -0.014899 0.023413 0.023413 29.700001 14.100000 82.500000
-0.005859 -0.029053 -0.976318 -0.013835 0.024477 0.021284 29.100000 17.700001 82.500000
-0.009766 -0.030762 -0.978271 -0.011706 0.024477 0.015963 29.100000 15.900000 82.500000
-0.015137 -0.040283 -0.973633 -0.017028 0.024477 0.014899 28.799999 16.200001 82.199997
-0.004639 -0.034424 -0.980713 -0.017028 0.021284 0.022349 30.000000 16.200001 81.599998
-0.002197 -0.026855 -0.976562 -0.012771 0.015963 0.020220 29.700001 16.500000 81.300003
-0.006104 -0.030762 -0.971191 -0.013835 0.021284 0.018092 29.400000 14.400000 82.199997
-0.005859 -0.025391 -0.975342 -0.014899 0.022349 0.019156 30.000000 16.200001 80.400002
-0.006592 -0.026123 -0.973877 -0.014899 0.019156 0.017028 29.400000 14.400000 80.400002
-0.006836 -0.027344 -0.975586 -0.011706 0.023413 0.018092 29.700001 14.700000 81.300003
-0.006592 -0.026367 -0.988281 -0.014899 0.020220 0.018092 27.600000 15.600000 79.800003
-0.000977 -0.036621 -0.980957 -0.014899 0.021284 0.020220 31.200001 15.600000 81.599998
-0.003662 -0.024902 -0.985596 -0.013835 0.020220 0.022349 28.799999 15.000000 80.400002
-0.008545 -0.034912 -0.969238 -0.017028 0.021284 0.015963 27.299999 16.500000 81.300003
-0.014404 -0.032471 -0.977295 -0.014899 0.022349 0.020220 29.400000 17.400000 79.800003
-0.003662 -0.036621 -0.974609 -0.014899 0.018092 0.020220 28.200001 15.600000 81.599998
-0.008545 -0.030273 -0.973389 -0.012771 0.024477 0.022349 27.000000 15.600000 83.400002
-0.015381 -0.025879 -0.972168 -0.014899 0.020220 0.019156 30.299999 15.900000 81.300003
-0.006592 -0.028320 -0.978271 -0.014899 0.015963 0.017028 28.200001 14.400000 81.599998
-0.003662 -0.030518 -0.979248 -0.012771 0.020220 0.018092 30.600000 15.600000 82.800003
-0.013916 -0.028320 -0.979004 -0.013835 0.021284 0.019156 27.900000 15.300000 81.900002
-0.001709 -0.031250 -0.976807 -0.014899 0.021284 0.020220 29.400000 16.200001 82.199997
-0.005371 -0.026123 -0.971436 -0.013835 0.020220 0.018092 29.100000 15.300000 80.699997
-0.009033 -0.028564 -0.978516 -0.012771 0.020220 0.019156 29.700001 17.100000 81.900002
-0.007568 -0.031494 -0.980957 -0.017028 0.022349 0.017028 28.500000 14.700000 81.900002
-0.006592 -0.037598 -0.974365 -0.011706 0.019156 0.017028 30.600000 15.000000 81.599998
-0.013916 -0.037354 -0.971436 -0.014899 0.021284 0.019156 28.799999 15.600000 81.599998
-0.004639 -0.035156 -0.969727 -0.015963 0.022349 0.015963 28.799999 16.200001 83.400002
-0.002686 -0.023926 -0.974609 -0.012771 0.022349 0.014899 26.700001 15.300000 80.699997
-0.009277 -0.033203 -0.980957 -0.011706 0.019156 0.018092 30.000000 17.400000 81.599998
-0.010498 -0.032227 -0.987305 -0.013835 0.020220 0.017028 29.100000 15.900000 81.300003
-0.005127 -0.030518 -0.974121 -0.013835 0.022349 0.020220 28.799999 14.400000 82.199997
-0.005859 -0.031250 -0.984863 -0.012771 0.021284 0.019156 30.299999 16.500000 81.900002
-0.008301 -0.032959 -0.969727 -0.015963 0.019156 0.017028 29.100000 14.700000 81.900002
-0.006592 -0.028076 -0.985352 -0.014899 0.020220 0.020220 29.700001 14.700000 81.900002
-0.001953 -0.033691 -0.974365 -0.014899 0.019156 0.019156 29.700001 14.700000 81.300003
-0.000977 -0.037354 -0.978516 -0.015963 0.018092 0.018092 29.400000 14.400000 81.599998
-0.010254 -0.032959 -0.976562 -0.014899 0.021284 0.017028 30.000000 16.200001 82.199997
-0.004639 -0.031494 -0.979980 -0.010642 0.017028 0.021284 30.000000 15.000000 81.599998
-0.003662 -0.031738 -0.983398 -0.013835 0.023413 0.020220 28.799999 15.000000 82.199997
-0.001709 -0.029785 -0.984375 -0.014899 0.020220 0.020220 29.400000 16.200001 81.000000
-0.013916 -0.025635 -0.976562 -0.013835 0.019156 0.019156 28.799999 15.000000 81.599998
-0.008545 -0.037109 -0.976807 -0.010642 0.019156 0.015963 28.500000 16.500000 80.699997
0.000000 -0.028809 -0.978760 -0.013835 0.021284 0.018092 28.200001 15.000000 82.199997
0.000000 -0.031006 -0.971680 -0.010642 0.022349 0.019156 30.600000 15.000000 81.000000
-0.008057 -0.031494 -0.968750 -0.013835 0.019156 0.018092 28.500000 16.500000 80.699997
-0.003418 -0.031982 -0.974609 -0.013835 0.020220 0.015963 28.799999 15.600000 82.199997
-0.008301 -0.036865 -0.982910 -0.012771 0.021284 0.018092 29.700001 15.300000 81.300003
-0.010010 -0.028320 -0.973389 -0.013835 0.023413 0.019156 30.000000 15.600000 81.000000
-0.011963 -0.032715 -0.974609 -0.017028 0.021284 0.017028 28.500000 14.700000 81.900002
-0.002441 -0.029053 -0.973877 -0.014899 0.021284 0.019156 29.700001 14.700000 80.699997
-0.006104 -0.024902 -0.975098 -0.015963 0.021284 0.018092 29.100000 15.300000 81.900002
-0.005127 -0.032959 -0.975830 -0.014899 0.018092 0.015963 29.700001 15.300000 82.500000
-0.016846 -0.032471 -0.978516 -0.013835 0.019156 0.019156 29.700001 15.900000 80.699997
-0.006348 -0.031494 -0.976807 -0.012771 0.022349 0.017028 29.700001 15.900000 80.699997
-0.009521 -0.028076 -0.984131 -0.015963 0.020220 0.018092 28.500000 15.900000 81.900002
-0.000488 -0.026611 -0.977783 -0.010642 0.018092 0.018092 29.400000 15.000000 81.599998
-0.013184 -0.032959 -0.980469 -0.013835 0.021284 0.020220 29.700001 15.900000 81.900002
-0.013672 -0.029053 -0.987549 -0.014899 0.020220 0.017028 30.900000 16.500000 80.699997
-0.012695 -0.034424 -0.986816 -0.013835 0.020220 0.021284 30.000000 15.000000 81.000000
0.001953 -0.036865 -0.972412 -0.013835 0.017028 0.018092 29.700001 15.300000 80.699997
-0.007568 -0.033691 -0.977295 -0.013835 0.022349 0.014899 29.100000 15.900000 81.300003
-0.008301 -0.028809 -0.968994 -0.011706 0.020220 0.021284 30.000000 15.000000 82.199997
-0.017578 -0.032715 -0.983887 -0.014899 0.020220 0.020220 27.600000 14.400000 81.000000
-0.006836 -0.029297 -0.981201 -0.012771 0.020220 0.017028 30.000000 15.600000 81.599998
-0.005859 -0.028076 -0.980713 -0.013835 0.020220 0.017028 28.500000 17.100000 80.699997
-0.004150 -0.033936 -0.974609 -0.013835 0.023413 0.020220 30.299999 14.700000 82.500000
-0.002197 -0.034180 -0.964111 -0.017028 0.021284 0.017028 28.500000 15.900000 81.300003
-0.006348 -0.031006 -0.985107 -0.013835 0.018092 0.019156 28.799999 17.400000 81.000000
-0.007324 -0.035400 -0.968750 -0.015963 0.020220 0.020220 28.500000 15.300000 80.099998
-0.008057 -0.037109 -0.977539 -0.015963 0.021284 0.018092 29.100000 15.900000 79.500000
-0.001221 -0.032959 -0.975586 -0.013835 0.019156 0.021284 30.000000 14.400000 81.000000
-0.001953 -0.035645 -0.976562 -0.007450 0.021284 0.021284 28.500000 16.500000 80.699997
-0.001953 -0.032227 -0.983887 -0.010642 0.019156 0.017028 28.500000 15.300000 81.900002
-0.010254 -0.035156 -0.975342 -0.012771 0.022349 0.018092 30.600000 16.799999 80.400002
-0.004883 -0.023682 -0.965088 -0.015963 0.021284 0.018092 29.700001 14.700000 81.300003
-0.007324 -0.034424 -0.978271 -0.013835 0.021284 0.020220 28.799999 14.400000 83.400002
-0.000488 -0.022705 -0.971191 -0.012771 0.017028 0.021284 29.400000 15.000000 81.599998
0.002197 -0.024902 -0.973633 -0.010642 0.018092 0.018092 28.799999 15.600000 81.599998
-0.002441 -0.033691 -0.970459 -0.013835 0.023413 0.018092 29.400000 16.799999 81.000000
-0.011719 -0.031250 -0.968262 -0.012771 0.019156 0.018092 29.400000 16.799999 80.400002
-0.006836 -0.030762 -0.973877 -0.013835 0.020220 0.022349 29.400000 15.600000 81.599998
-0.005859 -0.021484 -0.975098 -0.014899 0.021284 0.019156 29.100000 16.500000 81.300003
-0.013916 -0.028564 -0.983398 -0.012771 0.018092 0.021284 29.400000 15.000000 81.599998
-0.008789 -0.026611 -0.983398 -0.018092 0.020220 0.019156 29.100000 16.500000 83.099998
-0.004150 -0.030518 -0.978760 -0.013835 0.022349 0.018092 28.799999 15.600000 81.599998
-0.008545 -0.032227 -0.977539 -0.013835 0.021284 0.017028 29.700001 15.300000 82.500000
-0.005859 -0.031006 -0.976074 -0.014899 0.017028 0.018092 30.600000 15.000000 82.199997
-0.005859 -0.029053 -0.976562 -0.014899 0.020220 0.019156 27.600000 16.200001 81.000000
-0.009521 -0.037598 -0.968262 -0.012771 0.022349 0.015963 29.400000 16.799999 81.000000
-0.002686 -0.031494 -0.984619 -0.013835 0.019156 0.019156 30.299999 15.900000 81.300003
-0.009033 -0.031006 -0.969971 -0.015963 0.020220 0.017028 27.900000 15.300000 81.300003
-0.006348 -0.025879 -0.962158 -0.013835 0.018092 0.021284 27.900000 14.700000 81.900002
-0.006836 -0.029785 -0.978271 -0.014899 0.020220 0.020220 29.400000 15.600000 79.800003
-0.012939 -0.031494 -0.980469 -0.013835 0.021284 0.020220 28.500000 15.900000 81.900002
-0.010254 -0.029785 -0.985352 -0.015963 0.019156 0.019156 29.700001 15.300000 81.900002
-0.005127 -0.031982 -0.975342 -0.013835 0.018092 0.021284 29.400000 15.000000 81.000000
-0.005371 -0.030273 -0.976318 -0.017028 0.022349 0.019156 30.000000 16.799999 81.599998
-0.009521 -0.032959 -0.978760 -0.012771 0.021284 0.022349 29.100000 16.500000 80.699997
-0.005127 -0.030029 -0.976807 -0.014899 0.022349 0.020220 30.299999 14.100000 81.300003
-0.011719 -0.035156 -0.982178 -0.014899 0.020220 0.017028 28.200001 16.799999 81.599998
-0.011230 -0.030762 -0.983643 -0.014899 0.021284 0.019156 30.900000 15.300000 83.099998
-0.010254 -0.028809 -0.979004 -0.013835 0.019156 0.018092 29.100000 16.500000 81.900002
-0.007812 -0.031006 -0.975586 -0.015963 0.021284 0.019156 28.500000 15.900000 80.699997
-0.008057 -0.029785 -0.977539 -0.015963 0.020220 0.018092 27.600000 17.400000 81.599998
-0.007812 -0.027344 -0.971436 -0.015963 0.018092 0.017028 29.400000 15.000000 81.599998
-0.005371 -0.033447 -0.978516 -0.013835 0.020220 0.018092 30.000000 15.600000 82.199997
-0.007324 -0.037842 -0.974121 -0.012771 0.023413 0.018092 30.000000 15.600000 81.599998
-0.010986 -0.036865 -0.981934 -0.013835 0.020220 0.020220 29.700001 14.700000 82.500000
-0.005859 -0.029785 -0.975098 -0.008514 0.021284 0.017028 28.799999 14.400000 81.599998
-0.006348 -0.034912 -0.977783 -0.013835 0.022349 0.017028 30.000000 15.600000 80.400002
-0.008057 -0.030518 -0.974121 -0.012771 0.022349 0.020220 29.400000 13.800000 79.800003
-0.006836 -0.033936 -0.978516 -0.013835 0.017028 0.015963 29.100000 16.500000 83.099998
-0.012207 -0.028320 -0.979492 -0.013835 0.019156 0.014899 29.100000 17.100000 83.699997
-0.004639 -0.034180 -0.971436 -0.015963 0.021284 0.018092 29.400000 13.800000 82.800003
-0.011719 -0.033447 -0.977539 -0.014899 0.019156 0.020220 28.500000 15.300000 81.300003
-0.005127 -0.030518 -0.983887 -0.013835 0.019156 0.020220 29.400000 15.600000 81.000000
-0.001465 -0.035645 -0.978760 -0.014899 0.022349 0.017028 28.799999 16.200001 82.800003
-0.004639 -0.030762 -0.980225 -0.013835 0.018092 0.018092 28.500000 16.500000 80.099998
-0.012207 -0.032959 -0.973389 -0.013835 0.018092 0.018092 28.200001 16.200001 81.599998
-0.006836 -0.030518 -0.971436 -0.013835 0.018092 0.019156 30.299999 16.500000 81.900002
-0.006836 -0.030762 -0.975830 -0.012771 0.020220 0.018092 29.700001 15.900000 82.500000
-0.006104 -0.038086 -0.979736 -0.013835 0.022349 0.018092 29.400000 16.799999 81.000000
-0.010742 -0.032715 -0.977051 -0.013835 0.019156 0.015963 28.500000 14.700000 82.500000
-0.004639 -0.034668 -0.973633 -0.013835 0.019156 0.021284 28.200001 16.799999 81.000000
-0.010742 -0.034180 -0.975586 -0.010642 0.019156 0.019156 29.700001 14.700000 80.099998
-0.009521 -0.033203 -0.977539 -0.014899 0.020220 0.017028 29.700001 15.900000 80.099998
-0.006104 -0.031494 -0.975586 -0.014899 0.019156 0.019156 29.700001 15.900000 80.699997
-0.010010 -0.032715 -0.973389 -0.013835 0.020220 0.019156 29.700001 15.900000 80.099998
-0.013184 -0.022705 -0.977539 -0.013835 0.020220 0.015963 29.400000 16.200001 81.599998
-0.010986 -0.028809 -0.981201 -0.011706 0.019156 0.015963 29.700001 15.900000 80.699997
-0.005615 -0.030029 -0.976318 -0.013835 0.021284 0.020220 29.700001 15.300000 81.900002
-0.009033 -0.036377 -0.972168 -0.012771 0.019156 0.018092 27.900000 17.100000 80.099998
-0.007324 -0.030762 -0.979736 -0.012771 0.020220 0.018092 30.600000 15.600000 81.000000
-0.001709 -0.026611 -0.984131 -0.013835 0.022349 0.019156 29.400000 15.600000 81.000000
-0.007324 -0.034912 -0.979492 -0.013835 0.021284 0.017028 29.700001 15.300000 81.300003
-0.009521 -0.027100 -0.972412 -0.014899 0.022349 0.018092 29.400000 15.600000 81.000000
-0.014404 -0.032959 -0.977539 -0.011706 0.019156 0.021284 30.600000 15.600000 80.400002
-0.009277 -0.030273 -0.975586 -0.014899 0.019156 0.019156 29.400000 15.600000 82.199997
-0.010498 -0.037598 -0.978027 -0.013835 0.019156 0.015963 29.700001 17.700001 81.900002
-0.012939 -0.032227 -0.979492 -0.011706 0.019156 0.014899 30.000000 16.200001 82.199997
-0.007324 -0.031250 -0.978271 -0.011706 0.021284 0.015963 29.400000 15.600000 80.400002
-0.001221 -0.027100 -0.968018 -0.015963 0.021284 0.019156 29.100000 14.700000 81.300003
-0.014648 -0.038818 -0.976318 -0.014899 0.017028 0.019156 28.500000 17.100000 80.699997
-0.001953 -0.030029 -0.973633 -0.012771 0.015963 0.018092 28.799999 14.400000 81.599998
-0.009766 -0.035156 -0.971924 -0.014899 0.022349 0.018092 28.200001 15.000000 81.599998
-0.012207 -0.029785 -0.975342 -0.013835 0.019156 0.020220 29.400000 15.600000 81.599998
-0.005127 -0.033447 -0.986572 -0.014899 0.024477 0.015963 30.000000 15.000000 82.800003
-0.002441 -0.033203 -0.982910 -0.012771 0.017028 0.021284 28.799999 16.200001 81.000000
-0.009521 -0.025879 -0.976318 -0.014899 0.020220 0.020220 29.400000 16.799999 81.599998
-0.011230 -0.032715 -0.980713 -0.011706 0.019156 0.021284 28.500000 17.100000 81.900002
-0.010254 -0.038086 -0.978027 -0.012771 0.021284 0.015963 28.799999 15.600000 81.000000
-0.006348 -0.028809 -0.974121 -0.011706 0.022349 0.020220 30.299999 14.100000 81.900002
-0.003174 -0.026123 -0.985596 -0.015963 0.020220 0.018092 29.400000 16.200001 82.199997
-0.009033 -0.025879 -0.977783 -0.014899 0.020220 0.017028 28.500000 15.900000 81.300003
-0.000977 -0.033203 -0.977051 -0.014899 0.020220 0.018092 30.000000 15.600000 79.199997
-0.010254 -0.027588 -0.992432 -0.011706 0.020220 0.018092 29.700001 14.700000 81.900002
-0.005127 -0.025635 -0.975586 -0.013835 0.020220 0.021284 29.100000 15.900000 80.699997
-0.004883 -0.034180 -0.979980 -0.014899 0.019156 0.018092 28.799999 14.400000 82.199997
-0.007568 -0.035156 -0.978760 -0.013835 0.020220 0.019156 29.400000 16.200001 82.199997
-0.010010 -0.038086 -0.970947 -0.018092 0.020220 0.019156 28.799999 15.600000 81.000000
-0.007324 -0.024170 -0.978271 -0.013835 0.020220 0.015963 30.299999 15.900000 83.099998
-0.011963 -0.031006 -0.987061 -0.017028 0.021284 0.012771 29.700001 15.900000 80.699997
-0.006836 -0.037842 -0.986328 -0.017028 0.019156 0.018092 30.299999 15.900000 81.900002
-0.006348 -0.032959 -0.969482 -0.015963 0.020220 0.019156 29.100000 14.700000 82.500000
-0.002686 -0.034668 -0.975342 -0.014899 0.017028 0.017028 29.700001 15.300000 81.300003
-0.006836 -0.031006 -0.987061 -0.014899 0.019156 0.018092 30.000000 14.400000 82.199997
-0.010254 -0.034180 -0.987305 -0.011706 0.019156 0.020220 29.100000 17.100000 81.300003
-0.008789 -0.035156 -0.977295 -0.013835 0.023413 0.018092 29.400000 13.200000 79.800003
-0.004883 -0.029297 -0.984131 -0.012771 0.018092 0.015963 29.400000 16.200001 80.400002
-0.002441 -0.038818 -0.979980 -0.012771 0.017028 0.018092 29.700001 15.900000 82.500000
-0.003418 -0.028320 -0.987549 -0.015963 0.020220 0.020220 29.700001 14.100000 81.900002
-0.002441 -0.034912 -0.985107 -0.012771 0.020220 0.018092 27.299999 15.300000 81.300003
-0.005615 -0.034180 -0.979980 -0.014899 0.019156 0.019156 27.900000 15.900000 81.900002
-0.006836 -0.029541 -0.979004 -0.015963 0.019156 0.020220 29.700001 15.900000 82.500000
-0.013184 -0.030762 -0.979492 -0.014899 0.021284 0.017028 29.700001 15.900000 81.300003
-0.003906 -0.024414 -0.975830 -0.015963 0.019156 0.017028 30.900000 15.900000 80.699997
-0.015625 -0.028564 -0.969238 -0.018092 0.021284 0.019156 29.400000 16.799999 81.599998
-0.006836 -0.034180 -0.978516 -0.013835 0.021284 0.019156 28.799999 15.600000 81.000000
-0.005371 -0.031982 -0.982666 -0.018092 0.021284 0.017028 28.500000 14.700000 80.699997
-0.007324 -0.027832 -0.979736 -0.012771 0.020220 0.013835 28.799999 13.800000 82.800003
-0.002686 -0.035889 -0.982666 -0.017028 0.021284 0.015963 27.299999 15.900000 80.699997
-0.010010 -0.031982 -0.980225 -0.019156 0.018092 0.019156 28.200001 14.400000 80.400002
-0.006592 -0.026367 -0.966797 -0.017028 0.021284 0.019156 30.600000 17.400000 82.199997
-0.013428 -0.034180 -0.968994 -0.022349 0.021284 0.020220 28.500000 15.300000 81.300003
-0.011230 -0.021484 -0.962158 -0.013835 0.023413 0.019156 28.500000 15.900000 82.500000
-0.003662 -0.027832 -0.972900 -0.014899 0.018092 0.019156 27.000000 15.600000 81.599998
-0.006104 -0.034668 -0.983154 -0.009578 0.022349 0.017028 29.100000 14.700000 81.300003
-0.002197 -0.036865 -0.979248 -0.012771 0.022349 0.021284 28.500000 15.900000 81.900002
-0.006836 -0.038818 -0.982666 -0.012771 0.019156 0.018092 28.799999 14.400000 80.400002
-0.010010 -0.032715 -0.973145 -0.014899 0.022349 0.019156 29.700001 15.900000 79.500000
-0.007812 -0.035156 -0.977295 -0.010642 0.020220 0.012771 30.299999 15.300000 82.500000
-0.006592 -0.030518 -0.978271 -0.013835 0.021284 0.018092 30.000000 15.000000 81.599998
-0.006348 -0.034668 -0.976562 -0.010642 0.020220 0.022349 30.000000 15.600000 81.599998
-0.004883 -0.031250 -0.981201 -0.014899 0.021284 0.018092 27.900000 15.300000 81.900002
-0.002197 -0.038330 -0.969971 -0.014899 0.019156 0.020220 29.400000 15.000000 81.599998
-0.005127 -0.030029 -0.980225 -0.013835 0.018092 0.018092 30.299999 14.100000 81.900002
-0.002686 -0.037842 -0.977783 -0.013835 0.019156 0.022349 29.700001 14.100000 80.699997
-0.007568 -0.033936 -0.980225 -0.017028 0.021284 0.017028 28.799999 15.600000 82.800003
-0.010498 -0.031006 -0.969727 -0.012771 0.021284 0.015963 30.600000 15.600000 82.199997
-0.003418 -0.029297 -0.966309 -0.017028 0.020220 0.021284 30.000000 15.000000 82.199997
-0.004639 -0.036133 -0.963379 -0.011706 0.019156 0.021284 29.700001 14.700000 80.699997
-0.002930 -0.031982 -0.980469 -0.012771 0.020220 0.020220 28.799999 16.200001 82.199997
-0.009033 -0.024902 -0.976807 -0.015963 0.019156 0.018092 28.200001 16.799999 81.599998
-0.008545 -0.035645 -0.979004 -0.014899 0.018092 0.017028 28.500000 14.700000 80.699997
-0.008545 -0.031982 -0.974609 -0.012771 0.021284 0.019156 27.900000 16.500000 81.300003
-0.008301 -0.031982 -0.977539 -0.011706 0.019156 0.018092 28.799999 15.000000 79.800003
-0.006592 -0.030762 -0.973877 -0.013835 0.022349 0.020220 30.000000 15.600000 81.000000
-0.012939 -0.032959 -0.979004 -0.014899 0.021284 0.019156 28.799999 16.200001 79.800003
-0.012939 -0.037598 -0.981445 -0.014899 0.020220 0.017028 29.100000 14.700000 80.099998
-0.010742 -0.031494 -0.982422 -0.013835 0.024477 0.015963 28.799999 15.600000 81.000000
-0.001221 -0.029541 -0.981445 -0.011706 0.019156 0.014899 28.200001 15.000000 80.400002
-0.004883 -0.031982 -0.975098 -0.013835 0.019156 0.018092 30.900000 15.900000 80.099998
-0.010254 -0.038330 -0.975342 -0.014899 0.022349 0.014899 28.500000 15.300000 81.900002
-0.007812 -0.031738 -0.974609 -0.014899 0.022349 0.018092 30.000000 15.000000 80.400002
-0.009033 -0.034424 -0.982178 -0.014899 0.021284 0.019156 28.500000 15.300000 81.900002
-0.006348 -0.028076 -0.972412 -0.014899 0.022349 0.020220 28.799999 14.400000 81.000000
-0.010010 -0.035645 -0.978760 -0.012771 0.018092 0.018092 30.000000 15.000000 82.199997
-0.003662 -0.034180 -0.976562 -0.014899 0.020220 0.020220 29.100000 15.900000 81.300003
0.000732 -0.031006 -0.968994 -0.013835 0.020220 0.017028 29.100000 15.900000 80.699997
-0.002686 -0.031494 -0.985352 -0.011706 0.019156 0.018092 28.500000 13.500000 78.900002
-0.007324 -0.036621 -0.979492 -0.010642 0.021284 0.017028 30.600000 16.799999 81.599998
