0.045410 -0.996826 0.156982 -0.015963 0.024477 0.019156 -18.900000 27.299999 39.900002
0.043945 -0.998779 0.154297 -0.011706 0.021284 0.021284 -19.200001 27.600000 39.599998
0.041748 -0.994385 0.149170 -0.011706 0.024477 0.018092 -20.400000 28.200001 39.599998
0.043457 -0.994141 0.159424 -0.010642 0.022349 0.017028 -18.600000 28.200001 38.400002
0.041260 -0.997559 0.153076 -0.014899 0.023413 0.018092 -19.799999 27.600000 39.599998
0.044189 -1.003174 0.161133 -0.015963 0.025541 0.020220 -21.299999 27.299999 39.900002
0.044189 -0.998047 0.165283 -0.017028 0.023413 0.019156 -20.700001 29.700001 39.900002
0.050293 -1.001709 0.155029 -0.012771 0.022349 0.015963 -19.200001 28.200001 39.599998
0.045898 -0.998779 0.154053 -0.011706 0.024477 0.018092 -18.900000 26.700001 39.299999
0.041504 -0.998779 0.151611 -0.012771 0.023413 0.019156 -19.500000 28.500000 39.299999
0.046875 -1.004883 0.160645 -0.011706 0.022349 0.019156 -18.600000 27.600000 39.599998
0.050049 -0.991943 0.151123 -0.011706 0.023413 0.019156 -18.299999 28.500000 41.099998
0.044434 -0.995605 0.159424 -0.011706 0.024477 0.019156 -20.700001 26.700001 40.500000
0.046143 -0.996338 0.156738 -0.013835 0.023413 0.017028 -20.100000 27.900000 38.700001
0.040771 -1.002930 0.156738 -0.014899 0.021284 0.023413 -19.500000 28.500000 39.900002
0.041748 -1.000977 0.147461 -0.013835 0.022349 0.021284 -21.600000 27.600000 39.599998
0.044922 -0.995117 0.158447 -0.012771 0.022349 0.018092 -20.100000 27.900000 39.900002
0.041992 -1.001709 0.157471 -0.009578 0.023413 0.015963 -18.600000 27.600000 39.599998
0.040771 -0.997314 0.159180 -0.014899 0.024477 0.018092 -20.700001 24.900000 39.299999
0.047852 -1.003174 0.155273 -0.013835 0.023413 0.017028 -18.000000 27.600000 40.799999
0.047119 -0.996582 0.157227 -0.012771 0.023413 0.017028 -19.500000 26.100000 39.299999
0.045898 -1.000244 0.162109 -0.014899 0.024477 0.019156 -19.200001 27.600000 39.599998
0.041504 -0.999268 0.151123 -0.014899 0.025541 0.019156 -20.100000 27.900000 39.299999
0.046387 -0.995605 0.157471 -0.011706 0.021284 0.014899 -19.799999 27.600000 39.000000
0.044189 -1.005371 0.159180 -0.012771 0.024477 0.020220 -22.500000 27.299999 37.500000
0.041748 -1.001221 0.160645 -0.011706 0.023413 0.021284 -19.500000 27.900000 39.299999
0.047852 -1.004639 0.157471 -0.015963 0.024477 0.019156 -21.000000 27.600000 37.799999
0.044434 -0.997803 0.156006 -0.011706 0.021284 0.019156 -20.400000 25.799999 41.400002
0.042725 -0.997070 0.150391 -0.012771 0.024477 0.019156 -20.400000 27.600000 40.200001
0.046387 -0.997803 0.154785 -0.014899 0.025541 0.018092 -19.500000 29.100000 41.099998
0.042969 -0.998047 0.157227 -0.013835 0.023413 0.017028 -21.000000 28.200001 40.799999
0.050781 -1.001953 0.165283 -0.013835 0.023413 0.019156 -18.900000 29.100000 39.299999
0.042480 -0.997070 0.160156 -0.014899 0.025541 0.020220 -19.200001 28.200001 39.599998
0.042480 -0.999023 0.154053 -0.011706 0.023413 0.015963 -19.799999 28.200001 40.200001
0.050293 -1.006836 0.153320 -0.013835 0.021284 0.015963 -19.500000 27.299999 39.900002
0.038574 -0.995850 0.151611 -0.015963 0.024477 0.019156 -20.400000 28.200001 39.000000
0.048096 -1.002197 0.152344 -0.012771 0.024477 0.018092 -18.600000 28.200001 38.400002
0.039551 -0.996338 0.153320 -0.013835 0.024477 0.020220 -19.200001 27.600000 40.200001
0.045898 -1.001709 0.152832 -0.014899 0.021284 0.019156 -19.200001 27.600000 40.799999
0.040771 -1.001221 0.150146 -0.013835 0.022349 0.020220 -18.900000 26.700001 38.700001
0.041260 -0.994385 0.157715 -0.013835 0.019156 0.020220 -19.799999 28.200001 39.000000
0.046631 -0.995117 0.159180 -0.013835 0.021284 0.014899 -19.500000 27.299999 38.700001
0.045654 -1.000488 0.155273 -0.014899 0.023413 0.019156 -20.100000 27.299999 38.700001
0.043945 -0.994629 0.159668 -0.011706 0.021284 0.018092 -21.000000 27.000000 39.000000
0.048828 -0.998535 0.148926 -0.009578 0.024477 0.019156 -20.400000 27.000000 39.000000
0.039795 -1.005859 0.156494 -0.014899 0.023413 0.018092 -20.100000 26.100000 39.900002
0.045654 -0.999268 0.158447 -0.013835 0.021284 0.017028 -19.799999 27.000000 41.400002
0.050293 -1.001465 0.159180 -0.012771 0.022349 0.021284 -20.100000 28.500000 39.299999
0.053467 -1.003174 0.156494 -0.013835 0.023413 0.018092 -18.900000 27.299999 39.299999
0.044922 -0.999512 0.156494 -0.015963 0.025541 0.020220 -20.700001 27.299999 38.099998
0.046387 -0.995361 0.161133 -0.011706 0.022349 0.017028 -18.900000 27.900000 38.700001
0.044678 -1.002686 0.153076 -0.013835 0.024477 0.020220 -18.000000 27.600000 41.400002
0.048828 -0.996582 0.153809 -0.014899 0.022349 0.018092 -19.500000 27.900000 40.500000
0.044922 -1.001709 0.163330 -0.012771 0.025541 0.019156 -19.200001 28.200001 40.200001
0.046875 -0.995361 0.154297 -0.015963 0.025541 0.019156 -19.799999 28.200001 39.599998
0.041260 -0.995117 0.159668 -0.015963 0.023413 0.017028 -19.500000 27.900000 41.099998
0.041260 -0.999023 0.152832 -0.012771 0.022349 0.020220 -19.500000 27.299999 39.900002
0.043945 -0.999268 0.152588 -0.011706 0.023413 0.019156 -19.799999 27.600000 39.599998
0.040283 -1.003174 0.160645 -0.010642 0.025541 0.020220 -20.700001 27.299999 39.900002
0.045898 -0.994629 0.162109 -0.014899 0.023413 0.018092 -21.299999 27.299999 39.299999
0.038574 -1.000000 0.152588 -0.012771 0.023413 0.019156 -20.400000 28.200001 40.200001
0.044434 -1.003174 0.161377 -0.010642 0.026606 0.020220 -19.799999 29.400000 39.599998
0.040283 -0.997070 0.157715 -0.012771 0.023413 0.015963 -20.400000 28.799999 39.599998
0.044434 -0.998047 0.157959 -0.014899 0.021284 0.023413 -18.600000 27.600000 40.200001
0.008301 -1.000000 0.226318 -0.008514 0.014899 0.019156 -20.100000 27.900000 39.299999
-0.046387 -0.979736 0.285889 -0.007450 -0.046826 0.035119 -20.400000 27.600000 40.200001
-0.031982 -1.000977 0.301025 -0.008514 -0.147927 0.041505 -20.400000 28.200001 40.200001
-0.012939 -0.974121 0.285645 -0.009578 -0.170276 0.043633 -20.700001 27.299999 42.299999
-0.021240 -0.983154 0.305664 -0.006385 -0.110679 0.038312 -18.600000 27.600000 43.799999
-0.021484 -0.977783 0.345459 -0.009578 -0.031927 0.029798 -19.200001 27.000000 44.400002
-0.011475 -0.979980 0.311035 -0.015963 0.068110 0.012771 -21.000000 28.799999 43.200001
-0.029297 -0.975098 0.338867 -0.012771 0.191560 0.004257 -17.700001 26.100000 45.299999
-0.005371 -0.976074 0.265137 -0.014899 0.233065 -0.006385 -18.600000 27.000000 46.200001
-0.027588 -0.990479 0.288086 -0.012771 0.285212 -0.011706 -20.100000 27.299999 46.500000
-0.012207 -0.991699 0.245850 -0.026606 0.271377 -0.009578 -20.100000 28.500000 45.900002
-0.001953 -0.988281 0.252441 -0.018092 0.234129 -0.013835 -19.500000 29.700001 47.099998
0.025879 -0.987305 0.220947 -0.036184 0.222423 -0.002128 -20.100000 29.100000 48.299999
0.036377 -0.989014 0.212891 -0.018092 0.228808 -0.003193 -20.400000 28.799999 48.599998
0.044922 -1.003906 0.161621 -0.006385 0.200074 0.001064 -20.400000 30.000000 50.400002
0.046387 -0.993652 0.202148 -0.015963 0.159634 0.004257 -21.299999 31.500000 50.099998
0.021240 -1.029053 0.118408 -0.003193 0.118129 0.002128 -18.900000 31.500000 49.500000
0.057861 -1.003662 0.125000 -0.012771 0.053211 0.020220 -20.100000 33.299999 50.700001
0.130859 -1.021729 0.050537 -0.008514 -0.020220 0.026606 -20.700001 33.900002 51.900002
0.131836 -1.019775 -0.037354 -0.015963 -0.041505 0.023413 -19.200001 36.000000 51.599998
0.151367 -1.017090 -0.053467 -0.002128 -0.031927 0.022349 -18.600000 36.599998 49.799999
0.141357 -1.023926 -0.080566 -0.028734 0.001064 0.018092 -18.299999 36.900002 53.099998
0.143555 -1.031494 -0.074951 -0.005321 -0.013835 0.024477 -17.700001 39.299999 52.500000
0.149170 -1.007568 -0.037842 -0.003193 -0.031927 0.024477 -19.799999 37.200001 51.000000
0.151123 -1.040039 -0.038574 -0.007450 -0.030863 0.024477 -19.500000 38.099998 52.500000
0.149658 -1.011475 -0.004883 -0.012771 -0.014899 0.026606 -18.299999 37.500000 51.299999
0.047852 -0.966309 0.156738 -0.009578 0.025541 0.023413 -18.600000 38.400002 52.200001
0.048340 -0.989502 0.153076 -0.012771 0.022349 0.019156 -18.900000 38.099998 51.299999
0.044678 -1.003174 0.159912 -0.012771 0.024477 0.018092 -20.700001 38.099998 53.700001
0.044434 -0.994873 0.167725 -0.011706 0.022349 0.014899 -19.200001 39.000000 51.599998
0.049561 -0.996826 0.155029 -0.012771 0.023413 0.018092 -17.700001 36.299999 50.700001
0.044678 -0.996826 0.154541 -0.011706 0.024477 0.017028 -19.200001 36.599998 52.799999
0.041504 -1.002686 0.156738 -0.011706 0.026606 0.020220 -19.500000 36.900002 50.099998
0.045898 -0.999268 0.159180 -0.014899 0.025541 0.018092 -18.000000 38.400002 52.799999
0.045654 -0.997559 0.153320 -0.010642 0.022349 0.018092 -18.600000 37.799999 52.799999
0.045654 -1.004150 0.155273 -0.013835 0.021284 0.014899 -18.900000 39.299999 53.099998
0.046631 -1.000000 0.166992 -0.012771 0.025541 0.017028 -20.400000 37.200001 51.599998
0.040527 -1.003418 0.154541 -0.015963 0.022349 0.019156 -18.900000 37.500000 52.500000
0.040771 -1.000488 0.161865 -0.011706 0.022349 0.019156 -17.700001 37.500000 51.299999
0.048584 -1.004395 0.164307 -0.010642 0.023413 0.020220 -18.000000 37.799999 52.200001
0.041748 -1.010742 0.154541 -0.014899 0.025541 0.019156 -18.900000 38.099998 51.299999
0.046631 -0.991943 0.159424 -0.012771 0.021284 0.018092 -17.400000 36.599998 52.799999
0.045166 -1.003174 0.164062 -0.012771 0.025541 0.018092 -18.600000 37.200001 53.400002
0.040771 -1.000244 0.152344 -0.013835 0.024477 0.020220 -18.299999 38.700001 51.299999
0.044189 -0.999512 0.162842 -0.013835 0.024477 0.020220 -20.400000 36.000000 52.200001
0.044922 -0.998291 0.158936 -0.013835 0.024477 0.019156 -17.100000 39.299999 51.299999
0.045654 -1.001709 0.159180 -0.015963 0.023413 0.019156 -16.799999 37.200001 51.599998
0.039551 -1.006836 0.156982 -0.011706 0.022349 0.019156 -17.700001 37.500000 51.900002
0.047363 -0.999268 0.161621 -0.012771 0.024477 0.022349 -18.600000 37.200001 52.200001
0.047119 -0.999756 0.154053 -0.012771 0.021284 0.022349 -19.200001 38.400002 52.799999
0.046143 -0.998535 0.163086 -0.013835 0.025541 0.019156 -19.799999 37.200001 51.599998
0.041504 -0.995605 0.158203 -0.011706 0.025541 0.018092 -17.700001 38.099998 50.700001
0.042969 -0.996338 0.162598 -0.014899 0.023413 0.017028 -17.100000 36.900002 53.099998
0.046875 -0.998779 0.158203 -0.013835 0.024477 0.021284 -16.799999 37.200001 51.599998
0.047119 -0.998535 0.153809 -0.014899 0.021284 0.017028 -18.299999 38.700001 53.099998
0.044189 -0.998291 0.156250 -0.014899 0.021284 0.018092 -18.600000 37.799999 52.799999
0.045898 -1.002197 0.158936 -0.010642 0.021284 0.020220 -19.799999 37.200001 51.000000
0.044922 -0.997314 0.159424 -0.009578 0.024477 0.023413 -19.200001 37.200001 51.000000
0.047607 -0.993652 0.157227 -0.011706 0.022349 0.015963 -18.900000 39.299999 51.299999
0.040283 -0.996338 0.162109 -0.012771 0.023413 0.018092 -17.700001 36.900002 52.500000
0.041016 -1.001221 0.159424 -0.011706 0.022349 0.019156 -18.600000 36.000000 51.000000
0.046631 -0.993408 0.155029 -0.011706 0.026606 0.019156 -18.000000 37.799999 53.400002
0.042969 -1.001221 0.156982 -0.013835 0.003193 0.015963 -18.600000 37.799999 53.400002
0.060791 -0.999268 0.149658 -0.013835 -0.036184 0.024477 -20.100000 38.700001 52.500000
0.044189 -0.993652 0.156250 -0.006385 -0.044697 0.026606 -19.200001 39.000000 53.400002
0.030518 -0.991699 0.159668 -0.010642 -0.062789 0.032991 -18.000000 37.799999 52.200001
0.046387 -0.993408 0.162842 -0.007450 -0.039376 0.026606 -19.799999 37.200001 52.200001
0.043945 -1.000244 0.167969 -0.015963 -0.011706 0.022349 -19.500000 37.500000 52.500000
0.041504 -1.007568 0.170654 -0.012771 0.014899 0.021284 -17.400000 39.599998 52.799999
0.043945 -0.999756 0.152100 -0.013835 0.023413 0.018092 -18.299999 38.700001 52.500000
0.040283 -0.999268 0.150391 -0.012771 0.024477 0.020220 -20.100000 38.099998 52.500000
0.044678 -1.000977 0.149902 -0.009578 0.020220 0.020220 -19.200001 37.200001 52.799999
0.046875 -0.998779 0.159424 -0.011706 0.025541 0.019156 -18.600000 39.599998 52.200001
0.041504 -0.994873 0.161133 -0.015963 0.022349 0.020220 -17.700001 36.900002 51.299999
0.051270 -0.998535 0.166016 -0.013835 0.022349 0.019156 -18.000000 37.200001 52.200001
0.040039 -0.995117 0.166016 -0.015963 0.027670 0.018092 -19.500000 36.900002 52.500000
0.044678 -0.994385 0.162354 -0.014899 0.024477 0.019156 -18.900000 38.099998 53.700001
0.049561 -0.997070 0.162598 -0.011706 0.024477 0.019156 -18.900000 36.900002 54.299999
0.045898 -0.994385 0.152344 -0.011706 -0.003193 0.018092 -17.700001 36.900002 51.900002
0.032715 -1.011475 0.176514 -0.010642 -0.024477 0.024477 -19.500000 38.099998 51.299999
0.055664 -1.002686 0.154785 -0.009578 -0.021284 0.025541 -17.400000 39.000000 51.599998
0.040283 -0.995850 0.160156 -0.010642 -0.007450 0.022349 -18.000000 38.400002 52.200001
0.042725 -0.991455 0.145020 -0.011706 -0.002128 0.019156 -19.799999 36.000000 52.200001
0.055420 -1.001709 0.152588 -0.012771 -0.019156 0.023413 -19.200001 37.799999 53.400002
0.036133 -1.002686 0.168945 -0.011706 -0.014899 0.021284 -20.100000 38.099998 52.500000
0.044678 -1.003906 0.146729 -0.010642 -0.013835 0.024477 -18.600000 38.400002 52.200001
0.055664 -1.004639 0.147705 -0.011706 -0.024477 0.022349 -18.900000 36.299999 51.900002
0.038574 -0.996826 0.162109 -0.011706 -0.021284 0.021284 -18.600000 36.000000 52.799999
0.053955 -0.996826 0.140137 -0.009578 -0.023413 0.024477 -17.100000 38.099998 53.700001
0.044434 -1.010254 0.167480 -0.013835 -0.024477 0.023413 -18.900000 37.500000 51.900002
0.041260 -0.998535 0.145264 -0.007450 -0.026606 0.027670 -18.000000 38.400002 52.200001
0.028076 -1.000488 0.154053 -0.011706 -0.001064 0.023413 -18.000000 36.599998 52.799999
0.036621 -0.994385 0.162598 -0.012771 0.019156 0.020220 -18.600000 38.400002 53.400002
0.047119 -1.001465 0.158203 -0.013835 0.025541 0.020220 -19.200001 36.599998 54.000000
0.048828 -1.003418 0.172363 -0.011706 0.024477 0.019156 -18.299999 38.099998 52.500000
0.045410 -1.000732 0.161133 -0.018092 0.022349 0.018092 -17.700001 37.500000 54.299999
0.041260 -0.992188 0.162109 -0.018092 0.023413 0.022349 -17.400000 37.200001 53.400002
0.043945 -0.997314 0.162354 -0.015963 0.023413 0.020220 -18.900000 38.099998 52.500000
0.045898 -1.000000 0.155273 -0.015963 0.019156 0.020220 -18.000000 37.200001 53.400002
0.045654 -1.000244 0.162598 -0.014899 0.021284 0.018092 -17.400000 38.400002 54.599998
0.045410 -1.001221 0.161133 -0.014899 0.024477 0.019156 -17.700001 38.099998 52.500000
0.044678 -0.999268 0.167236 -0.014899 0.021284 0.018092 -17.400000 38.400002 52.200001
0.044922 -1.001465 0.151855 -0.014899 0.023413 0.015963 -18.600000 38.400002 53.400002
0.043701 -1.002686 0.156250 -0.011706 0.022349 0.018092 -18.299999 37.500000 53.700001
0.047363 -0.999023 0.152100 -0.012771 0.024477 0.020220 -18.900000 37.500000 51.900002
0.042969 -0.995605 0.153564 -0.011706 0.022349 0.020220 -18.900000 36.299999 51.900002
0.044189 -0.995361 0.159180 -0.013835 0.026606 0.020220 -18.299999 38.099998 51.299999
0.049072 -1.000977 0.156738 -0.014899 0.025541 0.017028 -17.700001 38.700001 53.099998
0.041992 -0.996826 0.160645 -0.012771 0.024477 0.019156 -19.200001 37.799999 52.799999
0.048096 -0.995117 0.167969 -0.013835 0.022349 0.017028 -17.700001 36.299999 53.099998
0.044922 -0.994629 0.159180 -0.011706 0.022349 0.019156 -18.299999 37.500000 51.900002
0.135010 -1.038574 0.058350 -0.013835 0.035119 0.022349 -18.600000 37.200001 52.799999
0.067383 -0.998535 0.121826 -0.011706 0.029798 0.013835 -18.600000 38.400002 52.799999
0.135986 -1.033691 0.016113 -0.019156 0.186239 -0.001064 -17.700001 36.900002 53.099998
0.154297 -1.021484 -0.079102 -0.031927 0.240515 -0.009578 -19.200001 36.599998 52.200001
0.116943 -1.024658 -0.066650 -0.023413 0.168147 0.000000 -19.500000 36.900002 51.900002
0.106689 -1.026123 -0.028564 -0.021284 0.029798 0.011706 -21.000000 37.200001 49.799999
0.127441 -1.033691 -0.034424 -0.015963 -0.005321 0.028734 -18.299999 35.099998 51.900002
0.114258 -1.017578 -0.024658 -0.013835 -0.043633 0.029798 -20.100000 32.700001 51.299999
0.120361 -0.998779 0.029053 -0.012771 -0.100037 0.030863 -18.299999 33.900002 50.700001
0.101318 -1.018066 0.033936 -0.011706 -0.205395 0.047890 -20.100000 31.500000 50.700001
0.090088 -1.025879 0.065186 -0.012771 -0.230937 0.044697 -20.100000 30.900000 50.700001
0.089355 -1.008057 0.133789 -0.014899 -0.146863 0.034055 -21.299999 30.900000 50.099998
0.076172 -1.010254 0.127930 -0.015963 -0.096844 0.015963 -18.299999 30.299999 48.900002
0.075684 -1.009766 0.078369 -0.019156 -0.012771 0.023413 -21.000000 28.200001 48.599998
0.032715 -1.002686 0.086182 -0.002128 -0.078753 0.022349 -19.500000 29.100000 48.900002
0.021484 -0.949219 0.126953 -0.014899 -0.108551 0.042569 -19.200001 28.200001 49.200001
0.057129 -0.983887 0.248047 -0.011706 0.084074 0.007450 -18.600000 28.799999 47.400002
0.049805 -1.000244 0.233398 -0.029798 0.258606 -0.004257 -19.799999 28.799999 44.400002
0.042236 -1.000488 0.060791 -0.023413 0.131964 0.001064 -20.100000 27.299999 43.500000
-0.033936 -0.988281 0.186279 -0.021284 -0.070239 0.005321 -18.600000 27.000000 42.000000
-0.050537 -0.973877 0.281250 -0.002128 -0.135156 0.044697 -19.799999 28.799999 40.200001
-0.090088 -0.960205 0.390137 -0.007450 -0.189432 0.055340 -18.900000 27.900000 36.299999
-0.079346 -0.952881 0.510010 -0.006385 -0.130900 0.036184 -19.500000 27.299999 35.700001
-0.067383 -0.958252 0.452148 -0.011706 -0.031927 0.026606 -22.500000 30.299999 32.700001
-0.078857 -0.974609 0.480225 -0.008514 0.013835 0.020220 -20.700001 30.900000 32.700001
-0.081299 -0.979004 0.467041 -0.020220 0.023413 0.019156 -21.000000 30.600000 32.400002
0.038818 -0.997070 0.158936 -0.015963 0.022349 0.014899 -20.700001 31.500000 31.500000
0.053223 -1.002441 0.146729 -0.013835 0.022349 0.017028 -21.000000 30.600000 31.799999
0.051270 -0.994873 0.147705 -0.012771 0.022349 0.017028 -21.000000 33.000000 33.000000
0.041992 -0.995605 0.159424 -0.013835 0.025541 0.020220 -20.700001 30.900000 32.700001
0.030029 -0.994141 0.162354 -0.012771 0.026606 0.020220 -22.500000 32.099998 31.500000
0.036377 -0.995850 0.158691 -0.013835 0.025541 0.017028 -21.000000 34.200001 31.799999
0.054443 -0.992676 0.176514 -0.014899 0.071303 0.011706 -18.900000 30.900000 31.500000
0.038086 -0.994629 0.147217 -0.013835 0.075560 0.012771 -20.100000 32.700001 32.099998
0.042725 -1.001953 0.149170 -0.013835 0.035119 0.019156 -20.700001 30.900000 32.099998
0.042480 -0.996338 0.153076 -0.015963 0.024477 0.023413 -21.000000 33.000000 32.400002
0.051514 -1.000000 0.154297 -0.017028 0.022349 0.017028 -20.700001 32.099998 30.900000
0.047607 -0.999756 0.152832 -0.013835 0.020220 0.017028 -22.200001 30.000000 32.400002
0.042236 -0.997070 0.165283 -0.013835 0.024477 0.021284 -21.299999 30.900000 32.099998
0.048584 -1.007324 0.155518 -0.011706 0.026606 0.015963 -21.600000 31.200001 30.600000
0.045898 -1.006836 0.144775 -0.010642 0.025541 0.020220 -20.700001 32.099998 31.500000
0.036865 -0.995361 0.152100 -0.014899 0.024477 0.017028 -21.600000 34.200001 31.200001
0.045410 -1.002930 0.161377 -0.014899 0.026606 0.019156 -22.200001 31.799999 34.200001
0.051025 -0.975342 0.199463 -0.017028 0.113872 0.012771 -20.400000 32.400002 32.400002
0.053955 -0.989990 0.141602 -0.012771 0.087266 0.008514 -20.100000 30.900000 30.900000
0.039551 -1.007324 0.114014 -0.015963 0.037248 0.015963 -20.100000 32.700001 32.700001
0.047363 -0.993164 0.160156 -0.014899 0.028734 0.020220 -22.799999 31.200001 31.799999
0.047363 -1.002441 0.165283 -0.014899 0.034055 0.018092 -20.100000 32.099998 31.500000
0.046143 -1.008545 0.153564 -0.011706 0.029798 0.018092 -18.600000 31.799999 31.200001
0.048584 -1.002441 0.152344 -0.012771 0.020220 0.019156 -21.900000 32.700001 30.900000
0.041992 -1.000244 0.151367 -0.014899 0.026606 0.020220 -21.900000 31.500000 31.500000
0.040527 -0.998291 0.151123 -0.012771 0.024477 0.019156 -21.600000 31.200001 31.200001
0.043457 -0.998535 0.148682 -0.012771 0.021284 0.018092 -22.500000 33.299999 31.500000
0.042725 -1.000488 0.153076 -0.014899 0.022349 0.020220 -20.100000 31.500000 32.099998
0.042236 -0.997314 0.161621 -0.009578 0.024477 0.020220 -19.799999 32.400002 30.000000
0.040039 -0.999268 0.153809 -0.013835 0.021284 0.021284 -21.299999 32.700001 32.099998
0.047607 -1.002441 0.147949 -0.014899 0.024477 0.018092 -22.200001 31.799999 31.799999
0.040039 -1.006104 0.119873 -0.012771 0.023413 0.022349 -20.700001 30.900000 34.500000
0.055908 -0.991211 0.161621 -0.013835 0.021284 0.017028 -20.700001 30.299999 31.500000
0.049805 -1.000244 0.156250 -0.012771 0.022349 0.019156 -21.600000 31.200001 31.799999
0.044922 -0.998047 0.158936 -0.013835 0.022349 0.020220 -21.600000 31.799999 31.799999
0.044678 -0.999512 0.149902 -0.011706 0.022349 0.018092 -20.400000 31.799999 31.799999
0.048096 -0.997559 0.153809 -0.015963 0.023413 0.019156 -21.900000 30.900000 31.500000
0.044678 -0.999756 0.151855 -0.017028 0.021284 0.015963 -20.400000 33.000000 31.200001
0.046387 -0.996338 0.153320 -0.015963 0.025541 0.020220 -21.299999 30.299999 33.299999
0.040039 -0.994141 0.154541 -0.015963 0.024477 0.019156 -21.299999 31.500000 31.500000
0.047363 -0.994873 0.160156 -0.011706 0.021284 0.020220 -21.000000 31.799999 31.799999
0.041992 -1.003418 0.166016 -0.012771 0.023413 0.017028 -21.600000 30.600000 31.200001
0.050537 -1.000732 0.156494 -0.015963 0.024477 0.019156 -20.400000 32.400002 31.200001
0.048828 -1.001709 0.156738 -0.015963 0.025541 0.020220 -20.400000 32.400002 32.400002
0.047607 -1.003174 0.157227 -0.013835 0.023413 0.021284 -22.799999 32.400002 31.200001
0.046143 -0.999023 0.156982 -0.014899 0.024477 0.018092 -21.299999 30.299999 31.500000
0.045898 -1.004395 0.171143 -0.012771 0.023413 0.020220 -21.299999 30.299999 30.900000
0.047119 -0.995117 0.149414 -0.014899 0.020220 0.019156 -20.100000 32.099998 31.500000
0.051025 -1.000977 0.154785 -0.013835 0.023413 0.021284 -20.700001 31.500000 31.500000
0.043701 -0.997559 0.159912 -0.013835 0.024477 0.020220 -22.200001 30.600000 31.799999
0.046387 -0.998047 0.157227 -0.011706 0.023413 0.020220 -20.400000 31.799999 33.000000
0.042480 -0.999268 0.149658 -0.013835 0.023413 0.018092 -20.400000 30.600000 32.400002
0.044189 -0.996338 0.156982 -0.011706 0.022349 0.017028 -21.299999 32.099998 32.099998
0.044434 -0.996338 0.151611 -0.012771 0.025541 0.019156 -19.799999 31.799999 30.600000
0.045166 -0.994873 0.160156 -0.014899 0.023413 0.015963 -21.299999 30.900000 32.099998
0.041992 -0.995117 0.154297 -0.011706 0.025541 0.017028 -21.299999 30.900000 31.500000
0.045410 -1.000732 0.161133 -0.010642 0.023413 0.019156 -19.500000 31.500000 32.099998
0.044922 -0.990479 0.161621 -0.012771 0.026606 0.018092 -19.799999 31.799999 30.600000
0.046875 -0.999512 0.162354 -0.013835 0.025541 0.019156 -21.299999 30.299999 32.099998
0.049072 -0.995850 0.149414 -0.012771 0.024477 0.018092 -21.600000 30.600000 30.600000
0.045898 -1.003418 0.155518 -0.013835 0.023413 0.019156 -21.600000 33.000000 32.400002
0.050049 -0.999512 0.147705 -0.011706 0.025541 0.020220 -20.100000 31.500000 30.900000
0.049316 -0.998291 0.162598 -0.012771 0.023413 0.017028 -21.600000 30.000000 31.799999
0.042969 -0.996338 0.157227 -0.011706 0.023413 0.018092 -18.900000 30.900000 31.500000
0.050537 -0.997314 0.159180 -0.013835 0.022349 0.019156 -20.700001 31.500000 30.900000
0.045898 -1.003174 0.166260 -0.010642 0.023413 0.017028 -21.900000 30.299999 33.299999
0.040527 -0.998047 0.158447 -0.014899 0.022349 0.020220 -20.100000 32.700001 32.700001
0.042725 -1.001221 0.149170 -0.011706 0.024477 0.020220 -20.400000 31.200001 30.600000
0.043457 -0.992676 0.152832 -0.012771 0.023413 0.015963 -20.400000 31.799999 30.600000
0.039307 -1.000732 0.151367 -0.013835 0.022349 0.019156 -21.299999 32.099998 32.099998
0.044922 -1.000000 0.153564 -0.013835 0.024477 0.019156 -19.500000 31.500000 32.099998
0.044922 -1.006104 0.158691 -0.012771 0.025541 0.021284 -20.700001 32.099998 33.900002
0.044678 -0.998779 0.151123 -0.013835 0.024477 0.018092 -21.000000 30.600000 31.799999
0.042725 -1.004395 0.157227 -0.012771 0.028734 0.019156 -21.299999 32.099998 32.700001
0.040527 -1.001953 0.153076 -0.012771 0.022349 0.017028 -20.700001 31.500000 31.500000
0.043213 -1.001465 0.158691 -0.012771 0.023413 0.018092 -20.400000 31.200001 31.799999
0.043457 -0.996582 0.164795 -0.014899 0.022349 0.021284 -21.000000 31.200001 32.400002
0.050293 -0.999023 0.156006 -0.012771 0.024477 0.017028 -21.000000 31.799999 32.400002
0.051270 -0.999268 0.157715 -0.011706 0.023413 0.018092 -20.100000 32.099998 30.900000
0.047363 -0.998291 0.157959 -0.014899 0.022349 0.019156 -21.600000 31.799999 33.000000
0.045166 -0.999512 0.152832 -0.013835 0.026606 0.019156 -21.600000 30.000000 32.400002
0.048584 -0.994141 0.161133 -0.013835 0.022349 0.019156 -20.400000 31.799999 32.400002
0.045898 -1.000488 0.163574 -0.013835 0.024477 0.017028 -21.600000 31.200001 31.799999
0.046631 -1.001465 0.164551 -0.011706 0.022349 0.020220 -21.000000 30.600000 31.200001
0.041016 -0.997803 0.157227 -0.012771 0.023413 0.015963 -21.900000 30.900000 32.099998
0.045654 -0.997314 0.149658 -0.014899 0.025541 0.020220 -20.700001 30.900000 32.099998
0.045410 -1.004395 0.155273 -0.009578 0.022349 0.020220 -20.100000 32.700001 31.500000
0.043945 -0.995117 0.154541 -0.012771 0.023413 0.020220 -21.600000 32.400002 32.400002
0.042480 -0.991699 0.155029 -0.014899 0.021284 0.020220 -19.200001 29.400000 31.799999
0.043457 -1.009033 0.159912 -0.015963 0.025541 0.020220 -22.500000 32.099998 32.099998
0.040039 -0.996582 0.157471 -0.012771 0.023413 0.014899 -21.299999 31.500000 32.700001
0.045654 -1.003174 0.155029 -0.011706 0.024477 0.019156 -21.600000 31.799999 33.000000
0.042969 -0.999512 0.163086 -0.011706 0.022349 0.021284 -20.100000 30.299999 32.099998
0.045898 -0.999756 0.155029 -0.013835 0.023413 0.022349 -20.100000 33.900002 32.700001
0.046631 -0.994873 0.151855 -0.012771 0.022349 0.019156 -21.299999 30.900000 30.900000
0.046387 -0.995850 0.154541 -0.011706 0.026606 0.019156 -20.100000 32.099998 33.299999
0.051758 -0.999023 0.163574 -0.014899 0.022349 0.018092 -20.400000 31.799999 31.200001
0.047119 -0.996338 0.158447 -0.015963 0.024477 0.020220 -21.000000 32.400002 31.200001
0.044678 -1.001709 0.156250 -0.014899 0.024477 0.018092 -21.000000 31.799999 31.799999
