0.000000 0.000000 3593045595056749648357097472.000000 0.000000 0.000000 0.000000 0.000000 131840.312500 32663470080.000000
-0.028076 0.007324 -0.970215 -0.012771 0.025541 0.017028 -6.300000 -27.900000 72.900002
-0.028320 0.004883 -0.972168 -0.013835 0.024477 0.019156 -5.100000 -28.500000 72.900002
-0.026611 0.004883 -0.965820 -0.013835 0.023413 0.019156 -6.000000 -28.799999 72.000000
-0.028564 0.005127 -0.978027 -0.011706 0.022349 0.017028 -5.100000 -27.299999 72.300003
-0.026367 0.007568 -0.975586 -0.014899 0.023413 0.021284 -5.400000 -27.600000 73.800003
-0.024414 0.002686 -0.968018 -0.013835 0.021284 0.018092 -6.000000 -27.000000 72.000000
-0.026855 0.005127 -0.972412 -0.015963 0.024477 0.018092 -5.700000 -29.100000 72.300003
-0.030029 0.004639 -0.983154 -0.013835 0.022349 0.021284 -7.800000 -28.200001 73.800003
-0.029541 0.005615 -0.977295 -0.013835 0.022349 0.018092 -7.200000 -30.000000 72.599998
-0.034668 -0.000732 -0.979492 -0.011706 0.023413 0.019156 -6.600000 -28.799999 72.599998
-0.028809 0.000488 -0.970459 -0.012771 0.024477 0.020220 -6.900000 -27.900000 72.300003
-0.027344 -0.002441 -0.976318 -0.012771 0.023413 0.020220 -6.300000 -27.299999 72.300003
-0.026367 0.005127 -0.970215 -0.014899 0.024477 0.021284 -5.400000 -28.200001 71.400002
-0.029297 0.001465 -0.971436 -0.013835 0.025541 0.018092 -4.200000 -28.200001 71.400002
-0.022705 0.005615 -0.970459 -0.011706 0.022349 0.015963 -6.000000 -27.600000 72.000000
-0.026855 0.006104 -0.981445 -0.011706 0.023413 0.015963 -5.700000 -27.900000 72.300003
-0.025146 0.000000 -0.977783 -0.011706 0.024477 0.019156 -4.800000 -28.799999 72.000000
-0.030029 0.010010 -0.978516 -0.012771 0.023413 0.015963 -8.700000 -27.900000 72.300003
-0.031494 0.013672 -0.970215 -0.012771 0.023413 0.019156 -6.600000 -29.400000 72.599998
-0.030029 -0.001953 -0.972900 -0.010642 0.021284 0.018092 -6.600000 -28.799999 73.199997
-0.031982 0.007324 -0.975830 -0.013835 0.025541 0.017028 -6.000000 -28.799999 72.599998
-0.027100 0.007812 -0.977783 -0.013835 0.022349 0.018092 -6.300000 -27.299999 74.699997
-0.026123 0.001709 -0.963623 -0.011706 0.022349 0.018092 -6.300000 -29.100000 73.500000
-0.033447 -0.000244 -0.975342 -0.011706 0.024477 0.017028 -6.600000 -28.200001 73.800003
-0.029053 0.006836 -0.981689 -0.012771 0.023413 0.017028 -6.000000 -27.600000 74.400002
-0.026611 0.001709 -0.973389 -0.013835 0.021284 0.017028 -5.100000 -26.700001 73.500000
-0.029053 0.005127 -0.974854 -0.012771 0.023413 0.020220 -7.200000 -28.200001 74.400002
-0.029785 0.007812 -0.969238 -0.013835 0.023413 0.015963 -6.600000 -28.200001 72.599998
-0.021484 0.001953 -0.973633 -0.013835 0.024477 0.019156 -6.900000 -26.700001 72.300003
-0.024414 0.004150 -0.980713 -0.014899 0.024477 0.018092 -5.400000 -30.000000 72.599998
-0.026367 0.003418 -0.972168 -0.012771 0.027670 0.019156 -5.400000 -28.200001 72.599998
-0.028320 0.007080 -0.974365 -0.013835 0.023413 0.019156 -5.100000 -30.299999 72.300003
-0.029785 0.004150 -0.974121 -0.010642 0.022349 0.018092 -7.500000 -27.299999 74.099998
-0.022705 0.008789 -0.974121 -0.011706 0.023413 0.018092 -4.800000 -27.600000 75.599998
-0.029297 0.004150 -0.969727 -0.012771 0.022349 0.017028 -5.400000 -27.000000 72.599998
-0.027344 0.005615 -0.980225 -0.014899 0.021284 0.018092 -6.300000 -27.299999 73.500000
-0.032715 0.008057 -0.980713 -0.013835 0.022349 0.015963 -6.300000 -29.100000 73.500000
-0.027832 -0.000977 -0.980225 -0.013835 0.022349 0.019156 -6.300000 -29.100000 71.699997
-0.028320 0.006592 -0.983154 -0.013835 0.023413 0.018092 -6.300000 -27.900000 72.300003
-0.026855 0.004883 -0.970703 -0.009578 0.026606 0.018092 -5.700000 -28.500000 71.699997
-0.022217 0.003662 -0.972168 -0.014899 0.022349 0.020220 -5.700000 -29.100000 72.300003
-0.027100 0.001465 -0.973633 -0.014899 0.023413 0.018092 -6.000000 -28.799999 73.800003
-0.034912 0.004150 -0.977539 -0.010642 0.023413 0.017028 -4.800000 -27.600000 73.800003
-0.029785 0.006592 -0.979736 -0.014899 0.023413 0.018092 -5.400000 -28.200001 73.199997
-0.020020 0.006592 -0.973389 -0.013835 0.022349 0.017028 -6.600000 -25.799999 73.800003
-0.028564 0.005371 -0.975830 -0.013835 0.022349 0.015963 -6.000000 -28.200001 73.199997
-0.031982 0.008789 -0.983643 -0.013835 0.025541 0.018092 -6.600000 -27.600000 71.400002
-0.029785 0.000488 -0.976562 -0.015963 0.023413 0.018092 -7.500000 -28.500000 72.300003
-0.032471 0.007812 -0.979492 -0.011706 0.024477 0.019156 -6.900000 -29.700001 74.099998
-0.023193 0.005127 -0.982910 -0.013835 0.021284 0.015963 -6.600000 -28.200001 73.199997
-0.030762 -0.000244 -0.984619 -0.013835 0.023413 0.018092 -6.600000 -27.000000 72.000000
-0.030273 0.010498 -0.977295 -0.011706 0.022349 0.017028 -7.200000 -28.799999 70.800003
-0.025391 0.002686 -0.974609 -0.015963 0.022349 0.020220 -5.700000 -27.299999 72.900002
-0.030273 0.005371 -0.974365 -0.015963 0.025541 0.015963 -7.200000 -29.400000 73.800003
-0.027832 0.006836 -0.975586 -0.040441 0.024477 0.000000 -7.500000 -27.900000 71.699997
0.007080 0.008789 -1.044189 0.035119 -0.006385 0.004257 -6.300000 -27.900000 73.500000
-0.159424 -0.035889 -0.912842 -0.035119 0.151120 -0.005321 -5.700000 -27.299999 72.900002
-0.116211 0.112061 -1.031494 -0.007450 -0.013835 0.007450 -7.200000 -29.400000 73.800003
0.014404 -0.098145 -0.851318 -0.013835 0.000000 0.014899 -5.400000 -28.799999 75.000000
-0.035889 0.077881 -0.959229 0.019156 0.026606 0.021284 -4.800000 -27.600000 73.199997
0.009277 -0.039062 -1.032715 -0.068110 -0.041505 0.031927 -5.100000 -27.900000 72.900002
-0.022705 0.000977 -1.067139 -0.019156 0.044697 0.013835 -5.400000 -29.400000 72.000000
-0.079346 0.040771 -0.888672 0.024477 0.006385 0.015963 -5.700000 -29.100000 71.699997
-0.007568 0.047852 -1.020264 0.012771 0.014899 0.022349 -4.800000 -27.600000 75.000000
-0.038330 -0.010742 -0.939453 -0.025541 0.050019 0.014899 -5.400000 -28.799999 72.599998
-0.028320 -0.023438 -0.958252 -0.026606 -0.006385 0.022349 -6.300000 -27.900000 72.300003
-0.009521 -0.005371 -1.015625 -0.032991 0.037248 0.012771 -6.000000 -28.799999 72.599998
-0.039307 0.004639 -0.947266 -0.012771 0.012771 0.019156 -5.400000 -27.000000 73.800003
-0.016357 0.018311 -1.000000 -0.002128 0.014899 0.022349 -5.700000 -28.500000 72.300003
-0.036133 0.011475 -0.948730 -0.005321 0.036184 0.014899 -4.500000 -29.700001 72.300003
-0.019775 0.008301 -0.986572 -0.005321 0.014899 0.020220 -5.700000 -29.100000 73.500000
-0.029785 -0.002197 -0.971191 -0.014899 0.032991 0.015963 -6.000000 -28.200001 72.599998
-0.033447 -0.004883 -0.976074 -0.012771 0.014899 0.020220 -6.600000 -28.200001 73.199997
-0.014404 0.000488 -0.994873 -0.018092 0.029798 0.017028 -5.100000 -29.100000 72.900002
-0.029053 0.001221 -0.963379 -0.012771 0.021284 0.018092 -5.400000 -27.600000 74.400002
-0.022461 0.005615 -0.987305 -0.012771 0.019156 0.019156 -6.000000 -28.799999 73.199997
-0.033936 0.002930 -0.968018 -0.012771 0.029798 0.014899 -6.600000 -28.200001 73.199997
-0.031006 -0.000244 -0.964111 -0.010642 0.020220 0.023413 -7.500000 -29.100000 72.900002
-0.026611 0.008545 -0.985596 -0.012771 0.023413 0.020220 -5.400000 -28.200001 73.800003
-0.030029 0.005127 -0.968018 -0.014899 0.028734 0.021284 -6.300000 -30.299999 72.300003
-0.026855 0.005859 -0.973389 -0.011706 0.020220 0.017028 -6.000000 -29.400000 72.599998
-0.033691 0.003174 -0.963867 -0.013835 0.026606 0.018092 -6.300000 -27.299999 74.099998
-0.029541 0.000488 -0.966797 -0.011706 0.022349 0.020220 -5.700000 -27.900000 73.500000
-0.024170 0.005371 -0.982178 -0.013835 0.024477 0.019156 -6.000000 -27.000000 72.599998
-0.029785 0.008789 -0.957031 -0.011706 0.026606 0.015963 -4.200000 -28.200001 71.400002
-0.029785 0.006836 -0.972900 -0.013835 0.020220 0.020220 -7.800000 -29.400000 73.199997
-0.023193 0.004150 -0.985840 -0.013835 0.023413 0.019156 -6.000000 -27.600000 71.400002
-0.027832 0.004150 -0.968506 -0.013835 0.025541 0.018092 -6.300000 -29.100000 72.300003
-0.023682 0.003906 -0.981689 -0.010642 0.021284 0.017028 -6.600000 -28.799999 72.599998
-0.034668 -0.001221 -0.972168 -0.013835 0.024477 0.017028 -5.400000 -27.600000 72.599998
-0.024902 0.005615 -0.970459 -0.012771 0.024477 0.018092 -6.900000 -27.900000 72.300003
-0.026367 0.008301 -0.971191 -0.015963 0.021284 0.018092 -5.100000 -29.100000 72.900002
-0.030273 0.006592 -0.976562 -0.014899 0.022349 0.019156 -7.200000 -29.400000 72.000000
-0.030273 0.002441 -0.971191 -0.014899 0.022349 0.019156 -6.000000 -27.600000 75.000000
-0.028809 0.004395 -0.973145 -0.013835 0.021284 0.018092 -5.700000 -28.500000 71.699997
-0.026855 0.002441 -0.963867 -0.012771 0.025541 0.018092 -6.900000 -27.900000 73.500000
-0.026367 0.008789 -0.973389 -0.010642 0.023413 0.019156 -6.900000 -27.900000 74.699997
-0.023926 0.003906 -0.982178 -0.010642 0.022349 0.021284 -4.800000 -28.200001 73.199997
-0.029785 0.007080 -0.978027 -0.009578 0.024477 0.019156 -6.600000 -27.000000 72.000000
-0.029541 0.002441 -0.972168 -0.014899 0.023413 0.018092 -6.000000 -28.200001 74.400002
-0.028076 0.002197 -0.976562 -0.012771 0.021284 0.017028 -6.600000 -28.200001 73.800003
-0.027832 0.003174 -0.975098 -0.013835 0.022349 0.018092 -6.600000 -28.799999 73.199997
-0.027100 0.009033 -0.975342 -0.012771 0.023413 0.019156 -6.900000 -26.700001 72.300003
-0.031006 0.004883 -0.974365 -0.010642 0.024477 0.019156 -6.300000 -27.299999 74.699997
-0.021240 0.001465 -0.986816 -0.013835 0.021284 0.017028 -6.300000 -28.500000 72.900002
-0.031738 0.000977 -0.974121 -0.009578 0.022349 0.017028 -6.600000 -28.799999 72.599998
-0.028320 0.004639 -0.977783 -0.014899 0.021284 0.020220 -6.900000 -28.500000 72.300003
-0.030029 0.001465 -0.987793 -0.013835 0.022349 0.018092 -7.500000 -29.100000 75.300003
-0.025391 0.004150 -0.989990 -0.013835 0.025541 0.017028 -6.600000 -27.600000 71.400002
-0.029297 0.002930 -0.968994 -0.012771 0.023413 0.018092 -7.200000 -28.200001 73.800003
-0.022217 0.003418 -0.976807 -0.013835 0.022349 0.019156 -5.100000 -29.100000 72.900002
-0.031738 0.007080 -0.977539 -0.010642 0.022349 0.018092 -6.300000 -29.100000 74.099998
-0.027588 0.010742 -0.973389 -0.013835 0.024477 0.018092 -6.900000 -27.900000 72.900002
-0.027100 0.001221 -0.963135 -0.013835 0.025541 0.019156 -8.400000 -28.200001 73.800003
-0.029053 0.006592 -0.970703 -0.012771 0.022349 0.022349 -5.700000 -29.700001 72.300003
-0.077881 0.080322 -0.963623 -0.083009 0.118129 -0.185175 -8.700000 -28.500000 72.900002
-0.018799 0.084473 -0.871826 0.068110 0.003193 -0.362900 -4.500000 -28.500000 71.699997
-0.102295 -0.148438 -0.891113 0.011706 0.029798 -0.102166 -5.700000 -28.500000 74.699997
-0.011475 0.083252 -1.003662 0.007450 0.017028 0.041505 -4.200000 -27.600000 72.000000
-0.042480 0.046387 -0.939941 -0.009578 0.046826 0.021284 -4.200000 -28.200001 72.599998
-0.034424 0.016357 -0.989746 0.002128 0.007450 0.007450 -6.600000 -28.799999 73.800003
-0.020264 -0.014160 -0.990479 -0.013835 0.037248 0.013835 -5.100000 -27.900000 72.900002
-0.043213 0.003662 -0.937500 -0.020220 0.027670 0.025541 -6.000000 -28.200001 73.199997
-0.016357 0.014648 -0.998291 -0.013835 0.007450 0.015963 -6.000000 -27.600000 72.599998
-0.024414 -0.018066 -0.974854 -0.025541 0.029798 0.013835 -5.100000 -29.100000 73.500000
-0.033936 -0.004883 -0.962646 -0.014899 0.026606 0.023413 -4.800000 -28.799999 73.199997
-0.016113 0.019043 -0.992188 -0.008514 0.014899 0.018092 -5.700000 -27.900000 71.699997
-0.027588 0.008545 -0.978516 -0.019156 0.031927 0.015963 -4.200000 -29.400000 73.199997
-0.026123 -0.003418 -0.976074 -0.009578 0.018092 0.018092 -5.700000 -27.299999 72.300003
-0.017578 0.006592 -0.972168 -0.015963 0.027670 0.018092 -4.800000 -28.200001 72.599998
-0.032227 0.010254 -0.961426 -0.012771 0.024477 0.020220 -5.700000 -28.500000 71.699997
-0.020508 0.008789 -0.975830 -0.007450 0.021284 0.014899 -6.300000 -28.500000 72.300003
-0.027100 -0.000488 -0.975586 -0.013835 0.026606 0.017028 -6.300000 -29.100000 72.300003
-0.030762 0.006348 -0.968018 -0.013835 0.023413 0.018092 -5.100000 -29.100000 71.699997
-0.027832 0.005615 -0.976562 -0.011706 0.028734 0.019156 -5.400000 -28.200001 72.000000
-0.027832 0.005615 -0.970215 -0.015963 0.021284 0.018092 -4.800000 -29.400000 74.400002
-0.022461 0.003174 -0.971191 -0.012771 0.022349 0.019156 -7.200000 -28.200001 72.599998
-0.027832 0.007080 -0.975830 -0.012771 0.021284 0.017028 -4.800000 -28.799999 73.199997
-0.021973 0.004150 -0.978760 -0.010642 0.026606 0.019156 -6.000000 -27.000000 72.599998
-0.033203 -0.003418 -0.972656 -0.013835 0.023413 0.017028 -4.200000 -28.799999 72.000000
-0.029053 0.011963 -0.975098 -0.012771 0.024477 0.017028 -5.700000 -28.500000 72.300003
-0.029785 0.002441 -0.967529 -0.013835 0.024477 0.019156 -5.700000 -29.100000 72.300003
-0.030273 0.007080 -0.977295 -0.012771 0.020220 0.019156 -4.500000 -28.500000 74.099998
-0.031250 0.003418 -0.972656 -0.014899 0.022349 0.021284 -6.000000 -28.799999 74.400002
-0.024414 0.004639 -0.976318 -0.013835 0.023413 0.019156 -4.500000 -28.500000 74.099998
-0.029785 0.004639 -0.962891 -0.013835 0.023413 0.018092 -5.100000 -27.900000 72.900002
-0.028320 0.004883 -0.968506 -0.011706 0.022349 0.017028 -5.100000 -28.500000 73.500000
-0.029297 0.004639 -0.980225 -0.011706 0.024477 0.020220 -4.800000 -28.200001 72.599998
-0.031738 0.001465 -0.977539 -0.014899 0.022349 0.019156 -5.700000 -28.500000 72.900002
-0.031250 0.003418 -0.975098 -0.014899 0.024477 0.014899 -5.700000 -28.500000 74.099998
-0.029053 -0.001221 -0.977051 -0.013835 0.022349 0.017028 -5.400000 -28.200001 72.000000
-0.027588 -0.003418 -0.976562 -0.014899 0.023413 0.019156 -6.300000 -28.500000 74.099998
-0.025879 0.007324 -0.981934 -0.014899 0.023413 0.019156 -4.200000 -29.400000 73.199997
-0.026611 0.002686 -0.981201 -0.012771 0.020220 0.020220 -5.700000 -28.500000 71.699997
-0.029541 0.006592 -0.984619 -0.011706 0.023413 0.020220 -5.100000 -26.700001 72.900002
-0.024170 0.002441 -0.981689 -0.010642 0.023413 0.017028 -4.500000 -27.900000 74.099998
-0.032959 0.001221 -0.975586 -0.014899 0.023413 0.018092 -4.200000 -26.400000 73.800003
-0.031494 0.002441 -0.971680 -0.014899 0.024477 0.015963 -5.400000 -28.799999 74.400002
-0.029785 0.001953 -0.973877 -0.014899 0.023413 0.017028 -6.300000 -26.700001 72.300003
-0.034424 0.001953 -0.976074 -0.012771 0.024477 0.017028 -7.200000 -29.400000 72.000000
-0.025146 0.008057 -0.973633 -0.012771 0.023413 0.014899 -4.500000 -28.500000 74.099998
-0.028076 0.003174 -0.976318 -0.012771 0.022349 0.019156 -5.700000 -27.900000 72.900002
-0.025635 0.006836 -0.973877 -0.014899 0.024477 0.017028 -4.800000 -28.799999 72.599998
-0.025635 0.009766 -0.973145 -0.013835 0.025541 0.019156 -6.300000 -27.299999 72.900002
-0.029053 0.005859 -0.974609 -0.013835 0.022349 0.017028 -5.100000 -29.100000 73.500000
-0.021973 0.008545 -0.979004 -0.015963 0.023413 0.019156 -5.100000 -30.299999 73.500000
-0.029297 0.000732 -0.973145 -0.012771 0.022349 0.020220 -4.800000 -28.200001 73.199997
-0.028564 0.013916 -0.967773 -0.010642 0.023413 0.017028 -5.400000 -27.000000 72.599998
-0.029297 0.003662 -0.977051 -0.014899 0.023413 0.015963 -4.500000 -26.700001 72.900002
-0.025879 0.010986 -0.980469 -0.012771 0.025541 0.015963 -4.800000 -30.600000 72.000000
-0.025635 0.005859 -0.979492 -0.012771 0.024477 0.017028 -4.200000 -28.200001 72.000000
-0.018066 0.005371 -0.985107 -0.014899 0.023413 0.019156 -4.500000 -27.900000 72.300003
-0.028809 -0.000244 -0.971680 -0.014899 0.025541 0.019156 -6.300000 -27.900000 71.699997
-0.023682 0.004150 -0.974609 -0.014899 0.021284 0.019156 -6.000000 -27.000000 72.599998
-0.030762 0.004395 -0.981445 -0.013835 0.024477 0.017028 -6.300000 -29.700001 71.099998
-0.028564 0.005371 -0.973877 -0.012771 0.023413 0.018092 -4.800000 -28.799999 73.800003
-0.024658 0.004395 -0.979492 -0.012771 0.023413 0.019156 -4.800000 -28.200001 72.599998
-0.027588 0.006348 -0.971924 -0.013835 0.023413 0.019156 -6.300000 -29.100000 72.300003
-0.025635 0.003662 -0.970459 -0.012771 0.024477 0.019156 -4.200000 -28.799999 73.199997
-0.025879 0.002441 -0.983643 -0.013835 0.025541 0.021284 -5.400000 -28.799999 72.599998
-0.030029 0.007812 -0.969971 -0.015963 0.025541 0.017028 -6.000000 -27.000000 73.199997
-0.025635 0.006836 -0.984375 -0.010642 0.023413 0.018092 -6.000000 -28.200001 73.800003
-0.033447 0.000977 -0.977295 -0.012771 0.024477 0.019156 -6.300000 -29.700001 72.300003
-0.029785 0.001465 -0.972168 -0.012771 0.022349 0.021284 -5.400000 -29.400000 73.199997
-0.030518 0.006348 -0.974854 -0.013835 0.023413 0.019156 -6.300000 -29.100000 72.300003
-0.025635 0.009277 -0.971680 -0.012771 0.024477 0.015963 -4.800000 -31.200001 72.000000
-0.020508 0.000732 -0.975342 -0.013835 0.024477 0.019156 -5.400000 -28.799999 72.599998
-0.028809 -0.002197 -0.975586 -0.010642 0.021284 0.017028 -6.300000 -30.299999 72.900002
-0.024658 0.005615 -0.980957 -0.013835 0.023413 0.018092 -4.500000 -28.500000 72.300003
-0.022949 0.001221 -0.987305 -0.014899 0.024477 0.020220 -5.400000 -29.400000 72.599998
-0.020996 -0.001465 -0.971191 -0.012771 0.024477 0.019156 -6.300000 -27.900000 72.300003
-0.028076 0.000732 -0.962158 -0.013835 0.021284 0.019156 -5.700000 -26.100000 72.300003
-0.021973 0.009766 -0.979980 -0.012771 0.024477 0.015963 -5.100000 -28.500000 72.300003
-0.024902 0.005127 -0.981934 -0.010642 0.023413 0.017028 -4.500000 -29.100000 73.500000
-0.032227 0.002441 -0.975830 -0.012771 0.023413 0.017028 -4.800000 -28.200001 74.400002
-0.025635 0.003662 -0.972900 -0.014899 0.020220 0.017028 -5.700000 -27.900000 72.900002
-0.032227 0.000732 -0.972656 -0.014899 0.022349 0.020220 -5.100000 -29.100000 72.300003
-0.026367 0.008057 -0.978027 -0.013835 0.025541 0.017028 -5.100000 -27.900000 72.900002
-0.026611 0.003418 -0.968506 -0.013835 0.022349 0.019156 -5.700000 -27.299999 72.300003
-0.031738 0.003418 -0.977539 -0.014899 0.024477 0.019156 -6.900000 -27.299999 71.699997
-0.023438 0.007568 -0.977051 -0.011706 0.024477 0.018092 -6.000000 -28.200001 73.199997
-0.026855 0.002441 -0.976562 -0.015963 0.023413 0.017028 -4.800000 -28.799999 72.599998
-0.024170 -0.002197 -0.968262 -0.014899 0.024477 0.019156 -3.600000 -28.799999 73.199997
-0.024658 0.002686 -0.979980 -0.014899 0.022349 0.018092 -5.100000 -29.700001 71.099998
-0.031006 0.002197 -0.975586 -0.011706 0.023413 0.018092 -4.200000 -29.400000 73.800003
-0.024902 0.003662 -0.969482 -0.010642 0.022349 0.019156 -4.200000 -28.799999 72.599998
-0.034180 0.000977 -0.977783 -0.012771 0.025541 0.014899 -5.400000 -28.200001 73.800003
-0.029541 0.001465 -0.971191 -0.014899 0.022349 0.019156 -6.600000 -27.600000 72.599998
-0.033203 0.003174 -0.971924 -0.012771 0.022349 0.017028 -3.900000 -28.500000 72.900002
-0.027588 0.004639 -0.970703 -0.013835 0.025541 0.018092 -6.600000 -26.400000 73.199997
-0.026367 0.005615 -0.975830 -0.012771 0.023413 0.020220 -4.800000 -28.799999 74.400002
-0.026611 0.006348 -0.968262 -0.011706 0.022349 0.017028 -4.500000 -29.700001 72.300003
-0.025635 0.005371 -0.979980 -0.014899 0.020220 0.019156 -5.400000 -28.799999 73.800003
-0.026123 0.000488 -0.978027 -0.010642 0.021284 0.019156 -4.500000 -27.900000 72.900002
-0.030029 0.000977 -0.967041 -0.014899 0.022349 0.018092 -5.100000 -28.500000 73.500000
-0.029297 0.005615 -0.975098 -0.014899 0.023413 0.017028 -4.200000 -27.600000 73.800003
-0.022461 0.006836 -0.981689 -0.015963 0.023413 0.020220 -3.600000 -27.600000 72.599998
-0.026611 0.008301 -0.976562 -0.014899 0.024477 0.019156 -6.600000 -28.200001 73.800003
-0.023926 0.001709 -0.974121 -0.011706 0.025541 0.019156 -5.700000 -28.500000 72.900002
-0.025635 0.003174 -0.979004 -0.015963 0.024477 0.019156 -5.100000 -30.299999 72.900002
-0.033691 0.002441 -0.975098 -0.012771 0.023413 0.019156 -5.700000 -28.500000 74.099998
-0.024658 0.005371 -0.971680 -0.011706 0.023413 0.020220 -6.000000 -28.200001 73.199997
-0.023193 0.000488 -0.978516 -0.012771 0.023413 0.015963 -7.500000 -27.900000 72.900002
-0.023438 0.009033 -0.966797 -0.013835 0.023413 0.019156 -5.400000 -29.400000 73.199997
-0.026123 0.004639 -0.971924 -0.014899 0.021284 0.019156 -6.000000 -28.200001 72.599998
-0.024170 0.001953 -0.983887 -0.012771 0.021284 0.018092 -4.200000 -28.799999 73.800003
-0.029053 -0.000977 -0.981445 -0.010642 0.022349 0.017028 -6.300000 -28.500000 74.099998
-0.029053 0.001953 -0.968262 -0.013835 0.022349 0.018092 -5.400000 -27.000000 73.199997
-0.026123 0.004395 -0.976318 -0.009578 0.019156 0.018092 -5.400000 -27.600000 74.400002
-0.028076 0.004639 -0.973633 -0.014899 0.021284 0.017028 -4.200000 -28.200001 70.800003
-0.026611 0.003174 -0.975586 -0.011706 0.022349 0.018092 -6.000000 -28.200001 72.000000
-0.028809 0.003906 -0.977783 -0.012771 0.024477 0.018092 -5.700000 -28.500000 74.099998
-0.029053 0.009521 -0.980713 -0.015963 0.025541 0.019156 -6.300000 -27.900000 72.900002
-0.027344 0.006592 -0.975342 -0.012771 0.023413 0.014899 -4.500000 -27.900000 73.500000
-0.023926 0.002441 -0.961670 -0.014899 0.024477 0.018092 -7.500000 -29.100000 72.300003
-0.025635 0.000488 -0.973877 -0.013835 0.022349 0.018092 -5.700000 -27.900000 74.099998
-0.028809 0.000977 -0.976562 -0.014899 0.022349 0.015963 -5.700000 -28.500000 74.099998
-0.027832 0.010254 -0.978516 -0.012771 0.023413 0.020220 -6.000000 -27.600000 74.400002
-0.034668 0.000732 -0.970703 -0.013835 0.024477 0.019156 -3.600000 -29.400000 72.599998
-0.035400 0.001953 -0.978027 -0.010642 0.025541 0.017028 -3.900000 -27.900000 73.500000
-0.032471 0.002686 -0.978271 -0.012771 0.022349 0.019156 -5.400000 -28.799999 73.199997
-0.030762 0.003174 -0.963135 -0.014899 0.025541 0.014899 -3.300000 -28.500000 72.900002
-0.023682 0.004395 -0.977051 -0.012771 0.023413 0.018092 -5.400000 -27.600000 73.800003
-0.027344 0.002441 -0.982178 -0.015963 0.024477 0.021284 -6.600000 -28.200001 72.599998
-0.031738 0.000000 -0.970947 -0.015963 0.024477 0.019156 -5.100000 -29.700001 72.900002
-0.031494 0.009277 -0.972412 -0.012771 0.024477 0.018092 -5.100000 -29.700001 73.500000
-0.027100 0.005371 -0.975098 -0.013835 0.024477 0.018092 -5.400000 -28.799999 73.800003
-0.026611 0.004639 -0.968994 -0.011706 0.023413 0.020220 -5.700000 -27.900000 73.500000
-0.031006 0.000732 -0.973633 -0.010642 0.024477 0.018092 -4.500000 -28.500000 73.500000
-0.027588 0.003906 -0.985352 -0.015963 0.022349 0.017028 -5.100000 -27.900000 72.300003
-0.021973 0.009033 -0.970703 -0.013835 0.020220 0.014899 -5.400000 -28.799999 73.800003
-0.032227 0.003906 -0.974365 -0.011706 0.024477 0.019156 -5.700000 -27.299999 74.099998
-0.028809 0.003174 -0.968018 -0.013835 0.023413 0.018092 -4.200000 -27.600000 72.000000
-0.024170 0.005859 -0.976074 -0.015963 0.022349 0.017028 -6.000000 -28.200001 73.199997
-0.028076 0.004150 -0.968994 -0.014899 0.024477 0.019156 -4.800000 -28.200001 73.199997
-0.030273 0.012939 -0.970703 -0.011706 0.024477 0.020220 -5.400000 -27.600000 72.599998
-0.027832 0.005859 -0.978271 -0.007450 0.022349 0.019156 -4.500000 -28.500000 72.900002
-0.027832 0.010498 -0.969727 -0.014899 0.023413 0.017028 -4.500000 -27.900000 72.900002
-0.024658 -0.005127 -0.981201 -0.017028 0.025541 0.018092 -5.400000 -28.200001 72.599998
-0.032227 0.003174 -0.971436 -0.012771 0.024477 0.019156 -6.000000 -29.400000 72.000000
-0.029541 0.007324 -0.979736 -0.013835 0.021284 0.015963 -6.600000 -28.799999 71.400002
-0.027588 0.000732 -0.982666 -0.012771 0.024477 0.020220 -4.500000 -26.100000 72.900002
-0.032715 0.005371 -0.980713 -0.013835 0.022349 0.020220 -5.400000 -28.799999 72.000000
-0.025879 0.007080 -0.977783 -0.013835 0.024477 0.017028 -5.100000 -28.500000 72.900002
-0.032471 0.004150 -0.970459 -0.012771 0.024477 0.019156 -6.000000 -28.799999 73.199997
-0.023926 -0.000977 -0.969727 -0.013835 0.023413 0.014899 -4.800000 -28.799999 73.199997
-0.027588 0.010742 -0.975098 -0.013835 0.025541 0.018092 -4.200000 -28.200001 72.599998
-0.029297 0.005127 -0.974365 -0.010642 0.022349 0.020220 -4.500000 -27.900000 72.900002
-0.023682 0.006104 -0.972168 -0.012771 0.024477 0.015963 -4.800000 -27.600000 71.400002
-0.026855 0.005127 -0.971924 -0.013835 0.022349 0.018092 -3.300000 -28.500000 73.500000
-0.024902 0.004639 -0.975342 -0.013835 0.024477 0.019156 -6.000000 -29.400000 74.400002
-0.027832 0.006836 -0.970703 -0.014899 0.024477 0.019156 -4.200000 -28.200001 72.000000
-0.032715 0.005127 -0.977051 -0.013835 0.022349 0.018092 -6.000000 -27.600000 73.800003
-0.031006 0.005127 -0.976318 -0.015963 0.024477 0.019156 -5.100000 -29.700001 74.099998
-0.025391 0.005615 -0.977295 -0.012771 0.022349 0.018092 -3.900000 -28.500000 73.500000
-0.031738 -0.002197 -0.980957 -0.013835 0.024477 0.018092 -6.000000 -29.400000 73.199997
-0.027100 0.004639 -0.983887 -0.013835 0.021284 0.018092 -5.700000 -28.500000 72.900002
-0.031982 0.010986 -0.979492 -0.012771 0.025541 0.020220 -5.700000 -26.700001 73.500000
-0.026367 0.003418 -0.979492 -0.012771 0.023413 0.014899 -5.100000 -27.900000 71.099998
-0.028320 0.006348 -0.968018 -0.011706 0.024477 0.019156 -6.600000 -28.799999 75.000000
-0.022705 0.003662 -0.978760 -0.012771 0.024477 0.015963 -6.000000 -30.000000 73.199997
-0.022949 -0.002686 -0.966309 -0.009578 0.024477 0.018092 -6.000000 -28.200001 73.199997
-0.028076 -0.005127 -0.983887 -0.014899 0.021284 0.018092 -6.300000 -27.900000 74.099998
-0.028564 0.004395 -0.969238 -0.012771 0.023413 0.018092 -5.700000 -29.700001 72.900002
-0.030029 0.002686 -0.985107 -0.014899 0.022349 0.021284 -5.400000 -28.799999 72.000000
-0.029053 -0.003418 -0.972168 -0.011706 0.023413 0.015963 -5.100000 -29.100000 72.300003
-0.031494 -0.001465 -0.977539 -0.014899 0.024477 0.017028 -5.100000 -26.700001 72.900002
-0.031006 0.009277 -0.978271 -0.013835 0.024477 0.019156 -5.700000 -26.700001 71.099998
-0.023926 0.005615 -0.970947 -0.015963 0.025541 0.019156 -4.800000 -27.000000 73.800003
-0.029541 0.003174 -0.976318 -0.014899 0.023413 0.018092 -3.900000 -30.299999 74.099998
-0.026855 -0.001953 -0.971680 -0.014899 0.022349 0.015963 -6.900000 -27.900000 72.300003
-0.033936 0.006348 -0.964844 -0.017028 0.024477 0.018092 -6.300000 -26.700001 72.300003
-0.024658 0.005859 -0.968994 -0.013835 0.022349 0.017028 -5.700000 -26.700001 72.300003
-0.025391 0.006836 -0.971680 -0.015963 0.022349 0.017028 -5.400000 -28.799999 73.199997
-0.030029 0.007324 -0.961914 -0.012771 0.022349 0.014899 -5.700000 -26.100000 72.900002
-0.031494 0.006348 -0.975342 -0.013835 0.024477 0.018092 -4.800000 -28.200001 73.199997
-0.024902 0.006592 -0.979248 -0.011706 0.022349 0.015963 -6.300000 -27.900000 74.099998
-0.029053 0.005615 -0.975098 -0.013835 0.021284 0.015963 -7.500000 -27.299999 72.300003
-0.027832 0.000732 -0.974121 -0.015963 0.022349 0.017028 -5.400000 -27.600000 73.199997
