0.025146 -0.049072 -0.984375 -0.014899 0.022349 0.017028 25.200001 -22.799999 85.199997
0.014160 -0.044678 -0.980713 -0.012771 0.021284 0.017028 25.799999 -21.000000 82.800003
0.020996 -0.044922 -0.975586 -0.015963 0.021284 0.020220 26.400000 -22.799999 85.199997
0.025146 -0.046875 -0.983643 -0.018092 0.020220 0.018092 25.799999 -22.200001 83.400002
0.018799 -0.040039 -0.981201 -0.014899 0.021284 0.019156 27.000000 -21.000000 84.000000
0.019531 -0.049805 -0.977295 -0.015963 0.020220 0.017028 25.200001 -22.799999 84.599998
0.021729 -0.041992 -0.979492 -0.017028 0.023413 0.019156 26.400000 -21.600000 85.199997
0.021973 -0.047607 -0.972412 -0.011706 0.021284 0.018092 26.400000 -21.600000 85.199997
0.017334 -0.042236 -0.971924 -0.013835 0.021284 0.019156 25.200001 -21.000000 84.000000
0.022217 -0.045898 -0.979004 -0.013835 0.023413 0.017028 25.500000 -21.299999 84.900002
0.021484 -0.048340 -0.981689 -0.013835 0.022349 0.020220 25.200001 -21.600000 85.800003
0.021729 -0.041260 -0.974609 -0.012771 0.022349 0.018092 27.299999 -21.299999 84.900002
0.019531 -0.044678 -0.978760 -0.014899 0.021284 0.019156 24.900000 -21.299999 84.900002
0.022949 -0.041992 -0.980469 -0.011706 0.022349 0.017028 26.400000 -21.600000 85.800003
0.019287 -0.038574 -0.986816 -0.014899 0.022349 0.018092 27.900000 -22.500000 83.699997
0.022461 -0.041260 -0.984863 -0.017028 0.021284 0.021284 26.700001 -21.299999 86.099998
0.023926 -0.039795 -0.979736 -0.013835 0.023413 0.019156 27.000000 -23.400000 85.800003
0.021484 -0.040771 -0.975342 -0.011706 0.022349 0.020220 25.200001 -22.799999 83.400002
0.023682 -0.040527 -0.978271 -0.014899 0.020220 0.015963 26.400000 -21.600000 85.800003
0.020264 -0.044678 -0.984619 -0.013835 0.021284 0.020220 26.700001 -23.100000 84.900002
0.022705 -0.044678 -0.972900 -0.014899 0.021284 0.019156 27.000000 -21.600000 85.199997
0.017822 -0.050781 -0.973633 -0.017028 0.023413 0.017028 25.500000 -20.700001 83.699997
0.018799 -0.039551 -0.989258 -0.012771 0.022349 0.018092 26.700001 -23.100000 83.699997
0.018066 -0.042725 -0.988770 -0.014899 0.021284 0.020220 27.000000 -22.200001 85.800003
0.018799 -0.044678 -0.982666 -0.013835 0.020220 0.018092 26.700001 -21.299999 84.900002
0.013428 -0.034668 -0.982422 -0.012771 0.023413 0.017028 26.100000 -21.299999 83.699997
0.022461 -0.038574 -0.975830 -0.015963 0.021284 0.020220 27.900000 -22.500000 84.300003
0.019043 -0.048340 -0.969727 -0.014899 0.025541 0.020220 24.600000 -21.600000 84.000000
0.019043 -0.043945 -0.975342 -0.014899 0.023413 0.020220 25.500000 -21.900000 83.699997
0.016357 -0.047852 -0.983887 -0.013835 0.021284 0.019156 25.799999 -22.200001 83.400002
0.022949 -0.045410 -0.996094 -0.012771 0.023413 0.018092 27.299999 -20.100000 84.300003
0.018555 -0.041504 -0.980713 -0.012771 0.022349 0.019156 24.900000 -20.700001 84.900002
0.020752 -0.041504 -0.979736 -0.011706 0.021284 0.018092 27.600000 -22.200001 85.199997
0.015137 -0.045166 -0.982910 -0.017028 0.021284 0.018092 26.100000 -23.100000 84.900002
0.020264 -0.049072 -0.975098 -0.012771 0.021284 0.018092 26.100000 -21.299999 84.300003
0.019531 -0.039551 -0.977051 -0.014899 0.024477 0.017028 24.900000 -22.500000 83.699997
0.022461 -0.042236 -0.985596 -0.013835 0.025541 0.018092 27.299999 -20.700001 81.900002
0.016113 -0.040283 -0.979492 -0.017028 0.021284 0.019156 24.299999 -20.700001 85.500000
0.018311 -0.047607 -0.978271 -0.012771 0.024477 0.020220 25.500000 -22.500000 83.699997
0.025146 -0.043945 -0.977295 -0.012771 0.021284 0.015963 26.700001 -21.299999 83.699997
0.020508 -0.046143 -0.979980 -0.013835 0.022349 0.019156 25.200001 -22.799999 84.000000
0.020264 -0.041016 -0.981934 -0.010642 0.024477 0.017028 26.700001 -22.500000 84.300003
0.026367 -0.046143 -0.989502 -0.015963 0.021284 0.018092 25.200001 -22.799999 83.400002
0.024170 -0.041748 -0.973145 -0.014899 0.020220 0.017028 25.200001 -21.000000 84.000000
0.018066 -0.046387 -0.977295 -0.013835 0.022349 0.019156 26.100000 -22.500000 83.099998
0.021973 -0.049561 -0.984863 -0.015963 0.022349 0.018092 27.299999 -23.700001 84.300003
0.023193 -0.052490 -0.985107 -0.013835 0.022349 0.017028 25.200001 -22.200001 84.000000
0.022949 -0.041016 -0.980713 -0.014899 0.023413 0.017028 25.799999 -20.400000 85.199997
0.022461 -0.041748 -0.965820 -0.011706 0.021284 0.019156 27.900000 -23.700001 84.900002
0.022949 -0.044922 -0.980225 -0.013835 0.023413 0.017028 26.700001 -21.299999 84.900002
0.019531 -0.041748 -0.983398 -0.015963 0.021284 0.017028 26.100000 -23.100000 83.699997
0.018311 -0.037109 -0.982666 -0.015963 0.022349 0.019156 25.799999 -21.000000 85.800003
0.015869 -0.041504 -0.981689 -0.014899 0.021284 0.015963 26.400000 -22.200001 84.000000
0.021484 -0.042236 -0.983887 -0.011706 0.022349 0.019156 25.799999 -21.600000 85.199997
0.025391 -0.040039 -0.982178 -0.013835 0.023413 0.021284 26.400000 -22.200001 85.199997
0.018066 -0.043701 -0.972656 -0.010642 0.022349 0.020220 26.400000 -21.600000 85.199997
0.021484 -0.051270 -0.985596 -0.012771 0.023413 0.018092 26.100000 -21.900000 83.699997
0.022949 -0.039307 -0.976318 -0.015963 0.020220 0.019156 26.400000 -22.799999 84.599998
0.015625 -0.048584 -0.982910 -0.014899 0.023413 0.018092 25.500000 -21.900000 84.900002
0.030273 -0.043213 -0.984131 -0.012771 0.023413 0.019156 26.700001 -20.700001 83.099998
0.020996 -0.041504 -0.977051 -0.012771 0.021284 0.020220 27.600000 -21.600000 82.800003
0.021240 -0.044434 -0.980957 -0.014899 0.023413 0.019156 24.900000 -21.299999 84.900002
0.020996 -0.041260 -0.977783 -0.012771 0.022349 0.018092 26.400000 -21.600000 83.400002
0.023193 -0.045898 -0.980225 -0.014899 0.021284 0.017028 27.299999 -22.500000 83.099998
0.018555 -0.046631 -0.979980 -0.017028 0.022349 0.020220 26.100000 -20.700001 84.900002
0.025635 -0.041748 -0.976807 -0.015963 0.021284 0.019156 25.799999 -23.400000 85.199997
0.021484 -0.044678 -0.983154 -0.014899 0.021284 0.022349 25.500000 -21.299999 84.900002
0.017090 -0.037354 -0.975098 -0.015963 0.019156 0.015963 25.799999 -21.600000 85.800003
0.020020 -0.045410 -0.988037 -0.013835 0.022349 0.017028 24.900000 -21.900000 84.900002
0.022461 -0.041260 -0.985352 -0.011706 0.021284 0.015963 27.000000 -21.600000 83.400002
0.013916 -0.041016 -0.977539 -0.011706 0.023413 0.019156 25.799999 -22.799999 84.599998
0.022461 -0.050781 -0.978271 -0.013835 0.020220 0.017028 25.799999 -21.600000 84.000000
0.019531 -0.042969 -0.989502 -0.013835 0.021284 0.019156 25.500000 -20.100000 86.099998
0.024170 -0.048340 -0.979736 -0.017028 0.023413 0.019156 26.700001 -20.700001 85.500000
0.024170 -0.047119 -0.977295 -0.011706 0.023413 0.018092 24.900000 -21.299999 84.300003
0.020752 -0.044678 -0.983887 -0.014899 0.021284 0.019156 26.100000 -21.900000 85.500000
0.023193 -0.044922 -0.977051 -0.012771 0.023413 0.015963 25.799999 -21.000000 84.000000
0.023193 -0.041504 -0.975586 -0.011706 0.022349 0.015963 24.900000 -21.900000 83.699997
0.026367 -0.040039 -0.970947 -0.011706 0.022349 0.018092 26.400000 -21.600000 85.199997
0.023682 -0.040039 -0.983398 -0.014899 0.023413 0.018092 27.600000 -22.200001 84.599998
0.020996 -0.037842 -0.978027 -0.157505 0.020220 -0.030863 27.000000 -21.600000 84.000000
-0.074463 -0.106445 -0.918945 0.028734 0.086202 0.012771 26.700001 -20.700001 85.500000
-0.083984 -0.119141 -0.990479 0.048954 -0.004257 0.012771 26.100000 -21.900000 84.300003
0.036377 -0.079590 -1.007080 -0.021284 0.032991 0.010642 25.500000 -21.900000 86.099998
0.081787 -0.106934 -0.935547 -0.052147 0.030863 0.014899 26.100000 -23.100000 85.500000
0.051514 -0.054199 -1.010498 -0.032991 -0.001064 0.028734 25.500000 -21.299999 84.300003
0.036865 -0.045410 -1.029053 -0.014899 0.037248 0.021284 25.200001 -21.000000 84.599998
0.031982 -0.061035 -0.972412 0.004257 0.031927 0.018092 24.900000 -20.700001 84.900002
0.012695 -0.031006 -0.954834 -0.007450 0.038312 0.014899 25.500000 -21.900000 84.300003
0.004395 -0.034424 -0.960205 -0.008514 0.026606 0.017028 25.799999 -23.400000 84.000000
0.011719 -0.031982 -0.971191 -0.015963 0.024477 0.022349 27.299999 -22.500000 86.099998
0.025391 -0.041748 -0.994385 -0.020220 0.010642 0.020220 25.500000 -20.700001 84.900002
0.030518 -0.053223 -0.990479 -0.020220 0.013835 0.017028 27.600000 -22.200001 84.000000
0.027100 -0.053467 -0.992188 -0.019156 0.018092 0.018092 27.900000 -21.900000 84.300003
0.027100 -0.048828 -0.988037 -0.015963 0.018092 0.021284 26.400000 -21.600000 84.599998
0.020264 -0.043945 -0.977051 -0.011706 0.024477 0.018092 26.700001 -21.900000 83.099998
0.017822 -0.044678 -0.981445 -0.012771 0.026606 0.019156 25.500000 -22.500000 84.900002
0.014160 -0.040039 -0.974854 -0.013835 0.022349 0.019156 24.299999 -23.700001 84.300003
0.018066 -0.045898 -0.975098 -0.013835 0.020220 0.014899 24.900000 -21.900000 84.900002
0.030518 -0.049072 -0.989746 -0.017028 0.018092 0.021284 26.700001 -20.700001 85.500000
0.030762 -0.047363 -0.982666 -0.015963 0.022349 0.020220 26.100000 -22.500000 85.500000
0.015137 -0.040527 -0.985107 -0.013835 0.022349 0.020220 26.700001 -21.299999 83.099998
0.012207 -0.043701 -0.972900 -0.012771 0.020220 0.017028 25.500000 -21.900000 83.699997
0.013184 -0.042725 -0.980225 -0.014899 0.022349 0.017028 27.299999 -21.299999 84.900002
0.023438 -0.039551 -0.976807 -0.014899 0.019156 0.018092 27.000000 -22.799999 84.000000
0.020264 -0.050049 -0.976318 -0.014899 0.022349 0.018092 26.100000 -23.100000 84.300003
0.019531 -0.043457 -0.986328 -0.014899 0.023413 0.018092 25.799999 -21.000000 84.599998
0.027588 -0.041016 -0.976074 -0.011706 0.023413 0.019156 26.700001 -21.299999 85.500000
0.019531 -0.043945 -0.974609 -0.012771 0.021284 0.018092 25.200001 -21.600000 84.599998
0.017334 -0.041504 -0.987793 -0.017028 0.024477 0.019156 25.500000 -21.299999 83.699997
0.020996 -0.043701 -0.985352 -0.012771 0.023413 0.017028 25.500000 -21.900000 84.900002
0.020996 -0.044678 -0.978027 -0.015963 0.020220 0.019156 26.400000 -21.600000 84.599998
0.020508 -0.041016 -0.977539 -0.018092 0.024477 0.020220 25.200001 -21.600000 84.599998
0.013428 -0.039795 -0.985840 -0.011706 0.021284 0.018092 24.600000 -23.400000 84.599998
0.022705 -0.047852 -0.978027 -0.012771 0.022349 0.018092 26.700001 -20.700001 83.699997
0.013428 -0.041504 -0.979980 -0.013835 0.021284 0.020220 26.100000 -23.100000 85.500000
0.022217 -0.043701 -0.982910 -0.014899 0.022349 0.019156 26.700001 -20.700001 83.699997
0.025879 -0.036621 -0.973145 -0.011706 0.020220 0.019156 27.600000 -22.200001 84.599998
0.018799 -0.041748 -0.967285 -0.015963 0.022349 0.017028 26.100000 -20.700001 86.099998
0.021484 -0.040039 -0.975586 -0.013835 0.021284 0.018092 26.100000 -22.500000 85.500000
0.019287 -0.046875 -0.976562 -0.015963 0.021284 0.019156 27.000000 -22.799999 84.000000
0.020752 -0.041504 -0.989258 -0.011706 0.020220 0.018092 27.000000 -21.600000 84.599998
0.022217 -0.043213 -0.978271 -0.017028 0.022349 0.018092 27.000000 -21.600000 85.199997
0.022461 -0.048096 -0.980713 -0.014899 0.024477 0.018092 25.799999 -21.600000 85.199997
0.026611 -0.049072 -0.980957 -0.012771 0.022349 0.020220 26.400000 -22.200001 84.000000
0.022705 -0.038818 -0.986084 -0.014899 0.023413 0.017028 25.500000 -21.299999 84.300003
0.016113 -0.045166 -0.980225 -0.013835 0.023413 0.017028 26.400000 -22.799999 82.800003
0.019287 -0.044678 -0.983643 -0.011706 0.022349 0.020220 25.500000 -22.500000 84.300003
0.016357 -0.043945 -0.978760 -0.012771 0.020220 0.015963 25.799999 -21.600000 85.199997
0.024658 -0.048096 -0.980225 -0.012771 0.021284 0.018092 26.700001 -20.100000 83.699997
0.019531 -0.043213 -0.978516 -0.013835 0.022349 0.018092 27.299999 -20.700001 84.300003
0.024170 -0.039307 -0.978271 -0.014899 0.022349 0.022349 26.100000 -21.299999 83.699997
0.016602 -0.043213 -0.981445 -0.012771 0.021284 0.018092 26.700001 -22.500000 84.300003
0.024902 -0.041992 -0.984619 -0.011706 0.020220 0.019156 27.000000 -22.200001 84.000000
0.015381 -0.045410 -0.983154 -0.015963 0.023413 0.017028 27.000000 -22.200001 84.599998
0.022217 -0.038818 -0.976074 -0.014899 0.022349 0.017028 26.100000 -21.299999 84.300003
0.020996 -0.045654 -0.983643 -0.012771 0.024477 0.021284 25.500000 -20.700001 84.900002
0.024414 -0.041260 -0.979492 -0.018092 0.023413 0.019156 26.700001 -21.299999 83.699997
0.022217 -0.045898 -0.980225 -0.017028 0.020220 0.018092 25.500000 -21.900000 84.900002
0.016846 -0.043213 -0.987061 -0.015963 0.023413 0.021284 26.400000 -21.000000 86.400002
0.021729 -0.050293 -0.976074 -0.015963 0.022349 0.020220 27.299999 -21.299999 84.300003
0.021729 -0.043213 -0.978516 -0.014899 0.023413 0.017028 25.799999 -21.600000 84.000000
0.018555 -0.050049 -0.979248 -0.015963 0.022349 0.019156 23.700001 -22.500000 84.300003
0.022949 -0.041748 -0.971191 -0.014899 0.021284 0.017028 25.799999 -21.600000 85.800003
0.027344 -0.041992 -0.982910 -0.013835 0.022349 0.015963 26.400000 -22.200001 82.800003
0.026367 -0.046875 -0.981689 -0.010642 0.024477 0.015963 26.400000 -22.799999 84.000000
0.025879 -0.043213 -0.980469 -0.012771 0.023413 0.018092 28.200001 -22.200001 84.000000
0.016113 -0.045654 -0.972656 -0.013835 0.020220 0.019156 26.100000 -23.100000 83.699997
0.017822 -0.043213 -0.988281 -0.014899 0.023413 0.018092 25.500000 -21.900000 85.500000
0.010498 -0.038818 -0.980713 -0.018092 0.021284 0.020220 27.299999 -21.900000 83.699997
0.023438 -0.035889 -0.997314 -0.014899 0.021284 0.018092 26.700001 -21.299999 84.900002
0.019531 -0.045898 -0.990479 -0.013835 0.023413 0.019156 25.799999 -21.000000 84.599998
0.094727 0.094971 -0.884277 -0.028734 0.025541 0.106422 26.400000 -19.799999 84.599998
0.111084 0.006104 -1.249023 -0.015963 -0.032991 0.038312 25.200001 -24.000000 85.800003
-0.038330 -0.139160 -0.860352 -0.045762 0.072367 0.004257 26.100000 -21.299999 84.900002
-0.047607 -0.011719 -0.991943 0.013835 0.007450 0.010642 25.500000 -20.100000 83.099998
0.017090 0.015625 -1.003906 -0.007450 0.040441 0.023413 25.200001 -22.200001 83.400002
0.001221 -0.022949 -0.941406 -0.001064 0.036184 0.021284 24.600000 -21.600000 84.000000
0.012695 -0.013916 -0.981201 -0.010642 0.034055 0.014899 26.100000 -21.900000 84.900002
0.010986 -0.048340 -0.960205 -0.006385 0.023413 0.018092 25.799999 -21.600000 83.400002
0.011230 -0.029297 -0.968994 -0.015963 0.026606 0.021284 26.100000 -22.500000 83.699997
0.009033 -0.032471 -0.964355 -0.017028 0.020220 0.017028 26.100000 -23.100000 83.699997
0.023682 -0.044678 -0.983643 -0.019156 0.018092 0.017028 25.799999 -23.400000 85.199997
0.023438 -0.047363 -0.981445 -0.015963 0.014899 0.017028 27.299999 -20.700001 84.300003
0.025391 -0.047119 -0.982178 -0.020220 0.019156 0.020220 25.200001 -21.000000 82.800003
0.021729 -0.041016 -0.990967 -0.014899 0.020220 0.023413 28.200001 -22.200001 85.800003
0.022217 -0.041992 -0.975098 -0.015963 0.020220 0.017028 27.299999 -22.500000 84.300003
0.017822 -0.043457 -0.984375 -0.013835 0.025541 0.018092 25.200001 -22.799999 82.800003
0.024658 -0.040771 -0.973145 -0.012771 0.024477 0.015963 26.100000 -21.900000 83.099998
0.016602 -0.035889 -0.970459 -0.012771 0.022349 0.020220 27.000000 -22.200001 85.199997
0.015625 -0.038818 -0.969727 -0.012771 0.021284 0.019156 24.600000 -23.400000 84.000000
0.019531 -0.045410 -0.976807 -0.015963 0.020220 0.019156 26.400000 -21.600000 84.599998
0.022461 -0.041748 -0.982422 -0.014899 0.022349 0.018092 26.400000 -21.600000 84.000000
0.023438 -0.042480 -0.983643 -0.014899 0.023413 0.021284 26.400000 -22.799999 84.000000
0.016846 -0.041504 -0.980225 -0.014899 0.022349 0.017028 24.900000 -22.500000 83.099998
0.019043 -0.042725 -0.982910 -0.015963 0.022349 0.020220 26.700001 -20.700001 84.900002
0.026855 -0.043457 -0.969727 -0.011706 0.021284 0.018092 25.799999 -22.200001 85.199997
0.019531 -0.042969 -0.979736 -0.013835 0.022349 0.020220 24.900000 -23.100000 84.300003
0.019043 -0.049561 -0.977783 -0.014899 0.020220 0.019156 25.200001 -22.799999 84.599998
0.019043 -0.045898 -0.982666 -0.013835 0.019156 0.018092 25.500000 -21.900000 83.699997
0.018799 -0.048340 -0.975586 -0.012771 0.024477 0.018092 26.400000 -22.200001 85.199997
0.020264 -0.043213 -0.984131 -0.012771 0.023413 0.019156 25.200001 -21.000000 85.199997
0.018555 -0.045898 -0.980225 -0.015963 0.020220 0.018092 27.000000 -21.600000 83.400002
0.019287 -0.031250 -0.979492 -0.014899 0.021284 0.018092 25.500000 -22.500000 84.900002
0.022949 -0.045166 -0.976318 -0.014899 0.021284 0.022349 25.799999 -21.000000 84.599998
0.018311 -0.038574 -0.989014 -0.013835 0.022349 0.014899 25.799999 -21.000000 85.199997
0.021973 -0.047119 -0.984619 -0.012771 0.023413 0.021284 25.799999 -21.600000 85.199997
0.019043 -0.042969 -0.982910 -0.013835 0.023413 0.019156 25.200001 -21.000000 84.599998
0.019043 -0.041748 -0.978271 -0.017028 0.022349 0.020220 26.100000 -20.700001 84.900002
0.020264 -0.042725 -0.979492 -0.011706 0.022349 0.020220 26.400000 -22.200001 84.599998
0.017578 -0.043945 -0.984375 -0.015963 0.022349 0.017028 24.600000 -21.000000 83.400002
0.019043 -0.047852 -0.983643 -0.013835 0.023413 0.017028 24.600000 -21.000000 83.400002
0.022461 -0.039795 -0.988770 -0.014899 0.019156 0.018092 27.900000 -21.299999 83.699997
0.017334 -0.035156 -0.972656 -0.017028 0.020220 0.019156 25.500000 -20.100000 85.500000
0.018311 -0.045410 -0.989746 -0.013835 0.019156 0.014899 24.900000 -23.100000 84.900002
0.017578 -0.050537 -0.987061 -0.013835 0.023413 0.019156 29.100000 -23.700001 83.099998
0.021484 -0.042725 -0.986084 -0.012771 0.023413 0.020220 25.500000 -21.299999 85.500000
0.021484 -0.039307 -0.983643 -0.013835 0.023413 0.020220 26.400000 -23.400000 84.000000
0.020020 -0.038818 -0.988281 -0.012771 0.022349 0.015963 26.400000 -23.400000 84.000000
0.022705 -0.045166 -0.977539 -0.013835 0.022349 0.015963 25.200001 -21.000000 84.000000
0.023926 -0.041260 -0.985596 -0.013835 0.024477 0.019156 27.299999 -20.700001 84.300003
0.018066 -0.042480 -0.982422 -0.010642 0.019156 0.017028 26.400000 -21.600000 84.599998
0.023193 -0.042480 -0.984131 -0.017028 0.023413 0.018092 26.400000 -22.200001 83.400002
0.023926 -0.045898 -0.977051 -0.014899 0.022349 0.017028 26.400000 -21.000000 84.599998
0.026611 -0.039795 -0.985596 -0.014899 0.023413 0.018092 26.400000 -22.200001 84.000000
0.015625 -0.033691 -0.977295 -0.015963 0.022349 0.018092 26.400000 -22.200001 85.199997
0.017090 -0.043213 -0.982178 -0.012771 0.022349 0.018092 26.100000 -22.500000 84.300003
0.021484 -0.046143 -0.990234 -0.014899 0.022349 0.020220 27.299999 -22.500000 83.699997
0.023193 -0.046875 -0.984131 -0.015963 0.022349 0.018092 26.100000 -21.900000 84.300003
0.025879 -0.042969 -0.979736 -0.012771 0.022349 0.017028 27.600000 -22.200001 86.400002
0.016357 -0.045898 -0.980713 -0.015963 0.023413 0.018092 24.600000 -21.600000 85.199997
0.021973 -0.043213 -0.973389 -0.014899 0.021284 0.019156 25.799999 -21.000000 86.400002
0.018311 -0.045898 -0.978027 -0.013835 0.021284 0.021284 24.000000 -21.600000 84.000000
0.022705 -0.043701 -0.979980 -0.013835 0.025541 0.019156 25.200001 -22.200001 85.199997
0.024902 -0.045898 -0.970703 -0.014899 0.022349 0.015963 26.100000 -21.900000 84.900002
0.016846 -0.043945 -0.980469 -0.013835 0.022349 0.018092 25.200001 -21.600000 84.599998
0.018799 -0.045898 -0.992188 -0.015963 0.021284 0.019156 27.000000 -21.600000 84.000000
0.020264 -0.042725 -0.976318 -0.011706 0.023413 0.019156 26.100000 -20.700001 83.699997
0.025635 -0.047607 -0.975586 -0.014899 0.022349 0.018092 25.799999 -21.600000 84.000000
0.024902 -0.052002 -0.987305 -0.014899 0.023413 0.019156 25.500000 -21.900000 83.699997
0.020508 -0.041504 -0.981689 -0.013835 0.023413 0.020220 26.700001 -21.299999 84.900002
0.016602 -0.041992 -0.987305 -0.012771 0.024477 0.018092 24.600000 -22.200001 84.599998
0.022217 -0.040283 -0.974121 -0.013835 0.021284 0.020220 26.100000 -22.500000 84.300003
0.021484 -0.042480 -0.987549 -0.015963 0.020220 0.017028 28.200001 -21.000000 82.800003
0.014893 -0.037109 -0.983398 -0.014899 0.023413 0.018092 24.000000 -22.200001 86.400002
0.024658 -0.044678 -0.987793 -0.012771 0.021284 0.018092 24.900000 -21.900000 86.099998
0.021973 -0.042725 -0.990479 -0.013835 0.022349 0.019156 25.799999 -21.600000 84.000000
0.020996 -0.039062 -0.992920 -0.012771 0.021284 0.018092 26.700001 -20.700001 84.300003
0.025635 -0.045166 -0.995361 -0.015963 0.022349 0.019156 24.900000 -21.299999 85.500000
0.020264 -0.051758 -0.986084 -0.011706 0.023413 0.019156 27.299999 -22.500000 84.300003
0.028320 -0.038330 -0.984131 -0.013835 0.020220 0.021284 26.400000 -22.799999 85.800003
0.022217 -0.050293 -0.982178 -0.012771 0.022349 0.018092 26.700001 -22.500000 86.099998
0.020508 -0.036133 -0.969727 -0.013835 0.023413 0.019156 26.100000 -21.299999 83.699997
0.020996 -0.035889 -0.988037 -0.012771 0.021284 0.015963 27.299999 -21.900000 84.300003
0.016846 -0.041992 -0.988037 -0.013835 0.021284 0.019156 26.100000 -23.100000 84.900002
0.020752 -0.039551 -0.975098 -0.017028 0.022349 0.022349 27.000000 -23.400000 84.000000
0.018799 -0.041504 -0.982178 -0.013835 0.025541 0.019156 25.500000 -22.500000 84.300003
0.024170 -0.038574 -0.984619 -0.013835 0.022349 0.019156 26.400000 -21.600000 84.000000
0.014648 -0.040527 -0.981689 -0.014899 0.021284 0.020220 25.200001 -21.600000 84.599998
0.024170 -0.039307 -0.979736 -0.014899 0.021284 0.018092 25.500000 -21.299999 85.500000
0.022949 -0.042725 -0.977783 -0.013835 0.025541 0.018092 24.600000 -22.799999 84.000000
0.024170 -0.047363 -0.980713 -0.012771 0.024477 0.021284 26.700001 -23.100000 83.699997
0.019043 -0.044434 -0.979736 -0.013835 0.022349 0.021284 26.100000 -21.900000 86.099998
0.017090 -0.040283 -0.970703 -0.013835 0.021284 0.020220 26.700001 -22.500000 86.099998
0.020264 -0.043701 -0.982910 -0.015963 0.020220 0.019156 25.500000 -22.500000 84.900002
0.019043 -0.046387 -0.984375 -0.015963 0.022349 0.019156 24.600000 -21.000000 83.400002
0.022461 -0.048828 -0.980469 -0.015963 0.022349 0.019156 26.400000 -22.799999 84.000000
0.021973 -0.047607 -0.978760 -0.014899 0.021284 0.018092 24.299999 -22.500000 84.900002
0.016357 -0.041992 -0.981445 -0.012771 0.021284 0.018092 25.799999 -21.000000 85.199997
0.019043 -0.046143 -0.974609 -0.017028 0.020220 0.022349 24.900000 -23.100000 83.699997
0.017090 -0.044189 -0.979980 -0.013835 0.022349 0.019156 24.900000 -22.500000 84.900002
0.025146 -0.041504 -0.981689 -0.014899 0.022349 0.019156 26.100000 -20.700001 84.900002
0.037842 0.027100 -0.993896 0.000000 -0.042569 0.105358 25.799999 -21.000000 85.800003
-0.032227 -0.024170 -0.919922 0.065982 0.061725 0.074496 25.500000 -20.100000 84.300003
0.130371 0.148926 -0.935059 -0.004257 0.022349 0.034055 28.500000 -20.700001 86.099998
0.014893 -0.085449 -0.905762 -0.009578 0.043633 0.011706 24.600000 -22.799999 85.199997
0.033203 -0.055908 -1.031982 0.004257 0.017028 0.018092 24.900000 -21.900000 84.300003
0.020264 -0.060303 -0.963379 -0.022349 0.035119 0.013835 26.400000 -21.600000 84.599998
0.027832 -0.048828 -0.991943 -0.002128 0.019156 0.023413 26.400000 -22.200001 82.800003
0.018311 -0.046631 -0.989258 -0.018092 0.031927 0.014899 28.500000 -21.299999 85.500000
0.028076 -0.054932 -0.979980 -0.006385 0.022349 0.021284 24.900000 -24.299999 85.500000
0.019287 -0.043701 -0.988281 -0.011706 0.027670 0.018092 27.900000 -22.500000 84.900002
0.014648 -0.041748 -0.981934 -0.010642 0.026606 0.020220 24.600000 -22.799999 84.599998
0.010742 -0.039795 -0.984863 -0.011706 0.028734 0.018092 25.799999 -22.200001 84.000000
0.018799 -0.034424 -0.967285 -0.012771 0.019156 0.017028 25.500000 -21.900000 84.900002
0.025879 -0.048584 -0.973877 -0.014899 0.018092 0.020220 24.600000 -22.799999 83.400002
0.024170 -0.043701 -0.976562 -0.015963 0.021284 0.019156 24.600000 -22.799999 84.000000
0.027832 -0.044922 -0.983643 -0.013835 0.024477 0.019156 26.400000 -22.200001 84.599998
0.020996 -0.046631 -0.987061 -0.013835 0.023413 0.019156 26.400000 -21.600000 85.199997
0.016846 -0.043457 -0.986328 -0.010642 0.026606 0.019156 27.000000 -22.200001 85.199997
0.019287 -0.042725 -0.982666 -0.014899 0.023413 0.017028 25.200001 -23.400000 85.199997
0.026367 -0.045654 -0.984375 -0.014899 0.020220 0.019156 26.100000 -21.299999 84.300003
0.017578 -0.048340 -0.983643 -0.013835 0.021284 0.019156 27.000000 -21.600000 84.000000
0.024902 -0.047119 -0.979492 -0.012771 0.023413 0.022349 26.400000 -20.400000 86.400002
0.024658 -0.044189 -0.990723 -0.015963 0.022349 0.015963 25.799999 -20.400000 84.599998
0.024170 -0.039062 -0.988770 -0.013835 0.022349 0.017028 27.299999 -21.900000 83.699997
0.018066 -0.039551 -0.981445 -0.014899 0.023413 0.019156 26.700001 -23.100000 83.099998
0.024170 -0.045898 -0.981201 -0.017028 0.025541 0.018092 27.900000 -21.299999 84.900002
0.019775 -0.048096 -0.980713 -0.015963 0.020220 0.013835 24.600000 -22.200001 84.599998
0.024414 -0.045898 -0.980225 -0.012771 0.021284 0.015963 26.100000 -21.900000 84.300003
0.025146 -0.047363 -0.979004 -0.013835 0.022349 0.019156 26.400000 -22.200001 84.000000
0.018555 -0.046631 -0.983398 -0.013835 0.022349 0.021284 27.600000 -22.200001 84.000000
0.022949 -0.045898 -0.978516 -0.015963 0.022349 0.021284 24.900000 -21.900000 83.699997
0.026123 -0.047852 -0.979736 -0.014899 0.023413 0.021284 25.799999 -22.799999 84.000000
0.021240 -0.040771 -0.974365 -0.011706 0.023413 0.018092 25.799999 -22.799999 84.599998
0.023438 -0.044434 -0.983643 -0.015963 0.022349 0.019156 26.400000 -22.200001 84.599998
0.017822 -0.039795 -0.980713 -0.010642 0.024477 0.017028 27.000000 -22.200001 84.000000
0.020752 -0.050049 -0.990723 -0.018092 0.022349 0.018092 24.900000 -22.500000 83.699997
0.022705 -0.046387 -0.983398 -0.013835 0.019156 0.017028 24.900000 -23.100000 84.300003
0.023438 -0.040527 -0.983887 -0.014899 0.021284 0.018092 24.600000 -21.600000 85.199997
0.022949 -0.037598 -0.980713 -0.012771 0.023413 0.022349 27.299999 -21.900000 84.900002
0.024658 -0.041016 -0.981934 -0.014899 0.023413 0.018092 27.299999 -22.500000 83.699997
0.016846 -0.041504 -0.989746 -0.014899 0.022349 0.019156 26.400000 -22.200001 82.800003
0.022949 -0.044434 -0.985840 -0.015963 0.024477 0.019156 26.100000 -22.500000 84.300003
0.021973 -0.040771 -0.971436 -0.014899 0.020220 0.018092 26.400000 -21.600000 84.599998
0.015625 -0.038330 -0.975586 -0.013835 0.023413 0.019156 27.600000 -20.400000 84.599998
0.026855 -0.044922 -0.981934 -0.014899 0.022349 0.018092 26.400000 -21.600000 84.000000
0.010254 -0.038574 -0.980713 -0.012771 0.021284 0.019156 25.200001 -21.600000 85.199997
0.020996 -0.037842 -0.986328 -0.011706 0.022349 0.019156 24.900000 -22.500000 85.500000
0.022461 -0.045166 -0.986084 -0.015963 0.021284 0.019156 24.299999 -23.100000 84.900002
