-0.006348 -0.018311 -0.984131 -0.014899 0.024477 0.018092 -9.300000 -17.700001 74.699997
-0.013428 -0.014404 -0.988281 -0.013835 0.027670 0.018092 -9.900000 -18.299999 75.300003
-0.009033 -0.010254 -0.978516 -0.014899 0.021284 0.019156 -10.800000 -18.000000 73.800003
-0.003662 -0.013916 -0.988525 -0.011706 0.025541 0.018092 -12.300000 -17.700001 74.099998
-0.006104 -0.014404 -0.978760 -0.017028 0.024477 0.019156 -10.200000 -19.799999 75.000000
-0.008057 -0.012451 -0.974121 -0.012771 0.026606 0.020220 -10.500000 -18.900000 74.099998
-0.004395 -0.015625 -0.974365 -0.015963 0.025541 0.022349 -12.000000 -19.799999 73.800003
-0.009033 -0.016602 -0.973145 -0.010642 0.023413 0.021284 -11.400000 -19.799999 73.800003
-0.015137 -0.015137 -0.980225 -0.013835 0.024477 0.013835 -10.200000 -18.600000 73.800003
-0.011719 -0.020264 -0.974609 -0.012771 0.021284 0.017028 -12.300000 -18.900000 75.300003
-0.009766 -0.013184 -0.977051 -0.014899 0.025541 0.013835 -11.400000 -18.600000 73.800003
-0.019287 -0.007568 -0.975098 -0.018092 0.022349 0.018092 -11.700000 -17.100000 74.699997
-0.010010 -0.013184 -0.976074 -0.014899 0.020220 0.017028 -12.300000 -18.900000 74.699997
-0.010010 -0.012451 -0.981445 -0.014899 0.022349 0.018092 -11.100000 -18.900000 74.099998
-0.014648 -0.020264 -0.981689 -0.012771 0.023413 0.019156 -10.500000 -18.900000 74.699997
-0.015137 -0.014893 -0.977051 -0.014899 0.023413 0.015963 -9.600000 -19.799999 74.400002
-0.013672 -0.016113 -0.972412 -0.013835 0.025541 0.019156 -11.700000 -17.700001 73.500000
-0.008789 -0.015625 -0.976562 -0.014899 0.023413 0.019156 -9.900000 -18.900000 75.300003
-0.013184 -0.019287 -0.976562 -0.011706 0.023413 0.018092 -11.700000 -18.299999 75.300003
-0.002441 -0.017334 -0.977051 -0.015963 0.022349 0.017028 -10.200000 -16.799999 74.400002
-0.004883 -0.016357 -0.984131 -0.015963 0.022349 0.019156 -10.500000 -20.700001 74.699997
-0.006836 -0.009033 -0.979004 -0.011706 0.025541 0.020220 -10.500000 -20.700001 74.099998
0.001221 -0.015381 -0.979248 -0.015963 0.022349 0.022349 -9.900000 -18.900000 75.300003
-0.009277 -0.015625 -0.976562 -0.010642 0.024477 0.018092 -9.900000 -17.700001 74.699997
-0.009766 -0.021484 -0.978516 -0.013835 0.025541 0.020220 -11.700000 -17.700001 75.900002
-0.006348 -0.016602 -0.984375 -0.010642 0.024477 0.017028 -9.900000 -17.700001 74.699997
-0.008057 -0.014648 -0.981689 -0.013835 0.020220 0.014899 -11.700000 -18.299999 75.900002
-0.006348 -0.015869 -0.963867 -0.013835 0.022349 0.014899 -10.800000 -18.000000 72.599998
-0.006836 -0.018555 -0.977295 -0.014899 0.022349 0.019156 -9.300000 -17.700001 75.300003
-0.006348 -0.015137 -0.979492 -0.013835 0.025541 0.020220 -11.700000 -17.100000 72.300003
-0.011719 -0.015381 -0.975830 -0.010642 0.024477 0.020220 -10.800000 -19.200001 75.000000
-0.009277 -0.014404 -0.979248 -0.013835 0.022349 0.017028 -10.500000 -19.500000 74.099998
-0.008301 -0.012451 -0.970703 -0.015963 0.021284 0.019156 -10.800000 -19.200001 73.199997
-0.011230 -0.015381 -0.982666 -0.013835 0.027670 0.019156 -9.900000 -18.299999 73.500000
-0.006836 -0.020996 -0.979736 -0.013835 0.024477 0.019156 -11.400000 -18.600000 75.000000
-0.008789 -0.015869 -0.979004 -0.015963 0.025541 0.020220 -9.900000 -18.900000 75.300003
-0.000977 -0.020996 -0.978760 -0.011706 0.022349 0.018092 -10.800000 -18.600000 74.400002
-0.011963 -0.014160 -0.963135 -0.017028 0.025541 0.023413 -11.100000 -18.299999 74.699997
-0.009521 -0.009521 -0.970459 -0.014899 0.025541 0.020220 -8.700000 -18.299999 74.699997
-0.006836 -0.013672 -0.983154 -0.012771 0.023413 0.021284 -11.100000 -19.500000 74.099998
-0.010498 -0.020508 -0.976318 -0.012771 0.023413 0.017028 -11.400000 -17.400000 75.599998
-0.007568 -0.023438 -0.979980 -0.010642 0.026606 0.020220 -9.900000 -18.299999 72.900002
-0.007568 -0.015869 -0.976807 -0.013835 0.024477 0.020220 -11.100000 -18.900000 74.099998
-0.004639 -0.016113 -0.970703 -0.013835 0.020220 0.021284 -10.500000 -17.700001 73.500000
-0.011230 -0.018311 -0.981201 -0.014899 0.023413 0.021284 -10.200000 -18.600000 72.599998
-0.009033 -0.009521 -0.974365 -0.018092 0.023413 0.020220 -10.800000 -18.600000 73.199997
-0.012939 -0.008789 -0.980469 -0.011706 0.020220 0.020220 -9.600000 -19.200001 73.800003
-0.011719 -0.012451 -0.981445 -0.014899 0.021284 0.019156 -11.400000 -19.799999 74.400002
-0.013184 -0.012695 -0.968750 -0.013835 0.026606 0.021284 -12.000000 -19.200001 76.800003
-0.008057 -0.020508 -0.981689 -0.015963 0.023413 0.020220 -12.600000 -18.000000 75.000000
-0.007568 -0.014404 -0.981934 -0.017028 0.021284 0.022349 -10.200000 -19.200001 76.199997
-0.006592 -0.015625 -0.976074 -0.011706 0.024477 0.019156 -11.100000 -18.299999 73.500000
-0.004883 -0.015137 -0.976074 -0.014899 0.021284 0.017028 -11.100000 -18.900000 74.099998
-0.009033 -0.016602 -0.983887 -0.015963 0.026606 0.019156 -9.900000 -18.900000 74.699997
-0.011963 -0.010010 -0.988037 -0.012771 0.025541 0.020220 -11.100000 -18.900000 75.300003
-0.014893 -0.015137 -0.983887 -0.014899 0.023413 0.017028 -10.800000 -18.600000 76.199997
-0.010254 -0.015381 -0.976562 -0.013835 0.022349 0.018092 -11.100000 -19.500000 75.900002
-0.012207 -0.020020 -0.976807 -0.014899 0.022349 0.022349 -10.200000 -18.000000 72.599998
-0.006836 -0.014648 -0.985596 -0.012771 0.022349 0.018092 -11.100000 -18.900000 74.699997
-0.010986 -0.013672 -0.979492 -0.012771 0.024477 0.021284 -10.500000 -17.100000 75.300003
-0.006104 -0.012207 -0.976074 -0.013835 0.023413 0.018092 -9.900000 -19.500000 74.099998
-0.014648 -0.035400 -0.981445 0.015963 0.023413 0.012771 -11.700000 -18.299999 74.099998
-0.002441 -0.053711 -0.981689 -0.018092 0.022349 0.005321 -10.200000 -17.400000 75.000000
-0.009033 -0.071533 -0.978760 -0.019156 0.024477 0.004257 -11.100000 -18.900000 74.699997
-0.018066 -0.030762 -0.968506 -0.021284 0.022349 0.004257 -10.200000 -18.000000 74.400002
-0.004883 -0.037598 -0.983887 -0.003193 0.025541 0.008514 -9.900000 -18.900000 74.099998
-0.008545 -0.046875 -0.977051 -0.017028 0.026606 0.013835 -10.800000 -19.200001 73.199997
0.005127 -0.039551 -0.976318 -0.002128 0.025541 0.023413 -9.300000 -18.299999 72.900002
-0.004395 -0.062500 -0.969482 -0.007450 0.025541 0.034055 -10.200000 -19.200001 73.800003
-0.008789 -0.037842 -0.982666 -0.025541 0.025541 0.044697 -10.200000 -18.600000 73.199997
-0.009277 -0.022949 -0.986084 -0.001064 0.026606 0.060661 -9.900000 -20.100000 73.500000
-0.014160 -0.044434 -0.980469 -0.012771 0.027670 0.078753 -11.400000 -18.600000 73.800003
-0.021729 -0.031006 -0.981445 -0.009578 0.023413 0.081945 -10.800000 -18.000000 72.599998
-0.011475 -0.046387 -0.984863 -0.018092 0.027670 0.090459 -11.100000 -18.900000 73.500000
-0.008301 -0.038818 -0.978271 -0.011706 0.024477 0.094716 -11.100000 -18.900000 72.300003
-0.014893 -0.047363 -0.969238 -0.008514 0.026606 0.097909 -9.900000 -19.500000 72.300003
-0.012695 -0.041016 -0.975098 -0.013835 0.024477 0.112808 -8.400000 -19.200001 71.400002
-0.007812 -0.042480 -0.977783 -0.004257 0.023413 0.120257 -9.600000 -18.600000 72.000000
-0.011230 -0.029053 -0.980713 -0.014899 0.025541 0.121322 -9.600000 -19.799999 71.400002
-0.004639 -0.029785 -0.973145 -0.017028 0.023413 0.129835 -9.000000 -21.000000 70.800003
-0.019531 -0.023193 -0.984863 -0.014899 0.022349 0.126643 -9.000000 -20.400000 73.199997
-0.007812 -0.020264 -0.981689 -0.011706 0.023413 0.112808 -9.900000 -21.299999 72.300003
-0.002197 -0.024902 -0.978760 -0.004257 0.019156 0.094716 -8.400000 -19.799999 72.000000
-0.009277 -0.023193 -0.983154 -0.009578 0.015963 0.077688 -9.300000 -22.500000 70.500000
-0.009766 -0.021973 -0.968506 -0.029798 0.027670 0.078753 -10.500000 -20.700001 72.300003
-0.001221 -0.007568 -0.979492 -0.014899 0.022349 0.070239 -8.700000 -21.299999 70.500000
-0.004639 -0.032959 -0.982422 -0.023413 0.022349 0.037248 -8.100000 -21.900000 71.699997
-0.011475 0.013428 -0.988525 -0.012771 0.021284 0.012771 -10.200000 -22.799999 72.599998
-0.012207 -0.001953 -0.981689 -0.014899 0.018092 -0.013835 -9.900000 -22.500000 71.099998
-0.018066 -0.003662 -0.984375 -0.010642 0.021284 -0.023413 -9.000000 -21.600000 70.800003
0.002441 0.006592 -0.978516 -0.001064 0.019156 -0.032991 -8.700000 -21.900000 71.099998
0.000977 -0.023193 -0.975342 -0.015963 0.022349 -0.038312 -9.300000 -23.100000 72.300003
-0.011230 -0.010742 -0.987061 -0.009578 0.022349 -0.014899 -6.600000 -21.600000 72.000000
-0.016602 -0.020752 -0.988770 -0.013835 0.027670 0.002128 -9.300000 -22.500000 70.500000
-0.013916 -0.012207 -0.985596 -0.019156 0.027670 0.018092 -7.800000 -23.400000 70.800003
-0.018799 -0.013184 -0.989990 -0.007450 0.025541 0.036184 -8.400000 -24.000000 71.400002
-0.003662 -0.016602 -0.965088 -0.005321 0.026606 0.038312 -9.900000 -23.100000 73.500000
-0.006348 -0.035889 -0.975586 -0.005321 0.023413 0.025541 -10.200000 -22.799999 72.599998
-0.004883 -0.019287 -0.980225 -0.001064 0.025541 0.020220 -9.300000 -24.299999 71.099998
-0.008545 -0.022705 -0.978271 -0.014899 0.024477 0.012771 -8.100000 -24.299999 70.500000
-0.000488 -0.020264 -0.982910 0.005321 0.029798 0.000000 -7.500000 -25.500000 72.900002
0.000488 -0.050781 -0.979248 -0.010642 0.026606 -0.005321 -7.800000 -23.400000 70.800003
0.004150 -0.025879 -0.979248 -0.002128 0.023413 -0.002128 -8.700000 -24.900000 72.300003
-0.013184 -0.026855 -0.985107 -0.018092 0.024477 0.009578 -8.700000 -24.299999 72.300003
-0.001465 -0.022705 -0.976562 -0.011706 0.024477 0.037248 -7.200000 -25.200001 72.000000
-0.010498 -0.024414 -0.978760 -0.014899 0.026606 0.063853 -9.600000 -26.400000 72.000000
-0.008057 -0.013672 -0.969482 -0.021284 0.023413 0.090459 -8.400000 -26.400000 72.599998
-0.009033 -0.027832 -0.974365 -0.012771 0.014899 0.078753 -7.200000 -23.400000 72.000000
-0.002930 -0.001221 -0.983154 -0.017028 0.024477 0.074496 -8.100000 -25.500000 71.099998
-0.005127 -0.000732 -0.968506 -0.023413 0.024477 0.062789 -6.600000 -25.200001 71.400002
0.000000 0.004395 -0.971191 -0.007450 0.024477 0.058532 -9.600000 -24.000000 72.000000
-0.003418 -0.017822 -0.974121 -0.006385 0.014899 0.057468 -7.800000 -25.200001 72.000000
-0.003906 -0.000244 -0.965332 -0.018092 0.020220 0.056404 -8.700000 -24.900000 73.500000
-0.007812 0.004639 -0.983887 -0.004257 0.017028 0.038312 -8.700000 -26.100000 71.699997
-0.007324 -0.012695 -0.969727 -0.010642 0.021284 0.011706 -8.400000 -24.600000 73.199997
0.000000 -0.016846 -0.968262 -0.021284 0.022349 0.002128 -6.300000 -26.100000 71.099998
-0.010742 0.005127 -0.981201 -0.005321 0.020220 -0.009578 -6.300000 -26.100000 74.099998
-0.003662 -0.016846 -0.976562 -0.011706 0.024477 -0.023413 -8.100000 -24.900000 72.900002
-0.006836 -0.050293 -0.974609 -0.012771 0.024477 -0.014899 -9.300000 -24.900000 72.900002
-0.019043 -0.019531 -0.975098 -0.020220 0.021284 -0.006385 -6.300000 -26.100000 73.500000
-0.019043 -0.023926 -0.977783 -0.014899 0.031927 0.009578 -7.200000 -25.799999 73.800003
-0.008789 -0.007324 -0.974121 -0.009578 0.029798 0.026606 -6.600000 -27.000000 72.599998
-0.009033 -0.001465 -0.979004 -0.021284 0.023413 0.048954 -6.900000 -25.500000 73.500000
-0.019043 0.008789 -0.973389 -0.011706 0.024477 0.051083 -8.100000 -26.700001 72.900002
-0.014648 0.025391 -0.979004 -0.009578 0.026606 0.047890 -7.200000 -25.799999 73.199997
0.001465 0.054199 -0.973389 -0.005321 0.027670 0.013835 -7.800000 -26.400000 72.599998
0.002197 0.011230 -0.989990 -0.014899 0.022349 0.010642 -6.900000 -24.900000 72.900002
-0.005859 -0.007568 -0.983154 -0.019156 0.024477 0.024477 -6.900000 -25.500000 72.900002
-0.009033 0.049561 -0.997070 -0.017028 0.021284 0.036184 -9.000000 -27.000000 73.800003
-0.010010 0.057373 -0.982910 -0.011706 0.024477 0.039376 -7.500000 -24.900000 74.099998
-0.013184 0.052246 -0.981445 -0.024477 0.026606 0.028734 -6.900000 -25.500000 72.300003
-0.008301 0.066406 -0.987061 -0.002128 0.024477 0.019156 -9.300000 -27.299999 73.500000
-0.009033 -0.011230 -0.981934 0.000000 0.024477 0.015963 -8.400000 -25.200001 74.400002
-0.006836 -0.004883 -0.978760 -0.007450 0.021284 0.019156 -7.200000 -27.000000 72.599998
-0.004395 -0.021973 -0.981201 -0.011706 0.027670 0.019156 -7.500000 -25.500000 72.900002
-0.011230 -0.019775 -0.979248 -0.014899 0.023413 0.022349 -6.600000 -25.799999 74.400002
-0.010742 -0.015381 -0.981445 -0.014899 0.025541 0.018092 -6.600000 -27.000000 73.199997
-0.007080 -0.018555 -0.982910 -0.010642 0.024477 0.017028 -7.200000 -26.400000 74.400002
-0.007324 -0.019775 -0.977051 -0.010642 0.023413 0.018092 -8.100000 -25.500000 73.500000
-0.013916 -0.016113 -0.988770 -0.014899 0.023413 0.019156 -7.500000 -26.700001 72.300003
-0.007568 -0.020996 -0.975586 -0.013835 0.022349 0.019156 -10.200000 -27.600000 72.000000
-0.005615 -0.008301 -0.976562 -0.011706 0.022349 0.019156 -7.800000 -27.000000 73.199997
-0.010010 -0.019775 -0.974609 -0.011706 0.021284 0.021284 -6.900000 -27.299999 74.099998
-0.006104 -0.022949 -0.975342 -0.013835 0.023413 0.020220 -7.500000 -26.700001 72.900002
-0.005859 -0.019043 -0.973877 -0.012771 0.023413 0.020220 -6.300000 -26.100000 72.900002
-0.007324 -0.020752 -0.976318 -0.014899 0.023413 0.020220 -6.900000 -26.700001 72.900002
-0.011230 -0.021484 -0.973633 -0.012771 0.020220 0.019156 -6.900000 -25.500000 74.099998
-0.006104 -0.017578 -0.972656 -0.013835 0.022349 0.020220 -6.900000 -27.299999 73.500000
-0.014404 -0.020508 -0.976074 -0.012771 0.024477 0.015963 -8.100000 -26.700001 73.500000
-0.010254 -0.018555 -0.984619 -0.013835 0.023413 0.021284 -7.200000 -26.400000 73.199997
-0.010986 -0.021973 -0.970703 -0.011706 0.023413 0.019156 -8.700000 -26.100000 74.099998
-0.006348 -0.018555 -0.973633 -0.013835 0.022349 0.017028 -7.800000 -25.799999 74.400002
-0.006104 -0.016602 -0.976318 -0.012771 0.025541 0.017028 -7.500000 -25.500000 72.900002
-0.008057 -0.024902 -0.974609 -0.014899 0.023413 0.020220 -7.200000 -26.400000 72.599998
-0.008301 -0.019531 -0.972168 -0.015963 0.023413 0.019156 -8.700000 -26.700001 72.300003
-0.013916 -0.018311 -0.976562 -0.013835 0.024477 0.017028 -8.100000 -27.900000 73.500000
-0.010498 -0.016602 -0.981445 -0.012771 0.024477 0.024477 -7.200000 -28.200001 75.000000
-0.009277 -0.022705 -0.969727 -0.012771 0.022349 0.019156 -7.800000 -28.200001 73.800003
-0.010254 -0.011963 -0.977539 -0.014899 0.024477 0.020220 -8.100000 -26.100000 74.099998
-0.003418 -0.021973 -0.978516 -0.012771 0.024477 0.015963 -8.700000 -24.900000 72.900002
-0.007080 -0.015625 -0.977783 -0.012771 0.024477 0.015963 -8.100000 -26.700001 72.300003
-0.013916 -0.015381 -0.981445 -0.012771 0.023413 0.020220 -8.700000 -26.700001 74.099998
-0.012939 -0.015625 -0.981934 -0.013835 0.022349 0.018092 -6.900000 -26.100000 72.900002
-0.015137 -0.020996 -0.979980 -0.013835 0.022349 0.018092 -6.900000 -26.700001 72.900002
-0.008301 -0.022705 -0.971924 -0.010642 0.021284 0.020220 -8.100000 -24.900000 73.500000
-0.012451 -0.022705 -0.972900 -0.013835 0.023413 0.020220 -6.000000 -26.400000 73.800003
-0.007080 -0.020996 -0.978027 -0.011706 0.024477 0.019156 -8.100000 -26.700001 72.900002
-0.005127 -0.017822 -0.978027 -0.011706 0.021284 0.019156 -7.500000 -27.299999 74.699997
-0.005859 -0.023438 -0.976807 -0.014899 0.023413 0.019156 -9.000000 -26.400000 73.199997
-0.002441 -0.019531 -0.976074 -0.014899 0.022349 0.020220 -8.400000 -28.200001 73.800003
-0.008545 -0.021240 -0.977051 -0.014899 0.022349 0.019156 -8.400000 -27.000000 74.400002
-0.013184 -0.021729 -0.983154 -0.015963 0.022349 0.018092 -6.900000 -26.700001 72.900002
-0.009521 -0.021729 -0.976074 -0.012771 0.024477 0.017028 -6.300000 -24.900000 74.099998
-0.006348 -0.018311 -0.980713 -0.013835 0.022349 0.018092 -7.500000 -26.700001 72.300003
-0.009521 -0.010254 -0.980957 -0.011706 0.023413 0.018092 -7.500000 -27.299999 74.099998
-0.005859 -0.021729 -0.978760 -0.011706 0.023413 0.018092 -9.900000 -26.700001 74.699997
-0.010742 -0.011230 -0.970947 -0.010642 0.022349 0.017028 -7.200000 -27.000000 72.599998
-0.009766 -0.019287 -0.978516 -0.017028 0.021284 0.019156 -8.400000 -26.400000 71.400002
-0.012207 -0.021240 -0.971436 -0.014899 0.024477 0.020220 -6.600000 -25.200001 73.199997
-0.006104 -0.019775 -0.982178 -0.012771 0.022349 0.019156 -8.400000 -25.200001 73.800003
-0.009033 -0.015137 -0.975342 -0.011706 0.024477 0.018092 -6.600000 -26.400000 73.800003
-0.007080 -0.026367 -0.972168 -0.013835 0.022349 0.019156 -8.400000 -25.200001 72.000000
0.000977 -0.020508 -0.985840 -0.012771 0.023413 0.018092 -6.900000 -25.500000 73.500000
-0.009277 -0.021729 -0.983643 -0.017028 0.022349 0.019156 -9.000000 -25.799999 74.400002
-0.014648 -0.018311 -0.974121 -0.011706 0.022349 0.021284 -7.800000 -27.000000 73.800003
-0.008057 -0.021484 -0.974121 -0.010642 0.021284 0.021284 -9.000000 -25.799999 72.000000
-0.004150 -0.017090 -0.976807 -0.012771 0.023413 0.017028 -8.100000 -24.900000 74.099998
-0.005859 -0.020508 -0.986572 -0.011706 0.022349 0.020220 -6.300000 -25.500000 72.900002
-0.009521 -0.021240 -0.974121 -0.014899 0.026606 0.018092 -8.100000 -26.100000 72.300003
-0.009521 -0.017822 -0.986572 -0.012771 0.024477 0.018092 -6.600000 -26.400000 72.599998
-0.010010 -0.016113 -0.985107 -0.014899 0.025541 0.021284 -8.100000 -26.700001 74.099998
-0.000488 -0.019531 -0.976562 -0.010642 0.022349 0.017028 -7.800000 -27.000000 73.199997
-0.009033 -0.021484 -0.970459 -0.012771 0.024477 0.019156 -6.600000 -25.200001 73.800003
-0.007812 -0.017090 -0.975586 -0.011706 0.026606 0.018092 -6.600000 -25.799999 73.199997
-0.007812 -0.022217 -0.980713 -0.014899 0.022349 0.017028 -7.500000 -26.100000 73.500000
-0.014160 -0.022461 -0.977051 -0.013835 0.023413 0.017028 -4.800000 -27.600000 73.800003
-0.010742 -0.019287 -0.972900 -0.010642 0.021284 0.018092 -6.600000 -25.200001 74.400002
-0.011230 -0.018555 -0.972412 -0.011706 0.024477 0.019156 -7.200000 -27.600000 73.199997
-0.012939 -0.017578 -0.982910 -0.014899 0.023413 0.020220 -7.500000 -25.500000 72.900002
-0.006836 -0.020264 -0.984375 -0.013835 0.021284 0.018092 -8.100000 -27.299999 72.900002
-0.012939 -0.019775 -0.987061 -0.014899 0.025541 0.020220 -6.300000 -26.700001 74.099998
-0.011230 -0.013916 -0.973877 -0.011706 0.024477 0.021284 -7.500000 -27.299999 72.300003
-0.009521 -0.016846 -0.985840 -0.011706 0.022349 0.020220 -7.500000 -26.700001 72.900002
-0.007324 -0.023193 -0.976562 -0.013835 0.020220 0.020220 -8.400000 -26.400000 72.599998
-0.006592 -0.013916 -0.969727 -0.011706 0.023413 0.018092 -5.700000 -27.299999 73.500000
-0.013672 -0.015137 -0.983643 -0.012771 0.024477 0.015963 -8.100000 -25.500000 74.699997
-0.003174 -0.020508 -0.976562 -0.011706 0.021284 0.017028 -8.400000 -28.200001 72.599998
-0.015869 -0.021240 -0.975342 -0.011706 0.024477 0.019156 -6.900000 -26.100000 72.300003
-0.002686 -0.019287 -0.975586 -0.011706 0.024477 0.020220 -7.500000 -27.900000 72.300003
-0.008545 -0.011963 -0.983887 -0.010642 0.023413 0.019156 -7.800000 -27.000000 74.400002
-0.008789 -0.014404 -0.969727 -0.015963 0.024477 0.018092 -6.900000 -26.700001 74.099998
-0.008057 -0.018555 -0.977539 -0.009578 0.023413 0.021284 -6.300000 -26.100000 74.099998
-0.009033 -0.024170 -0.980225 -0.015963 0.022349 0.019156 -6.900000 -25.500000 72.300003
-0.011719 -0.013672 -0.981934 -0.013835 0.022349 0.017028 -7.500000 -27.299999 74.099998
-0.010254 -0.023193 -0.975830 -0.012771 0.019156 0.018092 -9.000000 -26.400000 72.599998
-0.011719 -0.017578 -0.980957 -0.013835 0.024477 0.019156 -7.500000 -26.100000 72.300003
-0.003906 -0.020996 -0.974854 -0.013835 0.025541 0.021284 -6.600000 -27.000000 73.199997
-0.007568 -0.020752 -0.983154 -0.014899 0.025541 0.018092 -8.100000 -25.500000 72.900002
-0.009277 -0.018799 -0.984131 -0.010642 0.024477 0.018092 -6.000000 -27.000000 73.199997
-0.010010 -0.018066 -0.974121 -0.013835 0.024477 0.017028 -7.500000 -26.700001 74.099998
-0.011719 -0.019775 -0.980469 -0.012771 0.026606 0.017028 -7.200000 -25.799999 72.599998
-0.014404 -0.023682 -0.973389 -0.017028 0.025541 0.020220 -6.900000 -27.299999 74.099998
-0.009766 -0.012939 -0.983887 -0.013835 0.023413 0.019156 -8.700000 -26.700001 73.500000
-0.012207 -0.011963 -0.980957 -0.017028 0.021284 0.019156 -9.300000 -26.700001 74.699997
-0.009766 -0.023193 -0.976807 -0.011706 0.021284 0.021284 -8.100000 -24.900000 73.500000
-0.003418 -0.013428 -0.976074 -0.015963 0.024477 0.018092 -7.200000 -27.000000 74.400002
-0.010742 -0.014160 -0.975830 -0.011706 0.024477 0.020220 -7.800000 -24.600000 73.199997
-0.010986 -0.014893 -0.978516 -0.012771 0.023413 0.020220 -7.500000 -28.500000 74.099998
-0.008545 -0.013672 -0.980225 -0.012771 0.022349 0.015963 -7.500000 -26.700001 72.900002
-0.012695 -0.020508 -0.976807 -0.012771 0.023413 0.020220 -7.500000 -25.500000 73.500000
-0.005859 -0.019531 -0.976074 -0.014899 0.021284 0.020220 -6.900000 -24.900000 74.699997
-0.011719 -0.018799 -0.971680 -0.015963 0.022349 0.017028 -7.800000 -26.400000 75.000000
-0.014648 -0.022949 -0.982910 -0.013835 0.024477 0.019156 -5.400000 -27.000000 73.199997
-0.004395 -0.018066 -0.977295 -0.014899 0.022349 0.019156 -7.500000 -25.500000 74.099998
-0.008057 -0.019287 -0.978271 -0.013835 0.022349 0.019156 -6.900000 -25.500000 73.500000
-0.011475 -0.017334 -0.978027 -0.010642 0.024477 0.020220 -6.900000 -26.700001 72.900002
-0.008057 -0.017578 -0.979492 -0.014899 0.022349 0.017028 -8.400000 -25.799999 73.800003
-0.009521 -0.022705 -0.981445 -0.013835 0.025541 0.019156 -7.500000 -26.700001 73.500000
-0.008057 -0.014648 -0.985107 -0.012771 0.024477 0.020220 -6.600000 -25.799999 74.400002
-0.008301 -0.018799 -0.975586 -0.013835 0.022349 0.015963 -7.500000 -26.100000 73.500000
-0.009277 -0.020996 -0.977783 -0.011706 0.024477 0.018092 -6.300000 -27.900000 72.300003
-0.008057 -0.020264 -0.977051 -0.014899 0.023413 0.020220 -6.600000 -27.000000 73.199997
-0.007568 -0.012695 -0.978027 -0.012771 0.025541 0.017028 -7.200000 -25.799999 72.000000
-0.011719 -0.021973 -0.975830 -0.012771 0.023413 0.018092 -7.500000 -27.299999 72.900002
-0.004395 -0.023193 -0.983887 -0.012771 0.025541 0.022349 -8.700000 -25.500000 72.900002
-0.012939 -0.019531 -0.973633 -0.013835 0.022349 0.017028 -5.100000 -26.100000 72.900002
-0.002686 -0.018799 -0.975830 -0.014899 0.024477 0.017028 -7.800000 -27.000000 72.599998
-0.007324 -0.015625 -0.970703 -0.015963 0.023413 0.020220 -8.100000 -26.700001 71.699997
-0.011475 -0.020996 -0.971436 -0.013835 0.022349 0.021284 -6.900000 -26.100000 74.099998
-0.005859 -0.023438 -0.974121 -0.012771 0.024477 0.015963 -5.700000 -26.700001 71.699997
-0.009277 -0.018555 -0.983643 -0.012771 0.025541 0.015963 -6.600000 -25.799999 74.400002
-0.004395 -0.023193 -0.988037 -0.014899 0.024477 0.018092 -7.200000 -26.400000 72.599998
-0.006592 -0.020996 -0.984619 -0.013835 0.022349 0.018092 -6.600000 -26.400000 72.599998
-0.000244 -0.022461 -0.981689 -0.011706 0.024477 0.015963 -6.600000 -25.799999 72.599998
-0.010498 -0.020264 -0.979004 -0.011706 0.025541 0.020220 -6.900000 -25.500000 74.099998
-0.009521 -0.020020 -0.986328 -0.011706 0.021284 0.018092 -6.900000 -27.900000 73.500000
-0.005615 -0.021484 -0.986084 -0.017028 0.022349 0.019156 -7.500000 -25.500000 73.500000
-0.007812 -0.014893 -0.974609 -0.017028 0.022349 0.020220 -7.800000 -26.400000 74.400002
-0.012939 -0.025146 -0.978760 -0.015963 0.025541 0.020220 -7.500000 -25.500000 73.500000
-0.013184 -0.015625 -0.973877 -0.015963 0.023413 0.020220 -7.200000 -27.000000 72.000000
-0.007812 -0.018066 -0.969971 -0.014899 0.026606 0.020220 -7.200000 -25.799999 73.800003
-0.010986 -0.019287 -0.972168 -0.012771 0.023413 0.015963 -6.600000 -27.000000 73.800003
-0.007080 -0.017578 -0.981689 -0.012771 0.026606 0.020220 -6.000000 -27.600000 73.199997
-0.010986 -0.018311 -0.976807 -0.013835 0.026606 0.020220 -8.400000 -26.400000 73.199997
-0.010010 -0.020264 -0.967285 -0.012771 0.021284 0.020220 -9.000000 -27.000000 72.599998
-0.011719 -0.013672 -0.989258 -0.015963 0.024477 0.021284 -7.500000 -25.500000 73.500000
-0.012695 -0.014893 -0.981934 -0.011706 0.025541 0.018092 -6.600000 -25.799999 73.800003
-0.001709 -0.029297 -0.971191 -0.013835 0.019156 0.015963 -8.400000 -27.000000 73.800003
-0.010742 -0.033447 -0.984863 -0.014899 0.022349 0.014899 -7.200000 -25.799999 75.000000
-0.010742 -0.028809 -0.969482 -0.009578 0.021284 0.019156 -6.300000 -26.700001 73.500000
-0.007568 -0.023438 -0.973633 -0.014899 0.023413 0.018092 -6.600000 -25.799999 73.199997
-0.011230 -0.017334 -0.974609 -0.014899 0.022349 0.019156 -6.900000 -26.100000 74.699997
-0.008545 -0.021973 -0.976807 -0.012771 0.024477 0.014899 -8.100000 -27.299999 74.699997
-0.012451 -0.024658 -0.977783 -0.014899 0.022349 0.019156 -7.800000 -26.400000 73.199997
-0.009033 -0.018066 -0.976562 -0.011706 0.024477 0.021284 -6.900000 -25.500000 72.900002
-0.012939 -0.012207 -0.984863 -0.012771 0.023413 0.018092 -6.600000 -26.400000 74.400002
-0.003662 -0.017822 -0.982178 -0.012771 0.026606 0.020220 -7.500000 -26.700001 72.900002
-0.006348 -0.019775 -0.975830 -0.013835 0.022349 0.020220 -8.400000 -25.799999 72.599998
-0.009033 -0.024658 -0.973633 -0.011706 0.021284 0.023413 -7.200000 -25.799999 72.599998
-0.009277 -0.016113 -0.981201 -0.011706 0.023413 0.015963 -6.900000 -26.700001 72.300003
-0.003174 -0.018311 -0.973145 -0.013835 0.023413 0.019156 -8.100000 -27.299999 74.099998
-0.009033 -0.019775 -0.984863 -0.010642 0.023413 0.018092 -6.600000 -27.000000 72.599998
-0.009521 -0.024414 -0.980713 -0.011706 0.023413 0.018092 -7.200000 -25.200001 72.000000
-0.011963 -0.021240 -0.979492 -0.013835 0.025541 0.020220 -8.400000 -24.600000 73.800003
-0.007324 -0.026855 -0.978027 -0.013835 0.025541 0.020220 -6.900000 -26.100000 72.900002
-0.004883 -0.021484 -0.984375 -0.013835 0.024477 0.019156 -6.000000 -25.799999 73.199997
-0.008545 -0.021484 -0.975342 -0.014899 0.023413 0.019156 -6.600000 -25.799999 73.199997
-0.010010 -0.016846 -0.986084 -0.013835 0.023413 0.017028 -8.400000 -27.600000 73.800003
-0.010010 -0.018555 -0.987793 -0.017028 0.025541 0.022349 -6.900000 -26.700001 72.900002
-0.011963 -0.021729 -0.971680 -0.013835 0.024477 0.023413 -7.800000 -25.799999 73.800003
-0.010742 -0.019775 -0.984375 -0.010642 0.023413 0.020220 -5.400000 -25.799999 73.199997
-0.006348 -0.024170 -0.977539 -0.011706 0.024477 0.018092 -6.900000 -26.100000 72.900002
-0.008545 -0.019287 -0.976807 -0.014899 0.026606 0.018092 -7.800000 -27.000000 73.800003
-0.010498 -0.019531 -0.986572 -0.013835 0.024477 0.018092 -6.900000 -27.299999 72.300003
-0.000244 -0.020264 -0.977539 -0.011706 0.019156 0.015963 -7.200000 -27.000000 72.599998
-0.010010 -0.010254 -0.975098 -0.011706 0.024477 0.018092 -7.500000 -27.900000 73.500000
-0.015625 -0.015137 -0.971924 -0.008514 0.023413 0.017028 -6.300000 -24.299999 73.500000
-0.006348 -0.021729 -0.975586 -0.012771 0.024477 0.019156 -7.500000 -26.700001 74.099998
-0.010010 -0.022217 -0.988770 -0.013835 0.023413 0.018092 -6.600000 -26.400000 73.199997
-0.011963 -0.018066 -0.971680 -0.013835 0.023413 0.022349 -6.600000 -25.799999 72.000000
