0.000000 0.000000 9797370960481098314079535104.000000 -0.011706 0.025541 0.017028 -10.200000 -34.200001 22.799999
0.057617 0.980713 0.134033 -0.014899 0.021284 0.019156 -9.600000 -33.000000 22.799999
0.047607 0.974609 0.152344 -0.014899 0.024477 0.020220 -10.200000 -34.799999 24.000000
0.050293 0.980469 0.143311 -0.012771 0.023413 0.019156 -11.700000 -33.900002 24.299999
0.052979 0.975342 0.147217 -0.014899 0.021284 0.018092 -10.200000 -32.400002 24.000000
0.048828 0.979004 0.142822 -0.012771 0.020220 0.017028 -10.500000 -35.700001 24.900000
0.055420 0.977051 0.142090 -0.013835 0.023413 0.017028 -10.800000 -33.000000 24.000000
0.049561 0.978516 0.148438 -0.012771 0.023413 0.023413 -10.800000 -34.200001 23.400000
0.051514 0.978760 0.142822 -0.013835 0.023413 0.021284 -10.800000 -34.799999 24.600000
0.048096 0.979736 0.147949 -0.017028 0.024477 0.019156 -12.300000 -34.500000 22.500000
0.056152 0.978760 0.145508 -0.015963 0.025541 0.018092 -9.000000 -34.200001 24.000000
0.054688 0.985107 0.149902 -0.013835 0.023413 0.020220 -8.100000 -34.500000 24.299999
0.050049 0.973633 0.150879 -0.012771 0.024477 0.021284 -9.600000 -34.200001 22.799999
0.046631 0.973633 0.146973 -0.011706 0.024477 0.017028 -10.800000 -33.599998 24.600000
0.060303 0.973633 0.150391 -0.017028 0.024477 0.021284 -10.200000 -33.599998 24.600000
0.049561 0.981445 0.156738 -0.014899 0.026606 0.017028 -10.500000 -35.099998 23.700001
0.050781 0.978271 0.143311 -0.013835 0.024477 0.017028 -7.800000 -33.599998 24.000000
0.052002 0.975830 0.145752 -0.014899 0.022349 0.021284 -10.200000 -32.400002 24.600000
0.053955 0.971680 0.145996 -0.014899 0.022349 0.019156 -9.600000 -33.000000 25.200001
0.058350 0.975586 0.150146 -0.015963 0.023413 0.018092 -10.200000 -32.400002 24.000000
0.050537 0.979980 0.142822 -0.012771 0.023413 0.017028 -9.000000 -35.400002 23.400000
0.047119 0.980469 0.140869 -0.012771 0.025541 0.015963 -10.800000 -34.799999 23.400000
0.052246 0.974365 0.138184 -0.015963 0.023413 0.020220 -10.200000 -34.799999 24.000000
0.053711 0.974121 0.144287 -0.009578 0.023413 0.019156 -9.300000 -33.299999 23.700001
0.058105 0.978027 0.156494 -0.013835 0.024477 0.014899 -9.000000 -33.000000 22.799999
0.057129 0.975586 0.141602 -0.010642 0.024477 0.017028 -9.600000 -33.599998 22.799999
0.046143 0.976318 0.144287 -0.011706 0.020220 0.019156 -9.600000 -33.000000 24.000000
0.048584 0.975342 0.145020 -0.014899 0.025541 0.022349 -9.900000 -33.900002 24.900000
0.048828 0.979736 0.152344 -0.014899 0.024477 0.017028 -10.800000 -33.599998 23.400000
0.052734 0.978027 0.136963 -0.017028 0.025541 0.021284 -10.200000 -34.200001 22.799999
0.049805 0.980957 0.142334 -0.010642 0.019156 0.019156 -9.300000 -33.900002 24.900000
0.055908 0.974609 0.144531 -0.012771 0.025541 0.017028 -11.100000 -33.900002 23.100000
0.043213 0.974365 0.123047 -0.012771 0.035119 0.018092 -9.600000 -34.799999 24.000000
0.047852 0.988770 0.114014 -0.012771 0.032991 0.020220 -10.500000 -33.900002 22.500000
0.051025 0.994873 0.144043 -0.012771 0.036184 0.022349 -9.600000 -34.799999 24.600000
0.053955 0.975342 0.123291 -0.009578 0.041505 0.021284 -10.200000 -33.599998 23.400000
0.052002 0.976074 0.118896 -0.013835 0.032991 0.015963 -10.800000 -33.599998 22.799999
0.049316 0.967529 0.123291 -0.015963 0.021284 0.019156 -10.500000 -33.299999 23.100000
0.057861 0.960693 0.098145 -0.014899 -0.025541 0.013835 -10.800000 -34.200001 23.400000
0.037598 0.985840 0.128906 -0.012771 -0.037248 0.013835 -9.000000 -33.599998 22.200001
0.041016 0.985352 0.123779 -0.019156 -0.039376 0.011706 -10.500000 -34.500000 21.900000
0.065186 1.018799 0.162109 -0.012771 -0.058532 0.008514 -11.400000 -34.200001 24.000000
0.058105 0.970947 0.147705 -0.010642 -0.069175 0.007450 -12.000000 -33.599998 22.200001
0.047363 0.984375 0.134033 -0.010642 -0.080881 0.007450 -11.100000 -33.900002 23.100000
0.052490 0.969727 0.129150 -0.014899 -0.087266 0.006385 -11.400000 -33.599998 22.200001
0.052002 0.967529 0.139648 -0.019156 -0.090459 0.007450 -11.400000 -32.400002 23.400000
0.049805 0.955078 0.120605 -0.022349 -0.098973 0.004257 -14.700000 -33.900002 20.100000
0.055176 0.975586 0.151855 -0.020220 -0.091523 0.007450 -12.900000 -34.500000 21.900000
0.055908 0.973633 0.141846 -0.009578 -0.089395 0.000000 -13.800000 -32.400002 23.400000
0.050293 0.969482 0.139648 -0.021284 -0.084074 0.007450 -13.800000 -33.599998 21.600000
0.052490 0.963379 0.132568 -0.022349 -0.084074 0.004257 -14.100000 -32.700001 23.100000
0.054688 0.996338 0.153320 -0.021284 -0.076624 0.004257 -12.900000 -32.099998 20.700001
0.051758 0.955811 0.140381 -0.014899 -0.079817 0.008514 -13.500000 -33.900002 21.900000
0.045410 0.960693 0.117920 -0.019156 -0.083009 0.009578 -13.200000 -34.799999 21.600000
0.051758 0.947754 0.126709 -0.009578 -0.079817 0.007450 -14.400000 -34.200001 21.600000
0.044922 0.965088 0.131592 -0.021284 -0.071303 0.009578 -14.100000 -33.900002 21.900000
0.055176 0.967285 0.138672 -0.021284 -0.072367 0.008514 -13.800000 -34.799999 21.600000
0.052002 1.002686 0.147949 -0.014899 -0.058532 0.011706 -13.800000 -33.000000 21.000000
0.052002 0.989502 0.137695 -0.019156 -0.052147 0.009578 -12.900000 -33.299999 21.299999
0.052979 1.006836 0.163574 -0.009578 -0.046826 0.012771 -12.300000 -34.500000 19.500000
0.049561 0.961182 0.155029 -0.018092 -0.029798 0.014899 -12.900000 -33.299999 21.900000
0.062012 0.998291 0.155518 -0.022349 -0.031927 0.008514 -13.500000 -33.900002 19.500000
0.053955 0.963379 0.129150 -0.008514 -0.039376 0.021284 -13.800000 -33.599998 19.200001
0.035156 0.969482 0.120117 -0.022349 -0.015963 0.011706 -12.900000 -33.299999 20.100000
0.060791 1.041992 0.172363 -0.011706 0.015963 0.017028 -15.900000 -33.299999 20.100000
0.050049 0.988770 0.153076 -0.013835 0.050019 0.019156 -15.300000 -32.700001 19.500000
0.038574 0.972900 0.117432 -0.011706 0.072367 0.024477 -15.600000 -34.200001 21.000000
0.049805 1.003418 0.140625 -0.007450 0.096844 0.023413 -15.300000 -33.299999 19.500000
0.049072 0.961914 0.114502 -0.006385 0.111744 0.025541 -14.700000 -35.099998 19.500000
0.061279 0.978516 0.157227 -0.012771 0.105358 0.025541 -15.300000 -33.900002 18.900000
0.068604 0.998779 0.128174 -0.009578 0.084074 0.024477 -14.400000 -34.200001 19.799999
0.050293 0.983887 0.129883 -0.013835 0.073431 0.019156 -15.900000 -34.500000 20.100000
0.050293 0.980225 0.151367 -0.012771 0.058532 0.023413 -13.500000 -33.299999 20.100000
0.053955 0.991455 0.169189 -0.015963 0.050019 0.020220 -16.500000 -33.299999 18.299999
0.060547 0.988037 0.155762 -0.011706 0.014899 0.018092 -15.000000 -34.799999 19.200001
0.060059 0.996826 0.157471 -0.014899 -0.015963 0.015963 -14.700000 -33.299999 18.900000
0.048096 0.989258 0.145264 -0.010642 -0.020220 0.014899 -14.100000 -34.500000 18.900000
0.059326 0.978027 0.191650 -0.013835 -0.018092 0.011706 -16.500000 -33.900002 18.299999
0.057129 0.971924 0.147949 -0.023413 -0.036184 0.007450 -13.800000 -33.000000 21.600000
0.070312 0.964111 0.159912 -0.011706 -0.070239 0.008514 -16.500000 -33.299999 18.900000
0.066406 0.968018 0.191162 -0.019156 -0.093652 0.007450 -15.600000 -34.799999 18.600000
0.072998 1.000488 0.160889 -0.015963 -0.113872 0.007450 -16.200001 -34.799999 18.000000
0.054199 0.984131 0.131592 -0.014899 -0.110679 0.004257 -15.300000 -34.500000 17.700001
0.037354 1.003418 0.153320 -0.019156 -0.065982 0.008514 -15.000000 -34.200001 16.799999
0.023926 0.949463 0.139404 -0.015963 -0.012771 0.015963 -16.500000 -33.900002 19.500000
0.044189 0.972412 0.142334 -0.014899 0.019156 0.020220 -18.000000 -33.000000 18.600000
0.040771 0.979248 0.116699 -0.012771 0.041505 0.021284 -15.000000 -34.200001 18.000000
0.039307 0.965820 0.123047 -0.013835 0.054275 0.024477 -16.500000 -33.299999 18.900000
0.036621 0.958496 0.133057 -0.011706 0.081945 0.026606 -16.500000 -34.500000 19.500000
0.054199 0.997559 0.147217 -0.005321 0.081945 0.026606 -17.400000 -34.799999 18.600000
0.050293 0.971680 0.156982 -0.014899 0.074496 0.027670 -14.700000 -35.099998 18.900000
0.057617 0.972900 0.174561 -0.004257 0.043633 0.028734 -16.799999 -33.000000 18.000000
0.053223 0.976807 0.153809 -0.013835 0.004257 0.020220 -16.799999 -33.599998 19.200001
0.067139 0.995361 0.160400 -0.012771 -0.015963 0.021284 -15.300000 -34.500000 17.100000
0.062988 0.974121 0.165771 -0.012771 -0.019156 0.019156 -16.200001 -34.799999 16.799999
0.056641 0.985107 0.155029 -0.009578 -0.018092 0.013835 -15.300000 -34.500000 19.500000
0.045654 0.930176 0.140137 -0.015963 -0.009578 0.020220 -15.900000 -35.099998 18.299999
0.043701 0.948730 0.118408 -0.010642 0.007450 0.015963 -15.900000 -32.099998 16.500000
0.049072 0.976562 0.125244 -0.003193 0.008514 0.014899 -14.400000 -34.200001 19.200001
0.048096 0.986328 0.127441 -0.010642 0.027670 0.020220 -16.799999 -34.799999 18.000000
0.052002 0.969727 0.125488 -0.012771 0.008514 0.019156 -16.799999 -34.200001 18.000000
0.051025 1.013672 0.142822 -0.012771 0.009578 0.019156 -16.799999 -33.599998 18.600000
0.054443 0.982666 0.136719 -0.017028 -0.004257 0.019156 -15.900000 -33.299999 18.900000
0.048584 0.977783 0.130859 -0.004257 -0.020220 0.023413 -16.799999 -33.599998 18.000000
0.059570 1.017822 0.165527 -0.022349 -0.020220 0.013835 -15.900000 -33.900002 17.700001
0.062988 0.951904 0.136719 -0.018092 -0.060661 0.013835 -17.700001 -33.900002 18.299999
0.058838 1.001465 0.158447 -0.019156 -0.055340 0.010642 -18.299999 -35.099998 16.500000
0.060791 0.962891 0.132812 -0.013835 -0.063853 0.010642 -15.600000 -35.400002 18.600000
0.059326 0.983398 0.125488 -0.015963 -0.087266 0.010642 -16.200001 -34.200001 16.799999
0.061768 0.968018 0.133545 -0.019156 -0.098973 0.009578 -17.100000 -35.700001 18.900000
0.042480 0.932861 0.108398 -0.015963 -0.091523 0.006385 -16.500000 -34.500000 17.100000
0.059326 1.015625 0.157959 -0.021284 -0.088331 0.005321 -15.900000 -35.099998 18.900000
0.064453 1.000977 0.146240 -0.027670 -0.071303 0.008514 -16.200001 -34.200001 18.600000
0.049072 0.990723 0.163818 -0.010642 -0.035119 0.012771 -16.500000 -35.099998 18.900000
0.056641 0.950439 0.139404 -0.015963 -0.023413 0.015963 -17.400000 -36.000000 18.000000
0.066162 1.054688 0.179688 -0.015963 -0.007450 0.015963 -17.700001 -35.700001 18.900000
0.064209 0.983398 0.144775 -0.015963 -0.004257 0.018092 -16.799999 -34.200001 18.600000
0.063965 0.970459 0.143555 -0.009578 -0.007450 0.018092 -16.500000 -34.500000 18.900000
0.071777 0.998779 0.197998 -0.014899 0.007450 0.018092 -18.299999 -35.099998 18.299999
0.062256 0.991455 0.156982 -0.028734 -0.004257 0.018092 -16.500000 -36.299999 17.700001
0.057861 0.974854 0.166992 -0.012771 0.010642 0.019156 -15.600000 -36.599998 16.799999
0.068604 1.004883 0.186523 -0.021284 0.008514 0.017028 -17.400000 -34.799999 19.200001
0.064453 0.954102 0.206543 -0.014899 0.011706 0.015963 -17.700001 -35.700001 19.500000
0.082275 0.956787 0.223389 -0.022349 0.007450 0.014899 -17.700001 -35.700001 18.299999
0.063721 0.964355 0.207275 -0.015963 0.020220 0.017028 -15.900000 -35.099998 18.900000
0.059326 0.991699 0.150879 -0.017028 0.024477 0.017028 -18.299999 -35.099998 18.299999
0.056396 0.972168 0.138672 -0.011706 0.024477 0.020220 -18.299999 -35.099998 17.700001
0.053711 0.977295 0.130371 -0.012771 0.024477 0.019156 -16.500000 -35.099998 18.900000
0.054688 0.980225 0.141846 -0.009578 0.025541 0.018092 -16.500000 -37.500000 18.900000
0.062988 0.978516 0.138428 -0.012771 0.025541 0.018092 -17.700001 -33.900002 18.900000
0.057373 0.977783 0.143555 -0.013835 0.023413 0.020220 -19.500000 -35.099998 18.299999
0.053223 0.971680 0.145020 -0.013835 0.024477 0.018092 -16.200001 -35.400002 18.600000
0.055664 0.978027 0.141846 -0.010642 0.023413 0.019156 -16.500000 -35.099998 17.100000
0.054688 0.973633 0.146240 -0.011706 0.023413 0.019156 -18.299999 -35.099998 19.500000
0.054443 0.974365 0.138184 -0.013835 0.024477 0.018092 -16.200001 -34.799999 18.600000
0.057129 0.980713 0.143799 -0.011706 0.024477 0.018092 -17.100000 -35.099998 19.500000
0.065186 0.976562 0.145508 -0.012771 0.024477 0.020220 -17.100000 -35.099998 18.299999
0.056641 0.978760 0.137207 -0.011706 0.024477 0.018092 -16.500000 -35.700001 18.900000
0.059570 0.988770 0.140869 -0.014899 0.022349 0.018092 -18.000000 -33.599998 19.200001
0.054199 0.973633 0.138184 -0.013835 0.020220 0.019156 -18.900000 -35.099998 17.700001
0.054443 0.973877 0.139160 -0.011706 0.023413 0.019156 -18.900000 -33.900002 17.100000
0.058594 0.979980 0.142822 -0.013835 0.023413 0.019156 -17.700001 -33.900002 18.299999
0.056885 0.977783 0.146240 -0.014899 0.024477 0.020220 -17.100000 -36.900002 18.299999
0.048584 0.978516 0.138428 -0.011706 0.024477 0.020220 -17.400000 -34.799999 18.600000
0.046387 0.976318 0.141602 -0.011706 0.024477 0.019156 -15.900000 -35.099998 17.700001
0.058838 0.971191 0.143311 -0.011706 0.022349 0.021284 -16.200001 -35.400002 18.000000
0.052979 0.976562 0.142090 -0.011706 0.024477 0.019156 -16.799999 -35.400002 18.600000
0.054688 0.978516 0.145264 -0.012771 0.022349 0.017028 -18.000000 -35.400002 18.000000
0.054932 0.980225 0.144287 -0.015963 0.025541 0.019156 -16.799999 -35.400002 19.200001
0.050293 0.975830 0.141113 -0.013835 0.023413 0.020220 -16.500000 -35.099998 18.900000
0.055908 0.980225 0.137451 -0.013835 0.020220 0.018092 -16.500000 -35.099998 19.500000
0.060059 0.970703 0.138672 -0.015963 0.021284 0.020220 -16.799999 -34.799999 19.200001
0.052002 0.973877 0.142822 -0.011706 0.023413 0.020220 -17.700001 -36.299999 17.100000
0.057373 0.971924 0.150879 -0.012771 0.021284 0.019156 -17.700001 -36.900002 18.900000
0.056885 0.968262 0.138916 -0.014899 0.022349 0.018092 -18.600000 -35.400002 18.000000
0.052246 0.983887 0.152100 -0.010642 0.025541 0.019156 -18.000000 -35.400002 19.200001
0.055664 0.980957 0.144775 -0.011706 0.024477 0.019156 -15.900000 -33.299999 18.900000
0.058105 0.980225 0.145996 -0.011706 0.022349 0.020220 -15.900000 -35.700001 19.500000
0.054443 0.979492 0.149414 -0.013835 0.022349 0.017028 -17.100000 -35.700001 18.299999
0.055908 0.971924 0.150146 -0.012771 0.022349 0.021284 -16.799999 -33.599998 17.400000
0.052246 0.977051 0.146973 -0.012771 0.021284 0.020220 -15.300000 -35.700001 18.299999
0.056396 0.977051 0.143799 -0.017028 0.023413 0.019156 -15.900000 -34.500000 19.500000
0.049805 0.973145 0.123779 -0.014899 0.025541 0.018092 -16.799999 -34.799999 18.600000
0.058594 0.976807 0.142578 -0.014899 0.024477 0.018092 -17.100000 -34.500000 17.100000
0.060303 0.975830 0.144287 -0.014899 0.026606 0.015963 -17.100000 -35.099998 17.700001
0.052734 0.976074 0.139404 -0.013835 0.022349 0.021284 -15.900000 -35.700001 17.700001
0.055420 0.975342 0.143066 -0.014899 0.023413 0.018092 -16.200001 -34.200001 18.000000
0.052246 0.974121 0.139648 -0.015963 0.022349 0.019156 -17.700001 -33.900002 17.700001
0.057617 0.979248 0.146973 -0.013835 0.024477 0.019156 -16.500000 -35.700001 18.299999
0.056641 0.978027 0.151611 -0.013835 0.024477 0.017028 -18.299999 -36.900002 18.299999
0.057617 0.977295 0.147949 -0.009578 0.023413 0.018092 -16.500000 -35.700001 18.299999
0.055664 0.973877 0.138916 -0.009578 0.022349 0.018092 -18.600000 -32.400002 17.400000
0.054688 0.976318 0.138916 -0.010642 0.024477 0.018092 -18.000000 -36.599998 18.000000
0.061768 0.978760 0.140137 -0.014899 0.022349 0.020220 -17.100000 -35.700001 19.500000
0.056885 0.977295 0.147217 -0.012771 0.025541 0.017028 -18.900000 -34.500000 18.900000
0.059326 0.973389 0.137207 -0.011706 0.020220 0.020220 -17.700001 -34.500000 20.100000
0.052979 0.976318 0.142822 -0.013835 0.025541 0.020220 -16.200001 -34.200001 19.200001
0.054688 0.981689 0.141846 -0.013835 0.023413 0.019156 -18.299999 -34.500000 18.900000
0.055908 0.981689 0.142822 -0.014899 0.024477 0.020220 -18.000000 -36.000000 18.000000
0.058594 0.972656 0.146729 -0.010642 0.022349 0.015963 -16.799999 -36.000000 19.200001
0.061035 0.979492 0.132080 -0.012771 0.020220 0.015963 -17.100000 -35.099998 18.900000
0.060547 0.971680 0.146484 -0.015963 0.024477 0.019156 -17.400000 -34.200001 19.200001
0.058350 0.976562 0.142822 -0.012771 0.022349 0.017028 -17.400000 -35.400002 17.400000
0.051758 0.982422 0.136475 -0.011706 0.021284 0.020220 -16.799999 -35.400002 19.200001
0.053467 0.976074 0.150635 -0.015963 0.024477 0.022349 -17.100000 -35.099998 16.500000
0.052002 0.973877 0.146240 -0.011706 0.023413 0.020220 -16.500000 -35.099998 18.299999
0.056641 0.973389 0.146973 -0.010642 0.024477 0.021284 -16.500000 -35.700001 15.900000
0.055176 0.979248 0.139648 -0.013835 0.024477 0.019156 -17.700001 -34.500000 17.700001
0.058350 0.975342 0.145264 -0.012771 0.022349 0.020220 -17.400000 -34.200001 18.600000
0.054443 0.972900 0.152832 -0.011706 0.024477 0.015963 -18.000000 -36.599998 18.000000
0.056885 0.978516 0.132812 -0.012771 0.021284 0.017028 -17.400000 -36.599998 19.200001
0.053467 0.975586 0.140625 -0.013835 0.025541 0.017028 -18.299999 -34.500000 19.500000
0.056396 0.977051 0.147949 -0.012771 0.024477 0.019156 -16.799999 -34.799999 19.200001
0.058838 0.978760 0.140625 -0.012771 0.023413 0.015963 -16.799999 -36.000000 18.000000
0.052490 0.976074 0.137939 -0.013835 0.025541 0.015963 -17.100000 -35.700001 19.500000
0.056396 0.979248 0.145752 -0.012771 0.028734 0.015963 -17.400000 -35.400002 19.200001
0.061279 0.976807 0.146484 -0.010642 0.022349 0.018092 -17.400000 -36.000000 18.000000
0.055908 0.980225 0.150146 -0.012771 0.022349 0.022349 -18.600000 -36.000000 17.400000
0.060791 0.979980 0.151123 -0.014899 0.026606 0.019156 -16.500000 -34.500000 18.299999
0.055420 0.976074 0.149658 -0.013835 0.024477 0.018092 -18.299999 -36.299999 18.900000
0.051758 0.981934 0.148193 -0.014899 0.025541 0.020220 -15.300000 -36.299999 17.100000
0.054932 0.976807 0.142822 -0.012771 0.024477 0.018092 -16.799999 -36.599998 20.400000
0.057861 0.980957 0.148682 -0.008514 0.024477 0.017028 -18.299999 -36.299999 18.299999
0.057861 0.976807 0.137939 -0.012771 0.023413 0.015963 -17.100000 -36.900002 18.299999
0.052490 0.974854 0.144775 -0.013835 0.022349 0.017028 -17.700001 -35.099998 18.299999
0.060791 0.977295 0.143311 -0.011706 0.024477 0.017028 -17.400000 -36.599998 19.799999
0.059326 0.979736 0.146973 -0.012771 0.023413 0.020220 -17.100000 -35.099998 18.900000
0.059082 0.977295 0.137451 -0.012771 0.022349 0.018092 -17.700001 -35.700001 17.100000
0.054932 0.975586 0.132324 -0.015963 0.022349 0.020220 -16.200001 -35.400002 16.799999
0.058350 0.978760 0.140381 -0.017028 0.026606 0.019156 -16.799999 -34.200001 18.600000
0.051025 0.974854 0.139648 -0.013835 0.024477 0.019156 -17.700001 -36.299999 18.299999
0.058350 0.977539 0.128418 -0.012771 0.023413 0.020220 -18.000000 -36.599998 18.000000
0.057373 0.972900 0.149170 -0.009578 0.023413 0.014899 -16.799999 -35.400002 17.400000
0.049072 0.977539 0.138672 -0.013835 0.025541 0.021284 -18.900000 -34.500000 20.100000
0.057617 0.973389 0.142334 -0.014899 0.022349 0.020220 -17.100000 -36.900002 18.900000
0.058105 0.980225 0.147461 -0.013835 0.023413 0.019156 -17.100000 -34.500000 19.500000
0.051025 0.971191 0.143311 -0.014899 0.022349 0.019156 -17.400000 -35.400002 19.200001
0.053711 0.970459 0.138184 -0.013835 0.024477 0.018092 -16.500000 -35.099998 18.299999
0.062256 0.980713 0.149170 -0.012771 0.020220 0.019156 -17.100000 -36.900002 17.700001
0.061279 0.977783 0.142822 -0.013835 0.023413 0.018092 -17.700001 -35.700001 17.700001
0.052490 0.976074 0.148193 -0.010642 0.023413 0.020220 -17.700001 -34.500000 17.700001
0.054199 0.980469 0.146973 -0.013835 0.024477 0.019156 -17.400000 -34.799999 18.000000
0.059082 0.979736 0.143799 -0.014899 0.023413 0.015963 -15.900000 -36.299999 18.900000
0.056641 0.973877 0.135498 -0.014899 0.023413 0.021284 -15.300000 -35.099998 18.900000
0.055420 0.981201 0.145020 -0.015963 0.023413 0.017028 -18.000000 -36.599998 18.000000
0.051514 0.972656 0.143799 -0.013835 0.022349 0.019156 -17.100000 -35.700001 18.299999
0.055908 0.983154 0.131592 -0.011706 0.022349 0.020220 -16.200001 -34.200001 19.799999
0.054199 0.972656 0.139160 -0.014899 0.022349 0.023413 -18.000000 -36.000000 18.600000
0.049561 0.973145 0.146484 -0.012771 0.023413 0.018092 -15.900000 -35.099998 18.299999
0.062988 0.973877 0.140869 -0.015963 0.023413 0.019156 -15.900000 -36.299999 18.299999
0.055908 0.970459 0.154053 -0.012771 0.023413 0.021284 -17.700001 -35.700001 17.700001
0.049561 0.971924 0.144287 -0.011706 0.022349 0.019156 -18.299999 -35.700001 20.100000
0.055664 0.976562 0.143311 -0.013835 0.020220 0.017028 -15.900000 -35.099998 18.900000
0.058350 0.974609 0.139160 -0.011706 0.023413 0.017028 -17.400000 -36.000000 16.799999
0.062988 0.977295 0.146973 -0.012771 0.023413 0.018092 -17.700001 -34.500000 19.500000
0.058594 0.973633 0.152100 -0.012771 0.022349 0.020220 -16.500000 -33.900002 18.900000
0.057861 0.975586 0.152344 -0.010642 0.023413 0.022349 -18.299999 -36.299999 19.500000
0.054199 0.981445 0.140381 -0.015963 0.022349 0.019156 -18.900000 -35.700001 18.900000
0.052734 0.976807 0.152100 -0.015963 0.023413 0.021284 -15.000000 -36.000000 18.600000
0.050781 0.972168 0.154541 -0.010642 0.023413 0.018092 -17.100000 -34.500000 17.700001
0.056152 0.975586 0.144531 -0.017028 0.022349 0.019156 -15.900000 -35.700001 18.299999
0.059326 0.980957 0.144287 -0.010642 0.022349 0.024477 -17.100000 -35.099998 17.700001
0.051270 0.979980 0.143311 -0.014899 0.026606 0.019156 -16.799999 -37.200001 16.799999
0.056641 0.976562 0.140137 -0.009578 0.022349 0.020220 -16.799999 -35.400002 18.600000
0.051514 0.968262 0.140381 -0.013835 0.024477 0.017028 -17.400000 -34.799999 18.600000
0.060303 0.976318 0.147217 -0.013835 0.024477 0.019156 -16.200001 -35.400002 18.000000
0.059326 0.974121 0.142090 -0.012771 0.022349 0.019156 -17.700001 -34.500000 18.900000
0.052246 0.978027 0.148438 -0.013835 0.023413 0.018092 -16.799999 -35.400002 19.200001
0.057861 0.976807 0.142334 -0.010642 0.022349 0.013835 -17.400000 -34.799999 17.400000
0.053223 0.973389 0.142090 -0.012771 0.025541 0.018092 -15.900000 -36.299999 19.500000
0.050049 0.973145 0.141357 -0.013835 0.022349 0.020220 -17.100000 -33.299999 18.900000
0.054443 0.968262 0.146729 -0.013835 0.027670 0.019156 -16.200001 -34.799999 18.600000
0.060059 0.970947 0.140381 -0.012771 0.021284 0.020220 -15.000000 -36.000000 18.600000
0.053467 0.978516 0.158447 -0.014899 0.023413 0.020220 -16.500000 -35.700001 18.299999
0.060303 0.979736 0.147705 -0.013835 0.024477 0.019156 -16.500000 -35.099998 17.700001
0.058105 0.971680 0.142578 -0.019156 0.025541 0.020220 -16.799999 -37.200001 18.600000
0.062500 0.978271 0.140381 -0.014899 0.022349 0.019156 -17.700001 -34.500000 18.299999
0.049805 0.972900 0.137939 -0.013835 0.025541 0.018092 -16.500000 -35.099998 18.900000
0.051758 0.978027 0.148438 -0.012771 0.021284 0.019156 -17.100000 -35.700001 18.299999
0.049561 0.974609 0.134521 -0.011706 0.025541 0.018092 -18.000000 -35.400002 19.799999
0.057861 0.976562 0.145264 -0.013835 0.025541 0.015963 -18.600000 -35.400002 18.600000
0.055908 0.978760 0.148926 -0.011706 0.023413 0.018092 -17.700001 -34.500000 17.700001
0.049561 0.980225 0.138184 -0.011706 0.023413 0.015963 -18.000000 -35.400002 18.600000
0.052490 0.976807 0.151855 -0.015963 0.021284 0.018092 -18.299999 -36.299999 19.500000
0.051758 0.980957 0.141357 -0.013835 0.024477 0.021284 -16.799999 -34.799999 19.799999
0.054443 0.974365 0.137939 -0.013835 0.022349 0.020220 -17.100000 -35.700001 17.700001
0.058350 0.973633 0.137695 -0.015963 0.022349 0.020220 -16.500000 -36.299999 17.700001
0.051025 0.982910 0.137939 -0.014899 0.021284 0.020220 -17.100000 -35.700001 18.900000
0.060303 0.975830 0.142090 -0.013835 0.025541 0.018092 -19.200001 -36.000000 17.400000
0.057129 0.981201 0.149414 -0.014899 0.023413 0.017028 -17.100000 -36.299999 18.299999
0.045654 0.970459 0.143555 -0.013835 0.024477 0.019156 -16.799999 -36.599998 18.000000
0.053467 0.977295 0.139893 -0.014899 0.023413 0.017028 -17.700001 -35.700001 17.700001
0.055420 0.980713 0.145020 -0.012771 0.023413 0.019156 -16.799999 -36.000000 18.600000
0.056885 0.974854 0.154053 -0.017028 0.024477 0.019156 -17.100000 -36.299999 18.900000
0.051025 0.974854 0.140625 -0.010642 0.023413 0.021284 -18.600000 -36.000000 19.200001
0.052002 0.978027 0.145752 -0.013835 0.023413 0.017028 -16.500000 -35.700001 18.299999
0.054199 0.980713 0.147461 -0.015963 0.020220 0.021284 -18.600000 -36.000000 18.600000
0.062256 0.976074 0.144287 -0.015963 0.022349 0.020220 -16.200001 -35.400002 19.200001
0.060547 0.972168 0.146973 -0.015963 0.023413 0.020220 -16.500000 -33.900002 18.900000
0.054932 0.969971 0.148682 -0.015963 0.022349 0.017028 -17.400000 -34.799999 18.000000
0.057861 0.976562 0.149658 -0.010642 0.022349 0.020220 -17.100000 -35.099998 18.900000
0.060547 0.980713 0.146729 -0.011706 0.024477 0.021284 -17.100000 -36.299999 17.700001
0.055664 0.978027 0.143555 -0.014899 0.025541 0.019156 -18.299999 -35.700001 18.900000
0.053467 0.980713 0.148438 -0.011706 0.025541 0.021284 -15.900000 -35.700001 18.900000
0.049072 0.972168 0.142090 -0.013835 0.025541 0.018092 -16.500000 -34.500000 17.700001
0.055664 0.978516 0.144531 -0.013835 0.022349 0.019156 -17.100000 -34.500000 18.900000
0.060791 0.976318 0.134766 -0.013835 0.023413 0.017028 -16.799999 -34.799999 18.600000
0.053955 0.974609 0.142090 -0.014899 0.024477 0.018092 -17.400000 -34.200001 18.000000
0.060791 0.979004 0.133545 -0.013835 0.022349 0.015963 -15.600000 -35.400002 19.200001
0.052002 0.975586 0.143066 -0.011706 0.023413 0.015963 -16.500000 -35.099998 18.900000
0.051025 0.975098 0.141357 -0.011706 0.021284 0.017028 -16.500000 -34.500000 18.299999
0.051270 0.974854 0.141602 -0.014899 0.023413 0.018092 -16.500000 -35.099998 20.100000
0.061035 0.977051 0.136230 -0.012771 0.024477 0.018092 -19.200001 -36.000000 19.200001
0.051758 0.977539 0.139160 -0.012771 0.024477 0.020220 -16.799999 -34.799999 18.000000
0.055420 0.989258 0.138672 -0.012771 0.022349 0.019156 -17.100000 -36.299999 18.299999
0.055420 0.979248 0.154297 -0.014899 0.023413 0.019156 -16.200001 -36.000000 19.200001
0.056396 0.977295 0.141113 -0.012771 0.023413 0.021284 -18.000000 -34.799999 18.000000
0.054688 0.980225 0.149902 -0.015963 0.023413 0.020220 -16.500000 -36.299999 17.700001
0.056396 0.980225 0.147217 -0.014899 0.022349 0.019156 -18.299999 -35.099998 20.100000
0.057373 0.977051 0.145996 -0.010642 0.024477 0.015963 -15.600000 -35.400002 18.600000
