-0.018555 -0.034180 -0.974121 -0.015963 0.023413 0.020220 36.599998 -4.200000 84.599998
-0.017822 -0.035156 -0.987061 -0.011706 0.022349 0.020220 37.500000 -3.900000 82.500000
-0.015381 -0.033691 -0.980957 -0.010642 0.018092 0.015963 36.000000 -4.200000 82.199997
-0.013916 -0.037598 -0.977295 -0.013835 0.019156 0.015963 37.200001 -6.000000 82.800003
-0.008301 -0.038574 -0.977783 -0.013835 0.021284 0.018092 35.099998 -5.100000 83.099998
-0.014893 -0.037598 -0.968506 -0.011706 0.018092 0.021284 37.200001 -3.600000 83.400002
-0.014160 -0.041992 -0.978516 -0.013835 0.020220 0.019156 37.500000 -4.500000 83.699997
-0.018555 -0.034180 -0.979492 -0.019156 0.021284 0.020220 37.200001 -4.200000 82.800003
-0.023682 -0.036377 -0.973145 -0.015963 0.018092 0.017028 36.900002 -4.500000 83.699997
-0.014404 -0.044678 -0.988525 -0.011706 0.021284 0.017028 37.500000 -4.500000 81.900002
-0.019287 -0.040283 -0.981689 -0.013835 0.020220 0.018092 37.200001 -4.800000 81.599998
-0.021729 -0.036621 -0.977295 -0.011706 0.020220 0.021284 36.000000 -4.800000 84.599998
-0.015381 -0.039551 -0.987305 -0.015963 0.021284 0.019156 34.799999 -4.800000 83.400002
-0.021240 -0.036133 -0.982422 -0.011706 0.020220 0.017028 36.900002 -3.300000 83.699997
-0.013672 -0.036377 -0.976318 -0.014899 0.021284 0.021284 35.700001 -3.300000 84.300003
-0.018799 -0.038086 -0.981201 -0.014899 0.018092 0.020220 35.700001 -3.900000 82.500000
-0.015869 -0.042725 -0.983643 -0.012771 0.019156 0.019156 36.599998 -4.800000 83.400002
-0.017090 -0.037354 -1.000732 -0.015963 0.025541 0.021284 35.400002 -4.800000 83.400002
-0.030029 -0.028076 -0.966309 -0.023413 0.030863 0.020220 37.799999 -3.000000 82.800003
-0.188232 -0.107910 -0.893555 -0.036184 0.091523 0.244772 37.500000 -5.100000 83.699997
-0.244873 -0.071533 -0.986084 -0.009578 -0.069175 0.162826 36.599998 -5.400000 82.199997
-0.485107 -0.116455 -0.847900 -0.009578 0.002128 -0.003193 37.200001 -4.800000 84.000000
-0.497559 -0.169678 -0.956543 -0.060661 -0.095780 -0.097909 36.599998 -5.400000 82.800003
-0.609131 -0.164307 -1.029785 -0.055340 0.058532 -0.259671 37.799999 -4.800000 82.800003
-0.355713 -0.219727 -0.902832 -0.007450 -0.052147 -0.597030 36.599998 -3.000000 82.199997
-0.427490 -0.054932 -0.952881 -0.094716 0.170276 -1.022720 36.900002 -4.500000 82.500000
0.188721 -0.057617 -0.771729 -0.091523 0.047890 -1.191931 36.299999 -2.700000 81.900002
0.021484 -0.431641 -0.615479 0.059597 0.138349 -0.905655 36.299999 -0.300000 81.900002
0.255615 -0.055176 -1.178711 0.014899 0.012771 -0.829031 34.500000 -0.300000 81.300003
0.368164 0.068115 -0.817383 0.015963 0.084074 -0.738572 36.000000 0.600000 80.400002
0.380371 0.147949 -1.060059 0.055340 -0.050019 -0.689617 37.200001 1.800000 80.400002
0.397217 0.104736 -0.930664 -0.006385 0.065982 -0.515085 36.000000 2.400000 80.400002
0.310303 0.121338 -1.090332 -0.072367 -0.022349 -0.408662 35.099998 2.100000 81.300003
0.269043 0.038086 -0.907715 0.011706 0.051083 -0.190496 34.500000 2.100000 81.300003
0.205566 0.052490 -1.005371 -0.026606 0.007450 -0.074496 34.200001 1.200000 82.199997
0.141357 0.020020 -0.983154 -0.014899 0.030863 0.129835 34.799999 3.000000 81.000000
-0.050293 -0.026611 -0.958008 0.024477 0.019156 0.088331 35.400002 3.600000 81.599998
-0.003418 0.028809 -0.977051 -0.008514 0.024477 0.021284 35.099998 2.700000 80.699997
-0.018799 -0.054443 -0.975098 -0.009578 0.023413 0.000000 36.900002 2.700000 81.900002
-0.007324 -0.045898 -0.976074 -0.012771 0.019156 0.021284 34.500000 3.900000 81.300003
-0.006348 -0.023438 -0.981689 -0.015963 0.023413 0.019156 35.700001 3.300000 80.699997
-0.011963 -0.059082 -0.983643 -0.015963 0.018092 0.014899 34.200001 1.800000 80.400002
-0.007812 -0.049805 -0.974365 -0.015963 0.017028 0.021284 34.200001 3.600000 81.599998
-0.014404 -0.025146 -0.982178 -0.010642 0.020220 0.025541 34.799999 3.600000 82.199997
-0.003418 -0.034668 -0.966309 -0.017028 0.017028 0.018092 34.200001 3.000000 80.400002
-0.013916 -0.042725 -0.977295 -0.013835 0.022349 0.014899 34.799999 1.800000 79.800003
-0.013916 -0.047363 -0.949463 -0.018092 0.017028 0.021284 35.400002 3.000000 81.599998
-0.001709 -0.031982 -1.005615 -0.015963 0.019156 0.021284 34.799999 3.000000 81.000000
-0.013672 -0.033691 -0.948730 -0.012771 0.023413 0.019156 35.400002 3.000000 82.199997
-0.005371 -0.035156 -0.986572 -0.012771 0.020220 0.014899 35.099998 2.700000 81.300003
-0.013672 -0.043701 -0.982178 -0.012771 0.023413 0.018092 34.799999 3.000000 80.400002
-0.011963 -0.035889 -0.973633 -0.012771 0.020220 0.017028 35.099998 0.900000 79.500000
-0.014404 -0.034668 -0.982178 -0.013835 0.019156 0.017028 34.200001 2.400000 81.000000
-0.004150 -0.041260 -0.972168 -0.014899 0.023413 0.015963 36.000000 2.400000 81.000000
-0.011719 -0.039307 -0.985840 -0.014899 0.020220 0.019156 34.200001 2.400000 80.400002
-0.008301 -0.037354 -0.985596 -0.013835 0.019156 0.022349 35.400002 1.800000 81.000000
-0.005371 -0.037598 -0.975830 -0.018092 0.020220 0.019156 34.200001 3.000000 82.199997
-0.008301 -0.039795 -0.978760 -0.011706 0.020220 0.021284 33.599998 2.400000 81.000000
-0.004395 -0.037842 -0.972168 -0.015963 0.019156 0.017028 32.700001 2.700000 80.699997
-0.016846 -0.034668 -0.973633 -0.014899 0.021284 0.020220 35.099998 1.500000 81.300003
-0.008545 -0.039795 -0.972412 -0.012771 0.023413 0.017028 33.000000 2.400000 81.599998
-0.011475 -0.041504 -0.977539 -0.015963 0.019156 0.015963 35.099998 2.100000 81.300003
-0.013428 -0.035400 -0.975098 -0.012771 0.021284 0.022349 34.799999 3.600000 82.199997
-0.007568 -0.037354 -0.983154 -0.013835 0.018092 0.018092 35.700001 2.100000 81.300003
-0.016602 -0.037109 -0.984619 -0.015963 0.020220 0.019156 36.000000 1.800000 81.000000
-0.016357 -0.036621 -0.985596 -0.014899 0.018092 0.014899 34.200001 3.600000 82.199997
-0.009766 -0.031738 -0.977783 -0.017028 0.020220 0.022349 35.700001 2.700000 80.099998
-0.006836 -0.033447 -0.968994 -0.010642 0.021284 0.019156 35.099998 2.700000 81.900002
-0.002930 -0.040039 -0.977783 -0.018092 0.022349 0.018092 35.700001 3.300000 82.500000
-0.012695 -0.039062 -0.964600 -0.014899 0.018092 0.020220 34.500000 2.700000 81.900002
-0.009277 -0.040527 -0.979004 -0.014899 0.022349 0.017028 34.799999 1.800000 81.000000
-0.008789 -0.038330 -0.982910 -0.014899 0.020220 0.020220 34.500000 3.300000 81.300003
-0.012451 -0.040771 -0.972656 -0.010642 0.019156 0.017028 34.799999 1.800000 82.199997
-0.009277 -0.032227 -0.983154 -0.017028 0.020220 0.018092 32.700001 3.300000 80.699997
-0.009521 -0.032227 -0.968262 -0.015963 0.021284 0.018092 34.500000 2.700000 83.099998
-0.003906 -0.040527 -0.981689 -0.018092 0.021284 0.015963 34.500000 3.900000 80.099998
-0.009277 -0.040527 -0.983398 -0.014899 0.018092 0.018092 36.299999 4.500000 80.699997
-0.009033 -0.044678 -0.979248 -0.017028 0.020220 0.020220 34.500000 3.300000 81.300003
-0.017090 -0.041992 -0.975342 -0.015963 0.020220 0.017028 33.299999 1.500000 81.300003
-0.008301 -0.034180 -0.975830 -0.010642 0.021284 0.020220 35.099998 2.700000 80.099998
-0.015869 -0.041016 -0.976562 -0.013835 0.019156 0.021284 34.799999 3.000000 81.599998
-0.012939 -0.035645 -0.982910 -0.014899 0.019156 0.018092 33.599998 2.400000 79.800003
-0.006104 -0.041992 -0.973877 -0.011706 0.018092 0.018092 35.099998 2.700000 81.300003
-0.006836 -0.033447 -0.965820 -0.013835 0.021284 0.018092 35.400002 3.000000 81.599998
-0.013428 -0.036133 -0.973633 -0.013835 0.020220 0.018092 35.700001 3.300000 81.300003
-0.008301 -0.041016 -0.980469 -0.015963 0.020220 0.018092 34.500000 3.900000 80.099998
-0.010010 -0.040527 -0.982422 -0.013835 0.022349 0.017028 34.500000 3.300000 80.699997
-0.009033 -0.036377 -0.980469 -0.014899 0.020220 0.018092 32.400002 3.600000 81.599998
-0.010254 -0.034424 -0.982666 -0.014899 0.021284 0.015963 35.400002 3.600000 80.400002
-0.017090 -0.034912 -0.973877 -0.012771 0.019156 0.018092 33.299999 4.500000 81.900002
-0.013916 -0.042236 -0.980713 -0.014899 0.019156 0.019156 34.799999 1.800000 80.400002
-0.005859 -0.035156 -0.982666 -0.013835 0.023413 0.018092 35.700001 0.900000 80.099998
-0.011719 -0.037354 -0.974121 -0.014899 0.018092 0.020220 35.099998 2.700000 81.300003
-0.008545 -0.044189 -0.980225 -0.011706 0.018092 0.017028 35.400002 3.000000 81.000000
-0.010986 -0.031250 -0.980957 -0.015963 0.019156 0.020220 33.599998 2.400000 79.800003
-0.008301 -0.034668 -0.978271 -0.013835 0.018092 0.020220 35.400002 2.400000 80.400002
-0.011963 -0.036377 -0.986816 -0.011706 0.019156 0.019156 35.400002 1.800000 82.199997
-0.006836 -0.037109 -0.986816 -0.012771 0.019156 0.017028 35.400002 2.400000 80.400002
-0.012939 -0.033691 -0.970947 -0.014899 0.021284 0.018092 34.200001 2.400000 81.000000
-0.006104 -0.034912 -0.970215 -0.013835 0.020220 0.014899 35.700001 2.700000 81.300003
-0.005615 -0.032715 -0.981934 -0.011706 0.020220 0.019156 35.700001 3.300000 81.900002
-0.008545 -0.036621 -0.984131 -0.013835 0.020220 0.019156 34.500000 3.900000 81.300003
-0.011475 -0.032227 -0.980225 -0.013835 0.020220 0.018092 32.099998 2.700000 80.699997
-0.010742 -0.039795 -0.977783 -0.014899 0.019156 0.018092 35.400002 3.600000 81.599998
-0.007568 -0.033936 -0.980469 -0.013835 0.020220 0.020220 34.200001 3.000000 81.599998
-0.010986 -0.039062 -0.975342 -0.012771 0.020220 0.017028 35.099998 3.300000 82.500000
-0.005859 -0.035645 -0.975098 -0.017028 0.020220 0.017028 35.099998 3.300000 81.300003
-0.016357 -0.040039 -0.978516 -0.012771 0.017028 0.018092 35.099998 2.700000 80.099998
-0.017334 -0.034180 -0.984619 -0.012771 0.022349 0.018092 35.099998 2.700000 81.900002
-0.009033 -0.041992 -0.977295 -0.015963 0.020220 0.019156 35.099998 2.700000 80.699997
-0.011719 -0.036621 -0.979736 -0.011706 0.020220 0.019156 34.200001 3.600000 81.599998
-0.013428 -0.038330 -0.989258 -0.015963 0.020220 0.017028 35.400002 1.800000 82.199997
-0.016357 -0.033447 -0.975586 -0.014899 0.020220 0.019156 35.400002 1.800000 81.599998
-0.009521 -0.034424 -0.977783 -0.010642 0.022349 0.022349 34.200001 1.800000 82.199997
-0.015625 -0.033203 -0.977051 -0.014899 0.020220 0.017028 35.700001 3.300000 81.900002
-0.012695 -0.039551 -0.982666 -0.014899 0.019156 0.022349 33.599998 3.600000 82.800003
-0.013184 -0.035889 -0.974609 -0.010642 0.020220 0.017028 34.200001 3.000000 82.199997
-0.007324 -0.035400 -0.983398 -0.010642 0.021284 0.008514 34.799999 3.000000 79.199997
-0.018066 0.195312 -0.991943 -0.047890 0.007450 -1.045068 35.400002 3.600000 81.000000
0.074463 0.489258 -0.975098 -0.045762 -0.030863 -3.155425 34.500000 6.300000 81.900002
0.208252 0.523438 -0.985840 -0.092588 -0.079817 -5.773417 33.599998 10.200000 81.000000
0.441895 0.490479 -0.945557 -0.084074 -0.141542 -8.531886 24.600000 19.799999 82.199997
0.584717 0.074219 -1.274414 -0.142606 -0.189432 -9.889836 19.799999 24.600000 82.199997
0.763184 -0.522949 -0.876953 -0.085138 -0.219230 -8.331812 7.200000 28.200001 80.400002
0.151855 -0.511230 -0.906494 -0.072367 -0.089395 -5.913894 0.300000 27.900000 81.300003
0.212646 -0.384033 -0.929199 -0.063853 -0.063853 -4.080236 -6.000000 27.000000 81.599998
0.028320 -0.229248 -1.022705 -0.044697 -0.038312 -2.429624 -7.800000 26.400000 81.000000
-0.068115 -0.367188 -0.987061 -0.031927 0.008514 -1.030169 -9.900000 23.700001 83.099998
-0.093018 -0.262207 -0.984131 -0.019156 0.037248 0.134092 -9.900000 24.900000 81.300003
-0.008301 -0.059570 -0.971436 -0.015963 0.034055 0.416112 -10.200000 26.400000 81.599998
0.012451 -0.010742 -0.963867 -0.006385 0.021284 0.495928 -9.600000 26.400000 82.199997
-0.012939 0.016357 -0.992920 -0.005321 0.017028 0.461873 -8.400000 26.400000 81.000000
0.025391 -0.011475 -0.933350 -0.009578 0.025541 0.428882 -8.400000 27.000000 80.400002
0.010742 0.016113 -0.956299 -0.010642 0.028734 0.341616 -7.200000 24.600000 82.800003
-0.015869 -0.001221 -0.962646 -0.013835 0.026606 0.260735 -8.400000 25.799999 81.000000
-0.020508 -0.052246 -0.958008 -0.012771 0.036184 0.368222 -7.500000 26.700001 81.900002
-0.031982 -0.073975 -0.958984 -0.007450 0.036184 0.640663 -7.200000 26.400000 81.599998
-0.030273 -0.048096 -0.981201 -0.012771 0.040441 0.852444 -4.800000 26.400000 80.400002
-0.001465 -0.056885 -0.969482 -0.006385 0.041505 0.975894 -4.200000 27.000000 82.199997
-0.003906 -0.045166 -0.990967 0.003193 0.039376 1.040811 -2.400000 26.400000 81.599998
-0.004639 -0.031006 -0.986084 -0.006385 0.039376 1.069545 -2.100000 27.299999 81.900002
0.003174 -0.034912 -0.988770 -0.007450 0.042569 1.094023 -2.700000 29.100000 81.300003
0.001465 0.012695 -0.990234 0.006385 0.031927 1.078059 0.000000 28.200001 82.199997
0.010254 0.003418 -0.961182 -0.010642 0.044697 1.050389 2.100000 27.299999 80.099998
0.006348 -0.011719 -0.989746 -0.001064 0.039376 1.004628 2.100000 27.900000 80.099998
0.000732 -0.015869 -0.995117 -0.009578 0.030863 0.962059 3.600000 27.000000 80.400002
0.000732 -0.009521 -0.996338 -0.007450 0.026606 0.921618 3.600000 28.200001 81.000000
-0.004395 0.007324 -0.964111 -0.004257 0.045762 0.853508 3.900000 27.900000 80.699997
-0.003906 -0.010254 -1.000488 -0.008514 0.038312 0.812003 4.500000 27.299999 82.500000
0.004639 -0.014893 -0.983887 -0.008514 0.029798 0.783269 7.200000 27.600000 80.400002
-0.017822 -0.020264 -0.968750 0.001064 0.046826 0.715159 8.700000 28.500000 79.500000
-0.004150 0.005127 -0.994141 -0.009578 0.039376 0.672590 9.900000 27.900000 82.500000
0.014648 -0.011963 -0.987061 -0.005321 0.018092 0.619379 9.300000 29.100000 81.300003
0.013428 0.000977 -0.972656 -0.010642 0.022349 0.548075 8.400000 28.799999 79.199997
0.011963 0.003174 -0.968262 -0.014899 0.012771 0.432075 11.100000 27.900000 81.900002
0.028076 0.001953 -1.000977 -0.013835 0.022349 0.264992 9.900000 28.500000 80.699997
-0.001221 0.020020 -0.964355 -0.011706 0.032991 0.091523 9.900000 27.900000 81.900002
-0.015381 -0.046631 -0.962646 -0.011706 0.024477 0.017028 10.800000 27.000000 80.400002
-0.000977 -0.021484 -0.985596 -0.011706 0.014899 0.025541 11.700000 29.100000 81.300003
0.001953 -0.003906 -0.987793 -0.019156 0.025541 0.025541 11.100000 27.900000 80.699997
-0.006104 -0.011719 -0.969971 -0.015963 0.022349 0.022349 11.400000 27.000000 81.599998
0.002197 -0.016602 -0.979492 -0.015963 0.018092 0.015963 11.400000 27.000000 81.599998
-0.000732 -0.023926 -0.983398 -0.013835 0.019156 0.014899 10.500000 27.299999 80.699997
-0.006104 -0.024658 -0.978516 -0.012771 0.020220 0.015963 10.200000 28.200001 81.599998
-0.002441 -0.025879 -0.977051 -0.012771 0.019156 0.022349 10.500000 27.900000 81.300003
0.001953 -0.018555 -0.978760 -0.013835 0.021284 0.024477 10.500000 28.500000 80.699997
-0.002686 -0.015625 -0.979248 -0.017028 0.020220 0.020220 9.600000 27.600000 81.000000
-0.002441 -0.018799 -0.975342 -0.012771 0.018092 0.020220 9.300000 27.900000 81.900002
-0.001953 -0.018311 -0.984863 -0.017028 0.018092 0.015963 12.000000 28.200001 79.199997
-0.003174 -0.018555 -0.981934 -0.012771 0.020220 0.017028 10.800000 28.200001 80.400002
-0.003906 -0.021484 -0.982178 -0.013835 0.018092 0.017028 10.200000 27.000000 81.000000
0.001221 -0.019287 -0.977783 -0.014899 0.020220 0.019156 9.900000 28.500000 80.699997
-0.000977 -0.017578 -0.980957 -0.012771 0.021284 0.017028 10.800000 28.799999 80.400002
0.001465 -0.019775 -0.982422 -0.014899 0.017028 0.019156 10.200000 27.600000 81.599998
-0.000977 -0.014893 -0.983398 -0.014899 0.018092 0.014899 8.700000 26.700001 80.699997
-0.004395 -0.021973 -0.983643 -0.012771 0.020220 0.021284 10.500000 26.100000 81.300003
-0.002686 -0.019531 -0.979980 -0.014899 0.018092 0.022349 11.400000 27.000000 81.599998
-0.009277 -0.019531 -0.970947 -0.011706 0.019156 0.020220 9.900000 28.500000 79.500000
-0.007324 -0.017334 -0.978760 -0.013835 0.023413 0.018092 11.100000 26.100000 81.300003
-0.001953 -0.016602 -0.978271 -0.013835 0.022349 0.019156 10.200000 25.799999 80.400002
-0.001709 -0.022461 -0.979736 -0.013835 0.020220 0.022349 9.300000 27.299999 80.099998
0.003906 -0.019531 -0.976318 -0.014899 0.020220 0.014899 10.200000 25.799999 81.000000
0.000000 -0.023438 -0.979004 -0.012771 0.020220 0.018092 11.100000 26.700001 80.699997
-0.002441 -0.022949 -0.971191 -0.014899 0.020220 0.020220 11.700000 26.700001 79.500000
0.000488 -0.020508 -0.984863 -0.014899 0.021284 0.017028 9.600000 27.000000 79.800003
-0.001953 -0.017578 -0.984619 -0.010642 0.018092 0.020220 11.400000 25.799999 81.000000
0.005615 -0.019287 -0.974854 -0.014899 0.024477 0.019156 10.500000 27.900000 81.300003
-0.000977 -0.017578 -0.972412 -0.014899 0.018092 0.017028 10.500000 26.700001 81.900002
-0.000244 -0.017090 -0.983154 -0.012771 0.018092 0.020220 10.500000 27.900000 81.900002
-0.003174 -0.018799 -0.987549 -0.014899 0.022349 0.018092 12.300000 27.299999 81.900002
-0.001709 -0.017578 -0.985596 -0.012771 0.021284 0.018092 9.900000 28.500000 80.099998
-0.003662 -0.013672 -0.983398 -0.013835 0.017028 0.019156 9.900000 27.299999 80.699997
0.002686 -0.016846 -0.981445 -0.011706 0.022349 0.015963 10.500000 28.500000 81.300003
0.001953 -0.018066 -0.981445 -0.014899 0.020220 0.019156 11.400000 27.600000 81.000000
-0.007324 -0.019043 -0.976807 -0.012771 0.019156 0.017028 10.200000 28.799999 81.000000
0.002930 -0.020264 -0.972412 -0.010642 0.020220 0.018092 10.500000 28.500000 80.699997
-0.001221 -0.014160 -0.977539 -0.012771 0.019156 0.018092 9.300000 26.700001 80.099998
0.000732 -0.014893 -0.977539 -0.012771 0.022349 0.019156 11.700000 26.700001 80.699997
-0.001465 -0.020752 -0.983154 -0.013835 0.020220 0.017028 11.100000 27.900000 81.300003
0.001465 -0.018311 -0.975586 -0.013835 0.018092 0.020220 11.400000 27.000000 80.400002
-0.004639 -0.014893 -0.972656 -0.012771 0.018092 0.017028 11.100000 27.299999 81.300003
-0.000488 -0.022949 -0.984863 -0.009578 0.021284 0.020220 9.900000 26.700001 80.699997
-0.004639 -0.021240 -0.973389 -0.017028 0.018092 0.017028 10.500000 27.900000 81.300003
0.000977 -0.020264 -0.982422 -0.012771 0.021284 0.017028 9.600000 28.200001 82.199997
-0.004883 -0.018066 -0.985352 -0.015963 0.018092 0.019156 10.200000 27.600000 82.800003
-0.004639 -0.015869 -0.981689 -0.015963 0.019156 0.022349 9.900000 28.500000 82.500000
-0.003906 -0.024658 -0.982666 -0.014899 0.023413 0.015963 10.200000 27.600000 80.400002
-0.002441 -0.021973 -0.979004 -0.012771 0.021284 0.017028 9.900000 27.299999 82.500000
-0.007568 -0.021484 -0.978516 -0.010642 0.019156 0.017028 9.000000 26.400000 81.599998
-0.002441 -0.018799 -0.971436 -0.017028 0.019156 0.019156 9.300000 29.100000 81.900002
0.004395 -0.020996 -0.975586 -0.014899 0.020220 0.017028 10.200000 27.600000 82.199997
-0.003174 -0.019775 -0.981201 -0.011706 0.018092 0.019156 10.500000 26.700001 82.500000
-0.001221 -0.019287 -0.972656 -0.012771 0.019156 0.015963 12.300000 27.900000 82.500000
-0.004395 -0.017578 -0.987549 -0.012771 0.022349 0.015963 10.500000 26.700001 80.699997
-0.008057 -0.023926 -0.970947 -0.012771 0.021284 0.019156 11.100000 26.700001 81.300003
-0.006592 -0.017578 -0.983154 -0.014899 0.019156 0.019156 10.800000 27.000000 81.000000
0.005615 -0.021240 -0.980469 -0.012771 0.019156 0.019156 10.800000 25.799999 79.199997
-0.000977 -0.010742 -0.982178 -0.014899 0.020220 0.018092 10.200000 27.000000 81.599998
-0.001221 -0.020264 -0.968750 -0.011706 0.023413 0.018092 11.700000 27.299999 80.099998
-0.003174 -0.017090 -0.982178 -0.017028 0.022349 0.017028 9.000000 27.600000 81.599998
-0.006836 -0.018555 -0.991211 -0.014899 0.020220 0.018092 10.800000 27.600000 83.400002
-0.008789 -0.018066 -0.973145 -0.015963 0.021284 0.017028 10.800000 27.000000 82.199997
-0.005127 -0.026367 -0.980225 -0.012771 0.022349 0.017028 10.500000 27.900000 81.300003
-0.002441 -0.024658 -0.972656 -0.014899 0.019156 0.020220 10.500000 27.900000 81.300003
-0.000488 -0.016357 -0.975586 -0.012771 0.021284 0.018092 10.500000 27.299999 81.300003
-0.003906 -0.021973 -0.976318 -0.012771 0.019156 0.019156 10.200000 27.600000 82.800003
0.000977 -0.022217 -0.972412 -0.011706 0.023413 0.017028 12.000000 28.200001 81.000000
-0.003174 -0.026367 -0.981201 -0.011706 0.019156 0.019156 10.800000 27.600000 80.400002
0.000977 -0.020996 -0.972900 -0.015963 0.018092 0.022349 10.500000 28.500000 80.699997
-0.003906 -0.021729 -0.972412 -0.010642 0.022349 0.019156 10.200000 26.400000 79.800003
0.002441 -0.022949 -0.973389 -0.013835 0.021284 0.017028 10.800000 27.000000 81.000000
-0.000488 -0.014404 -0.975098 -0.013835 0.022349 0.020220 10.800000 27.000000 82.199997
-0.004639 -0.020752 -0.979492 -0.018092 0.021284 0.018092 10.500000 26.700001 81.900002
0.003906 -0.017334 -0.980469 -0.015963 0.019156 0.018092 9.600000 28.200001 80.400002
-0.003906 -0.019531 -0.975098 -0.017028 0.017028 0.017028 9.900000 27.299999 80.699997
0.000488 -0.020264 -0.985840 -0.017028 0.021284 0.020220 10.200000 28.200001 81.599998
-0.006104 -0.017822 -0.975830 -0.011706 0.022349 0.018092 10.800000 27.600000 81.000000
-0.007324 -0.018311 -0.976318 -0.012771 0.018092 0.020220 8.700000 28.500000 83.099998
-0.000244 -0.024414 -0.984619 -0.015963 0.021284 0.018092 10.200000 28.200001 79.199997
0.002441 -0.016846 -0.968994 -0.011706 0.022349 0.015963 11.400000 27.000000 81.599998
-0.006836 -0.023438 -0.975830 -0.012771 0.021284 0.014899 10.800000 28.200001 81.599998
-0.005127 -0.022461 -0.975342 -0.017028 0.021284 0.020220 9.900000 27.900000 81.300003
-0.007080 -0.023438 -0.987061 -0.011706 0.019156 0.015963 9.900000 27.900000 80.099998
-0.006348 -0.020020 -0.965820 -0.009578 0.020220 0.018092 10.200000 27.600000 83.400002
0.002197 -0.015381 -0.972656 -0.012771 0.019156 0.018092 11.100000 27.900000 81.300003
-0.003906 -0.013428 -0.975098 -0.008514 0.022349 0.019156 10.800000 27.000000 81.599998
0.000000 -0.019287 -0.979980 -0.015963 0.021284 0.020220 10.500000 26.700001 81.900002
-0.000732 -0.020264 -0.968018 -0.019156 0.021284 0.019156 9.900000 26.700001 80.699997
-0.004883 -0.016113 -0.987061 -0.012771 0.019156 0.019156 10.200000 28.200001 81.000000
-0.007080 -0.016357 -0.982422 -0.015963 0.017028 0.021284 10.800000 25.200001 81.599998
-0.000977 -0.026855 -0.976562 -0.015963 0.020220 0.017028 8.700000 26.100000 81.300003
-0.002930 -0.020264 -0.973389 -0.012771 0.019156 0.021284 9.900000 26.700001 81.900002
-0.003906 -0.017578 -0.983887 -0.017028 0.020220 0.017028 11.100000 27.299999 81.300003
-0.008057 -0.020264 -0.987061 -0.014899 0.020220 0.021284 11.100000 27.299999 83.099998
0.001465 -0.014648 -0.973145 -0.015963 0.021284 0.018092 11.400000 26.400000 82.199997
-0.000977 -0.023682 -0.980957 -0.011706 0.021284 0.019156 11.100000 27.900000 80.099998
0.000244 -0.020264 -0.975586 -0.012771 0.020220 0.017028 11.400000 25.799999 79.800003
-0.003174 -0.016357 -0.978516 -0.014899 0.017028 0.015963 9.600000 29.400000 82.199997
-0.003174 -0.017578 -0.981689 -0.014899 0.021284 0.020220 11.400000 28.200001 82.800003
0.002197 -0.011963 -0.972656 -0.017028 0.019156 0.017028 10.800000 27.600000 80.400002
-0.003662 -0.013184 -0.968994 -0.015963 0.020220 0.018092 8.700000 27.900000 80.699997
-0.001953 -0.016357 -0.973389 -0.014899 0.019156 0.021284 9.000000 28.799999 80.400002
-0.011963 -0.023682 -0.978027 -0.014899 0.019156 0.019156 10.500000 29.100000 81.300003
-0.002930 -0.012695 -0.979736 -0.013835 0.018092 0.017028 10.800000 28.799999 82.199997
-0.002930 -0.015625 -0.979980 -0.013835 0.020220 0.020220 11.700000 27.299999 81.300003
-0.004639 -0.011719 -0.986572 -0.011706 0.021284 0.018092 10.200000 27.000000 82.199997
-0.004395 -0.020264 -0.979736 -0.015963 0.020220 0.018092 12.300000 27.299999 81.900002
-0.000977 -0.022949 -0.979004 -0.012771 0.018092 0.020220 11.100000 26.100000 80.699997
-0.002930 -0.021240 -0.979248 -0.012771 0.019156 0.018092 10.800000 26.400000 81.000000
-0.000488 -0.019043 -0.973633 -0.014899 0.021284 0.017028 10.500000 26.700001 81.900002
-0.008301 -0.023926 -0.986328 -0.012771 0.020220 0.020220 9.600000 28.200001 79.800003
-0.007812 -0.022461 -0.976562 -0.014899 0.019156 0.019156 9.300000 27.900000 81.300003
-0.002930 -0.015625 -0.975830 -0.013835 0.022349 0.017028 9.300000 27.900000 81.300003
-0.003906 -0.017822 -0.979004 -0.013835 0.021284 0.017028 10.800000 27.000000 80.400002
-0.001465 -0.016357 -0.978516 -0.015963 0.021284 0.019156 10.200000 27.600000 82.199997
-0.004883 -0.017334 -0.978027 -0.015963 0.021284 0.019156 10.500000 28.500000 81.300003
0.000000 -0.020020 -0.978027 -0.013835 0.018092 0.018092 9.300000 28.500000 81.300003
-0.003662 -0.015625 -0.968018 -0.014899 0.019156 0.019156 10.800000 28.200001 81.599998
-0.001953 -0.014648 -0.973145 -0.013835 0.021284 0.017028 12.600000 26.400000 81.000000
0.000244 -0.024902 -0.977051 -0.013835 0.019156 0.015963 9.900000 26.700001 80.099998
-0.001953 -0.019043 -0.968262 -0.015963 0.023413 0.017028 11.400000 26.400000 82.199997
-0.003906 -0.025146 -0.978027 -0.013835 0.018092 0.018092 10.200000 27.600000 81.599998
-0.003418 -0.023438 -0.978271 -0.015963 0.020220 0.018092 9.300000 26.100000 80.099998
-0.003418 -0.025146 -0.977783 -0.015963 0.020220 0.018092 10.200000 27.000000 80.400002
-0.002930 -0.017578 -0.978027 -0.018092 0.019156 0.019156 11.700000 26.700001 80.099998
-0.003906 -0.014893 -0.980957 -0.013835 0.022349 0.017028 8.700000 26.700001 81.300003
-0.003662 -0.021484 -0.976074 -0.011706 0.018092 0.017028 10.500000 28.500000 80.699997
-0.004639 -0.022217 -0.978516 -0.012771 0.020220 0.021284 10.500000 27.900000 81.900002
-0.002441 -0.019775 -0.981445 -0.015963 0.020220 0.019156 12.000000 27.600000 79.199997
-0.004395 -0.022461 -0.986084 -0.011706 0.021284 0.020220 10.500000 27.900000 80.099998
-0.003906 -0.023926 -0.979980 -0.014899 0.022349 0.019156 11.700000 28.500000 80.699997
-0.006104 -0.017334 -0.981689 -0.015963 0.020220 0.018092 12.000000 27.600000 81.000000
-0.001709 -0.019287 -0.971924 -0.013835 0.020220 0.018092 9.900000 28.500000 81.300003
-0.005127 -0.023193 -0.983887 -0.012771 0.019156 0.019156 8.400000 27.600000 81.000000
-0.005371 -0.020264 -0.967041 -0.014899 0.023413 0.020220 10.200000 25.799999 81.000000
0.002197 -0.018066 -0.985840 -0.013835 0.018092 0.018092 12.600000 28.200001 79.800003
-0.000488 -0.022461 -0.978027 -0.015963 0.021284 0.017028 10.800000 28.799999 81.000000
-0.003906 -0.017822 -0.981445 -0.012771 0.019156 0.017028 11.100000 26.700001 81.300003
-0.004150 -0.022217 -0.981689 -0.014899 0.020220 0.018092 10.500000 26.700001 80.699997
-0.003418 -0.020508 -0.974121 -0.014899 0.018092 0.018092 11.700000 26.700001 80.099998
