0.000000 0.000000 4040348148314162442998382592.000000 0.000000 0.000000 0.000000 -1639697231072434822501526939893760.000000 0.000000 119976891514880.000000
0.048340 -1.006592 0.156738 -0.015963 0.024477 0.018092 -20.700001 31.500000 30.900000
0.040771 -0.994873 0.155273 -0.012771 0.025541 0.019156 -20.400000 32.400002 32.400002
0.048096 -1.003906 0.157959 -0.013835 0.025541 0.020220 -21.299999 33.299999 32.700001
0.052002 -1.002930 0.163574 -0.012771 0.026606 0.021284 -20.400000 32.400002 32.400002
0.048828 -0.997803 0.145264 -0.013835 0.025541 0.019156 -20.100000 30.299999 32.700001
0.045898 -0.997803 0.160156 -0.014899 0.024477 0.022349 -20.100000 30.299999 32.099998
0.043701 -0.998047 0.160400 -0.010642 0.023413 0.019156 -20.700001 31.500000 32.700001
0.042236 -0.998779 0.160889 -0.012771 0.023413 0.020220 -20.700001 32.099998 32.700001
0.045898 -0.999512 0.162354 -0.010642 0.020220 0.018092 -19.799999 32.400002 31.799999
0.041992 -0.991699 0.151123 -0.013835 0.022349 0.021284 -22.200001 31.200001 31.200001
0.051270 -0.998779 0.167480 -0.014899 0.022349 0.019156 -21.000000 31.799999 31.200001
0.038574 -1.000488 0.154297 -0.014899 0.025541 0.020220 -21.900000 30.299999 32.099998
0.047852 -0.993408 0.154541 -0.009578 0.022349 0.020220 -21.600000 34.200001 31.799999
0.049072 -1.000000 0.157959 -0.012771 0.023413 0.015963 -20.100000 30.299999 32.700001
0.043945 -0.995361 0.155762 -0.011706 0.020220 0.015963 -20.100000 32.099998 33.900002
0.048584 -1.000977 0.164795 -0.017028 0.021284 0.018092 -20.400000 32.400002 30.600000
0.041748 -1.000000 0.160156 -0.009578 0.020220 0.020220 -21.299999 31.500000 32.099998
0.046875 -0.996826 0.151611 -0.014899 0.019156 0.018092 -21.000000 31.799999 31.799999
0.045654 -0.997314 0.154541 -0.010642 0.023413 0.018092 -21.299999 30.900000 32.099998
0.047852 -1.003662 0.160400 -0.013835 0.024477 0.020220 -22.200001 31.799999 31.799999
0.042725 -1.000244 0.147949 -0.013835 0.021284 0.019156 -20.100000 31.500000 31.500000
0.040283 -1.001709 0.153320 -0.013835 0.023413 0.018092 -21.299999 31.500000 32.099998
0.042969 -0.998779 0.150146 -0.013835 0.019156 0.015963 -19.200001 32.400002 31.799999
0.040771 -1.001709 0.161621 -0.017028 0.024477 0.018092 -19.799999 30.600000 31.799999
0.051025 -1.000488 0.156738 -0.013835 0.021284 0.022349 -21.600000 31.799999 31.799999
0.047363 -1.001709 0.152588 -0.012771 0.022349 0.017028 -19.500000 30.900000 32.099998
0.051758 -0.997070 0.160156 -0.012771 0.025541 0.019156 -20.100000 32.099998 32.700001
0.044189 -0.996826 0.152344 -0.013835 0.025541 0.018092 -21.299999 32.099998 32.700001
0.047607 -1.001221 0.156982 -0.012771 0.026606 0.019156 -22.500000 32.099998 32.099998
0.048584 -1.004395 0.154297 -0.011706 0.024477 0.017028 -23.100000 32.700001 32.700001
0.044189 -0.998291 0.155762 -0.012771 0.023413 0.018092 -20.100000 31.500000 31.500000
0.047607 -0.995850 0.162109 -0.012771 0.022349 0.018092 -21.600000 31.799999 30.600000
0.044189 -0.999512 0.153809 -0.013835 0.022349 0.020220 -21.000000 32.400002 33.000000
0.045410 -1.003174 0.159668 -0.012771 0.023413 0.019156 -21.600000 31.799999 32.400002
0.048828 -0.996582 0.156494 -0.010642 0.025541 0.019156 -21.299999 32.700001 30.900000
0.042725 -0.994141 0.161377 -0.014899 0.022349 0.020220 -19.799999 32.400002 32.400002
0.045654 -0.992920 0.163818 -0.017028 0.024477 0.018092 -20.700001 33.299999 33.299999
0.045166 -0.995361 0.154053 -0.012771 0.024477 0.022349 -22.200001 31.799999 31.799999
0.044922 -0.997559 0.158936 -0.012771 0.023413 0.017028 -21.600000 30.600000 33.599998
0.048096 -0.997314 0.153564 -0.012771 0.021284 0.017028 -20.400000 31.799999 31.799999
0.044189 -1.002197 0.154541 -0.014899 0.021284 0.020220 -20.100000 32.099998 33.900002
0.042480 -0.999023 0.145996 -0.009578 0.024477 0.019156 -19.200001 32.400002 31.200001
-0.001465 -0.968018 0.275391 -0.019156 0.056404 0.018092 -21.900000 30.900000 31.500000
0.002197 -0.990234 0.243896 -0.011706 0.041505 0.020220 -21.600000 33.000000 31.200001
0.011230 -1.001709 0.218994 -0.014899 0.041505 0.018092 -19.799999 30.600000 33.000000
-0.008301 -0.990234 0.230957 -0.010642 0.055340 0.015963 -20.400000 28.799999 33.599998
-0.000244 -0.994873 0.238525 -0.014899 0.073431 0.017028 -20.700001 30.299999 34.500000
-0.003418 -0.996582 0.230713 -0.018092 0.065982 0.011706 -20.100000 29.700001 33.299999
0.002686 -1.003418 0.220459 -0.015963 0.064918 0.017028 -21.000000 29.400000 36.000000
-0.005127 -0.986572 0.252686 -0.015963 0.091523 0.011706 -18.600000 28.799999 36.599998
-0.015137 -0.989014 0.240723 -0.020220 0.137285 0.001064 -19.799999 28.200001 37.200001
0.013672 -0.982910 0.254883 -0.022349 0.133028 0.008514 -19.500000 29.100000 39.900002
0.012451 -0.993652 0.217529 -0.023413 0.127707 0.000000 -19.200001 27.600000 41.400002
0.007324 -0.980713 0.251709 -0.011706 0.123450 0.012771 -19.799999 27.600000 41.400002
0.010254 -0.991699 0.240967 -0.012771 0.110679 0.005321 -20.100000 27.299999 43.500000
-0.015869 -1.001709 0.294922 -0.007450 0.087266 0.017028 -17.700001 28.500000 44.700001
-0.026367 -0.990234 0.260742 -0.019156 0.055340 0.024477 -19.799999 27.000000 44.400002
-0.020264 -0.961914 0.272217 -0.007450 0.009578 0.019156 -20.400000 25.799999 45.599998
-0.006592 -0.970215 0.305664 -0.008514 -0.008514 0.027670 -20.100000 28.500000 45.900002
0.029785 -0.993896 0.344238 -0.018092 0.055340 0.012771 -19.799999 29.400000 48.599998
0.016602 -0.982910 0.177246 -0.025541 0.058532 0.017028 -18.600000 28.200001 48.599998
0.085205 -1.000732 0.070068 -0.014899 0.053211 0.018092 -20.400000 29.400000 50.400002
0.069580 -0.977051 0.068848 -0.003193 -0.011706 0.006385 -19.799999 31.799999 49.799999
0.062988 -1.022705 0.053711 -0.006385 0.048954 0.020220 -19.200001 30.600000 51.000000
0.087891 -1.010986 -0.003906 -0.012771 0.064918 0.019156 -20.700001 32.099998 50.700001
0.145752 -1.010742 0.040283 -0.014899 0.120257 0.006385 -18.299999 32.099998 50.099998
0.148438 -1.008545 -0.052979 -0.017028 0.080881 0.015963 -19.799999 33.000000 51.000000
0.159912 -1.041016 -0.062012 -0.011706 0.053211 0.019156 -20.700001 34.500000 50.700001
0.134766 -1.021973 -0.027344 -0.009578 0.041505 0.015963 -20.100000 35.700001 50.700001
0.132080 -1.009521 -0.030518 -0.018092 0.031927 0.017028 -18.299999 35.099998 51.900002
0.132080 -1.018799 0.015381 -0.013835 0.028734 0.017028 -18.600000 36.599998 52.200001
0.113281 -1.011719 0.030762 -0.012771 0.026606 0.020220 -19.799999 36.599998 52.200001
0.100830 -1.005615 0.056152 -0.008514 0.023413 0.025541 -18.600000 36.000000 51.599998
0.047607 -0.989014 0.165771 -0.014899 0.023413 0.020220 -18.000000 36.599998 51.599998
0.043701 -1.001953 0.161377 -0.017028 0.022349 0.017028 -18.900000 35.700001 52.500000
0.045166 -0.992676 0.155029 -0.015963 0.023413 0.018092 -19.500000 36.299999 53.099998
0.042725 -0.994873 0.150879 -0.014899 0.026606 0.017028 -18.600000 37.799999 52.799999
0.047119 -0.997314 0.157715 -0.012771 0.024477 0.020220 -18.900000 35.700001 51.299999
0.048340 -1.003906 0.160400 -0.010642 0.023413 0.021284 -18.900000 36.299999 51.900002
0.042969 -0.999023 0.151123 -0.015963 0.024477 0.018092 -18.600000 38.400002 52.200001
0.049561 -1.001465 0.152100 -0.013835 0.025541 0.018092 -17.400000 36.599998 50.400002
0.046631 -1.000732 0.160645 -0.015963 0.022349 0.017028 -18.600000 37.799999 51.000000
0.044922 -0.999023 0.155762 -0.012771 0.026606 0.020220 -19.500000 37.500000 51.900002
0.038330 -0.999023 0.156738 -0.013835 0.024477 0.019156 -19.500000 36.900002 51.299999
0.047363 -0.998779 0.161865 -0.015963 0.024477 0.018092 -20.700001 35.099998 50.700001
0.045654 -1.001221 0.157959 -0.012771 0.024477 0.021284 -18.299999 37.500000 51.900002
0.049561 -0.999023 0.158936 -0.013835 0.022349 0.018092 -19.500000 36.900002 52.500000
0.048828 -1.003418 0.157227 -0.011706 0.021284 0.019156 -18.900000 36.299999 51.900002
0.047119 -1.000244 0.159180 -0.013835 0.022349 0.020220 -18.299999 36.299999 51.900002
0.046387 -0.996826 0.171875 -0.012771 0.024477 0.017028 -17.700001 35.700001 52.500000
0.044189 -1.000244 0.155518 -0.010642 0.025541 0.018092 -19.500000 36.299999 50.700001
0.047119 -0.996582 0.158447 -0.013835 0.026606 0.020220 -18.900000 36.900002 52.500000
0.042480 -0.997803 0.161865 -0.011706 0.023413 0.019156 -18.299999 36.900002 51.299999
0.051758 -0.999268 0.166992 -0.013835 0.022349 0.019156 -18.900000 35.700001 49.500000
0.041260 -0.995605 0.158936 -0.014899 0.022349 0.019156 -18.600000 36.000000 51.599998
0.044189 -0.999512 0.156494 -0.013835 0.023413 0.020220 -19.799999 37.799999 50.400002
0.039551 -0.995117 0.166260 -0.015963 0.025541 0.019156 -20.700001 35.700001 52.500000
0.044189 -0.995850 0.152344 -0.012771 0.024477 0.017028 -18.299999 36.900002 50.700001
0.047852 -0.997559 0.151611 -0.015963 0.024477 0.020220 -19.200001 36.000000 51.000000
0.044434 -0.997070 0.156006 -0.013835 0.025541 0.019156 -20.100000 36.900002 51.299999
0.042969 -0.994385 0.156982 -0.013835 0.024477 0.018092 -19.799999 36.599998 52.200001
0.042725 -0.999512 0.161377 -0.013835 0.024477 0.014899 -19.500000 38.099998 51.900002
0.046387 -1.001465 0.159424 -0.012771 0.022349 0.022349 -18.600000 35.400002 52.200001
0.037109 -0.998779 0.150391 -0.014899 0.022349 0.017028 -19.500000 36.299999 51.299999
0.048828 -1.003174 0.147461 -0.014899 0.020220 0.020220 -19.799999 36.599998 51.599998
0.039551 -1.002441 0.159912 -0.014899 0.024477 0.018092 -18.600000 37.799999 50.400002
0.047852 -0.994629 0.151367 -0.013835 0.024477 0.017028 -18.900000 35.099998 51.900002
0.040527 -0.992676 0.167969 -0.009578 0.025541 0.020220 -18.900000 36.900002 52.500000
0.038086 -0.994629 0.156738 -0.012771 0.022349 0.019156 -20.400000 36.599998 49.799999
0.049072 -0.999512 0.150635 -0.011706 0.025541 0.020220 -18.299999 37.500000 51.900002
0.048340 -0.998291 0.160400 -0.014899 0.025541 0.022349 -18.600000 36.000000 51.000000
0.047119 -0.997559 0.161133 -0.013835 0.025541 0.021284 -18.000000 37.200001 50.400002
0.041992 -0.994873 0.161133 -0.012771 0.022349 0.020220 -18.900000 35.700001 52.500000
0.042969 -1.000732 0.152344 -0.011706 0.023413 0.018092 -19.500000 37.500000 51.299999
0.042480 -0.991211 0.163818 -0.014899 0.026606 0.021284 -19.500000 38.099998 50.700001
0.042236 -0.996338 0.158691 -0.012771 0.021284 0.018092 -18.600000 36.000000 51.599998
0.042236 -1.001709 0.156250 -0.014899 0.024477 0.019156 -17.400000 36.599998 52.799999
0.045654 -1.002686 0.154541 -0.012771 0.020220 0.022349 -19.500000 36.299999 52.500000
0.057129 -1.007812 0.121338 -0.011706 0.021284 0.019156 -17.100000 36.299999 52.500000
0.051758 -0.988525 0.148682 -0.018092 0.027670 0.020220 -18.000000 36.599998 51.000000
0.045166 -0.999023 0.150879 -0.015963 0.039376 0.013835 -19.500000 35.700001 51.900002
0.052979 -0.997314 0.132568 -0.012771 0.027670 0.018092 -18.900000 36.299999 51.900002
0.051025 -1.006104 0.149658 -0.011706 0.025541 0.020220 -18.600000 36.000000 52.200001
0.047852 -1.000488 0.138916 -0.015963 0.029798 0.021284 -19.799999 36.000000 51.599998
0.042725 -1.007568 0.136475 -0.017028 0.026606 0.020220 -19.799999 36.000000 51.000000
0.058594 -0.990234 0.140625 -0.011706 0.025541 0.019156 -18.600000 35.400002 51.000000
0.064697 -1.009766 0.144775 -0.012771 0.031927 0.020220 -19.200001 33.599998 51.000000
0.048828 -1.004639 0.157959 -0.014899 0.024477 0.021284 -17.700001 34.500000 50.700001
0.053955 -0.997314 0.146240 -0.011706 0.013835 0.018092 -18.000000 34.799999 52.200001
0.043213 -0.999512 0.133545 -0.014899 0.008514 0.021284 -18.600000 36.000000 51.000000
0.053467 -0.995605 0.152100 -0.014899 0.003193 0.019156 -19.500000 35.099998 51.299999
0.058594 -1.002686 0.145752 -0.017028 0.003193 0.021284 -18.000000 33.000000 50.400002
0.052979 -1.005371 0.145508 -0.013835 0.005321 0.020220 -18.900000 33.900002 51.299999
0.049316 -1.001465 0.145020 -0.015963 -0.003193 0.020220 -19.500000 34.500000 50.700001
0.059326 -1.000244 0.128418 -0.013835 -0.006385 0.021284 -19.200001 33.599998 50.400002
0.077393 -1.004883 0.103027 -0.014899 -0.020220 0.025541 -18.600000 34.799999 51.599998
0.102783 -1.010986 0.085693 -0.009578 0.018092 0.019156 -20.400000 34.200001 52.200001
0.085938 -1.011963 0.059326 -0.009578 0.001064 0.020220 -19.500000 33.900002 49.500000
0.133301 -1.015869 -0.003174 -0.017028 -0.028734 0.023413 -19.500000 32.700001 52.500000
0.157227 -1.034180 0.008789 -0.014899 -0.025541 0.025541 -21.000000 33.000000 52.200001
0.139404 -1.025879 0.017334 -0.022349 0.014899 0.022349 -18.900000 31.500000 50.700001
0.106934 -1.032227 -0.069336 -0.015963 -0.059597 0.026606 -20.100000 30.900000 50.099998
0.127686 -1.019287 0.008545 -0.012771 -0.168147 0.052147 -19.200001 31.200001 49.799999
0.117188 -0.969727 0.052490 -0.013835 -0.230937 0.058532 -19.799999 31.200001 51.000000
0.125977 -0.997803 0.106689 0.007450 -0.241579 0.052147 -18.900000 30.299999 50.099998
0.109619 -1.026855 0.107910 0.015963 -0.212845 0.051083 -19.500000 28.500000 50.099998
0.091309 -1.046875 0.094238 -0.008514 -0.162826 0.041505 -19.799999 28.799999 49.200001
0.067871 -1.047852 0.089111 -0.013835 -0.177725 0.040441 -20.700001 28.500000 47.099998
0.036377 -0.969971 0.111572 -0.003193 -0.256478 0.045762 -19.500000 27.900000 46.500000
0.028320 -0.987305 0.189209 -0.012771 -0.233065 0.057468 -18.600000 28.200001 45.000000
0.024902 -0.980469 0.290283 0.002128 -0.007450 0.044697 -20.100000 27.900000 41.700001
-0.013672 -0.956055 0.279541 -0.010642 0.113872 0.012771 -20.400000 27.600000 37.799999
-0.087158 -0.998291 0.343262 -0.019156 0.071303 0.008514 -20.400000 28.799999 34.200001
-0.120605 -0.968506 0.394775 -0.002128 -0.085138 0.031927 -22.200001 29.400000 34.799999
-0.116943 -0.968750 0.427002 -0.010642 -0.143670 0.036184 -21.900000 30.299999 32.099998
-0.075195 -0.960938 0.429199 -0.008514 -0.095780 0.035119 -24.900000 33.900002 30.900000
-0.030273 -0.962158 0.428711 -0.012771 -0.009578 0.020220 -24.600000 34.200001 29.400000
-0.004395 -0.971191 0.363525 -0.027670 0.022349 0.015963 -22.799999 34.200001 30.600000
0.042725 -1.003906 0.168457 -0.015963 0.023413 0.018092 -23.700001 34.500000 30.900000
0.045166 -1.000244 0.144287 -0.014899 0.023413 0.020220 -23.100000 33.900002 32.099998
0.048584 -1.004150 0.140625 -0.017028 0.020220 0.017028 -21.299999 33.900002 30.299999
0.045166 -0.998291 0.161865 -0.012771 0.023413 0.020220 -23.700001 33.900002 30.900000
0.036865 -0.995117 0.166504 -0.014899 0.026606 0.018092 -23.400000 35.400002 30.000000
0.041504 -1.006104 0.152588 -0.013835 0.024477 0.020220 -23.100000 33.900002 30.900000
0.045654 -0.999268 0.151367 -0.011706 0.020220 0.018092 -24.600000 32.400002 29.400000
0.052979 -0.995850 0.158936 -0.012771 0.022349 0.015963 -23.700001 35.099998 30.299999
0.042969 -0.993164 0.155273 -0.010642 0.025541 0.022349 -23.400000 34.200001 30.600000
0.039551 -1.000244 0.152588 -0.012771 0.025541 0.021284 -24.000000 35.400002 31.200001
0.040527 -0.999512 0.145264 -0.013835 0.022349 0.018092 -23.100000 34.500000 29.100000
0.046875 -0.993652 0.150146 -0.011706 0.023413 0.015963 -23.400000 33.000000 30.000000
0.043945 -1.002197 0.163574 -0.013835 0.023413 0.020220 -23.700001 35.099998 30.900000
0.043457 -1.005859 0.150391 -0.014899 0.024477 0.020220 -23.700001 33.900002 30.299999
0.052734 -1.001221 0.162842 -0.010642 0.021284 0.017028 -23.700001 34.500000 29.700001
0.045410 -1.002441 0.149658 -0.012771 0.024477 0.020220 -22.500000 35.700001 31.500000
0.048828 -1.003418 0.160156 -0.011706 0.023413 0.019156 -23.400000 34.200001 30.000000
0.046631 -0.997314 0.150391 -0.013835 0.024477 0.022349 -22.500000 33.299999 29.100000
0.059570 -0.994385 0.146973 -0.012771 0.022349 0.020220 -23.400000 33.599998 30.000000
0.038330 -0.995117 0.164795 -0.011706 0.028734 0.018092 -22.500000 34.500000 30.299999
0.046875 -0.999756 0.164551 -0.011706 0.022349 0.018092 -22.799999 33.599998 30.000000
0.049316 -0.996826 0.159424 -0.010642 0.025541 0.021284 -24.000000 33.599998 30.600000
0.044434 -1.001221 0.145996 -0.013835 0.023413 0.017028 -23.100000 33.900002 29.100000
0.043457 -0.996094 0.159424 -0.013835 0.021284 0.019156 -24.000000 33.599998 30.000000
0.051025 -0.997070 0.154785 -0.013835 0.024477 0.019156 -24.000000 34.200001 29.400000
0.047363 -0.995605 0.157959 -0.015963 0.023413 0.019156 -22.200001 33.599998 28.799999
0.049316 -1.002441 0.149414 -0.014899 0.021284 0.019156 -23.100000 34.500000 30.299999
0.048584 -0.993652 0.164307 -0.013835 0.022349 0.015963 -23.700001 33.900002 30.299999
0.048096 -1.003662 0.157227 -0.009578 0.023413 0.019156 -23.100000 34.500000 31.500000
0.041260 -1.000000 0.151123 -0.017028 0.024477 0.019156 -24.900000 33.299999 30.900000
0.043945 -1.000488 0.152344 -0.012771 0.024477 0.017028 -24.000000 34.799999 30.000000
0.045410 -0.993896 0.153564 -0.012771 0.024477 0.019156 -24.900000 34.500000 30.900000
0.039551 -0.999512 0.160400 -0.013835 0.022349 0.018092 -23.700001 34.500000 29.700001
0.042725 -1.001221 0.153809 -0.018092 0.023413 0.018092 -23.100000 33.900002 30.299999
0.046631 -1.001709 0.157715 -0.011706 0.024477 0.018092 -23.400000 33.599998 31.200001
0.044434 -0.999268 0.164062 -0.013835 0.022349 0.018092 -23.400000 34.200001 30.600000
0.042236 -1.001709 0.156006 -0.017028 0.019156 0.020220 -22.799999 34.799999 29.400000
0.046631 -1.003906 0.155518 -0.014899 0.022349 0.020220 -23.100000 33.900002 29.700001
0.045166 -0.995850 0.159424 -0.011706 0.024477 0.020220 -22.500000 33.900002 30.900000
0.049072 -0.998291 0.158691 -0.015963 0.023413 0.019156 -24.600000 34.200001 31.200001
0.049316 -1.002686 0.155029 -0.015963 0.024477 0.018092 -24.299999 34.500000 28.500000
0.044922 -0.998779 0.152344 -0.015963 0.022349 0.017028 -24.000000 34.200001 29.400000
0.048584 -0.998047 0.156006 -0.015963 0.024477 0.018092 -23.400000 34.799999 30.600000
0.047363 -0.998291 0.150391 -0.013835 0.024477 0.019156 -22.799999 34.799999 29.400000
0.044434 -0.998047 0.151123 -0.012771 0.023413 0.021284 -22.200001 33.000000 30.600000
0.038818 -1.001709 0.157959 -0.013835 0.021284 0.021284 -23.700001 34.500000 30.900000
0.046143 -0.999756 0.166504 -0.013835 0.025541 0.018092 -22.799999 34.799999 30.600000
0.048828 -1.000000 0.153076 -0.013835 0.021284 0.017028 -23.400000 33.000000 31.799999
0.049072 -0.996826 0.161377 -0.013835 0.025541 0.020220 -24.900000 33.299999 30.299999
0.051514 -0.997559 0.157471 -0.012771 0.021284 0.019156 -23.100000 35.099998 30.299999
0.044922 -0.999512 0.154297 -0.011706 0.023413 0.017028 -23.100000 34.500000 31.500000
0.050781 -1.000488 0.157227 -0.012771 0.022349 0.018092 -25.799999 33.599998 30.600000
0.044434 -0.998779 0.149658 -0.012771 0.022349 0.021284 -23.100000 33.299999 31.500000
0.045410 -1.001709 0.152832 -0.013835 0.022349 0.019156 -24.600000 33.599998 29.400000
0.040527 -1.003418 0.147461 -0.012771 0.024477 0.020220 -23.100000 33.900002 29.700001
0.045410 -1.001221 0.153564 -0.012771 0.026606 0.020220 -23.700001 33.299999 30.900000
0.050781 -0.994141 0.154053 -0.013835 0.022349 0.015963 -23.100000 34.500000 31.500000
0.047119 -0.998535 0.158203 -0.013835 0.021284 0.017028 -24.600000 34.200001 30.000000
0.043213 -0.998535 0.151367 -0.010642 0.021284 0.018092 -23.400000 33.000000 28.799999
0.048340 -0.996338 0.153564 -0.011706 0.024477 0.021284 -23.400000 34.200001 29.400000
0.044189 -0.999512 0.156982 -0.019156 0.022349 0.019156 -24.000000 33.599998 30.600000
0.046387 -1.002197 0.158447 -0.012771 0.024477 0.018092 -24.299999 33.299999 29.700001
0.043701 -0.996094 0.154053 -0.013835 0.025541 0.022349 -23.100000 33.900002 30.900000
0.052246 -1.003906 0.150635 -0.009578 0.025541 0.019156 -25.200001 34.799999 29.400000
0.039307 -1.001221 0.152100 -0.010642 0.023413 0.018092 -24.299999 34.500000 29.700001
0.045166 -1.006348 0.142822 -0.011706 0.021284 0.019156 -24.000000 33.599998 28.799999
0.045166 -1.001953 0.157471 -0.017028 0.024477 0.019156 -23.100000 32.700001 31.500000
0.047119 -1.002686 0.153564 -0.013835 0.023413 0.018092 -24.000000 34.200001 30.000000
0.049316 -0.997803 0.163574 -0.013835 0.023413 0.019156 -22.799999 32.400002 28.200001
0.050781 -0.995361 0.157715 -0.012771 0.024477 0.021284 -22.500000 33.900002 31.500000
0.040527 -0.998291 0.155029 -0.013835 0.025541 0.018092 -23.400000 34.799999 30.600000
0.040527 -1.000244 0.154541 -0.013835 0.025541 0.019156 -23.100000 32.700001 28.500000
0.048340 -0.998047 0.154541 -0.013835 0.023413 0.015963 -22.500000 35.099998 32.099998
0.047363 -1.002197 0.155518 -0.012771 0.023413 0.020220 -23.100000 33.900002 31.500000
0.047852 -1.000000 0.154785 -0.013835 0.020220 0.015963 -22.799999 34.200001 31.200001
0.043945 -1.005371 0.162598 -0.012771 0.022349 0.019156 -22.799999 32.400002 31.799999
0.046631 -1.000244 0.151367 -0.013835 0.023413 0.014899 -22.500000 32.700001 30.900000
0.040039 -0.996826 0.149902 -0.015963 0.022349 0.019156 -24.299999 33.299999 29.700001
0.051025 -0.999512 0.161621 -0.013835 0.024477 0.019156 -24.000000 33.599998 30.600000
0.046387 -1.004883 0.147461 -0.014899 0.023413 0.017028 -24.299999 34.500000 30.299999
0.044434 -1.003662 0.151123 -0.012771 0.025541 0.018092 -24.900000 33.900002 30.299999
0.044678 -0.991943 0.150635 -0.013835 0.023413 0.015963 -23.400000 34.799999 30.000000
0.044189 -0.999268 0.161865 -0.014899 0.025541 0.020220 -21.900000 34.500000 30.299999
0.049316 -1.003906 0.155029 -0.017028 0.022349 0.018092 -23.400000 33.599998 30.600000
0.044189 -1.001953 0.161133 -0.012771 0.021284 0.021284 -23.700001 32.700001 30.299999
0.046387 -0.997559 0.155518 -0.017028 0.024477 0.017028 -23.400000 34.200001 32.400002
0.042725 -0.996338 0.155762 -0.011706 0.024477 0.018092 -23.400000 33.599998 30.000000
0.040527 -0.998535 0.158691 -0.013835 0.022349 0.019156 -24.000000 33.599998 30.000000
0.047119 -1.001465 0.165527 -0.013835 0.025541 0.019156 -24.900000 36.299999 30.299999
0.046875 -1.005859 0.160156 -0.012771 0.026606 0.018092 -22.500000 35.099998 29.100000
0.045898 -0.998291 0.155518 -0.011706 0.023413 0.020220 -21.900000 33.299999 30.900000
0.045166 -1.000244 0.151611 -0.015963 0.022349 0.017028 -23.100000 34.500000 30.900000
0.041260 -1.004639 0.160156 -0.014899 0.023413 0.020220 -23.100000 33.299999 29.100000
0.044434 -0.996338 0.150635 -0.009578 0.024477 0.022349 -24.600000 34.200001 30.000000
0.043457 -1.000000 0.155029 -0.013835 0.024477 0.019156 -25.200001 34.200001 30.600000
0.042969 -1.002686 0.152832 -0.015963 0.020220 0.022349 -22.799999 34.200001 30.000000
0.049316 -0.994873 0.151123 -0.013835 0.027670 0.018092 -23.700001 33.900002 30.900000
0.044678 -0.992432 0.151367 -0.014899 0.023413 0.021284 -23.700001 34.500000 29.700001
0.036621 -0.993652 0.158447 -0.012771 0.022349 0.018092 -23.700001 32.700001 30.900000
0.046631 -1.000732 0.162109 -0.012771 0.022349 0.021284 -23.400000 35.400002 30.000000
0.045166 -1.003662 0.146729 -0.010642 0.023413 0.019156 -24.299999 34.500000 30.900000
0.048828 -1.001221 0.156250 -0.012771 0.020220 0.019156 -24.299999 33.900002 29.100000
0.046631 -1.004395 0.148926 -0.015963 0.024477 0.018092 -24.299999 33.299999 30.900000
0.046387 -0.998047 0.164062 -0.013835 0.025541 0.015963 -24.000000 33.599998 30.600000
0.048096 -0.992432 0.155762 -0.013835 0.026606 0.017028 -24.299999 32.099998 30.299999
0.044678 -0.997314 0.143066 -0.014899 0.022349 0.020220 -24.000000 33.599998 31.200001
0.046631 -0.996094 0.157959 -0.011706 0.021284 0.020220 -23.100000 33.299999 30.299999
0.043945 -1.005371 0.151855 -0.013835 0.022349 0.021284 -23.700001 33.900002 29.700001
0.042725 -0.997803 0.158447 -0.013835 0.021284 0.022349 -25.200001 33.599998 29.400000
0.046387 -0.995605 0.153809 -0.018092 0.023413 0.019156 -22.500000 34.500000 29.700001
0.047119 -1.001709 0.142578 -0.013835 0.022349 0.021284 -23.700001 32.700001 30.900000
0.043213 -1.007568 0.156250 -0.015963 0.023413 0.017028 -24.900000 35.099998 31.500000
0.049561 -1.002441 0.151367 -0.015963 0.024477 0.019156 -24.000000 34.799999 31.200001
0.044434 -1.002197 0.153320 -0.011706 0.020220 0.019156 -24.000000 33.000000 30.000000
0.043701 -1.000244 0.159424 -0.012771 0.023413 0.018092 -22.200001 34.799999 28.200001
0.044189 -0.995850 0.151855 -0.012771 0.021284 0.017028 -23.400000 32.400002 30.000000
0.046631 -0.996826 0.158936 -0.010642 0.025541 0.018092 -24.299999 32.700001 30.299999
0.047852 -0.996582 0.154053 -0.013835 0.023413 0.021284 -23.700001 33.900002 32.099998
0.045166 -1.003418 0.157715 -0.007450 0.024477 0.021284 -23.100000 33.900002 29.700001
0.048828 -1.000488 0.156250 -0.013835 0.021284 0.017028 -24.000000 35.400002 30.600000
0.044678 -1.002441 0.156250 -0.013835 0.022349 0.017028 -23.700001 34.500000 30.900000
0.046387 -1.000488 0.159668 -0.015963 0.026606 0.022349 -24.900000 34.500000 31.500000
0.042725 -0.994873 0.155518 -0.012771 0.026606 0.015963 -24.000000 34.799999 31.799999
0.041992 -0.994873 0.159668 -0.010642 0.022349 0.018092 -22.500000 35.099998 31.500000
0.043457 -1.004395 0.154785 -0.013835 0.025541 0.015963 -24.299999 33.900002 32.099998
0.044678 -0.998535 0.160156 -0.012771 0.023413 0.019156 -24.000000 35.400002 30.000000
0.042969 -1.000977 0.152832 -0.014899 0.025541 0.021284 -22.500000 33.900002 29.700001
0.050781 -0.999512 0.146484 -0.017028 0.022349 0.018092 -23.700001 34.500000 28.500000
0.048584 -0.996826 0.163330 -0.015963 0.024477 0.019156 -24.600000 34.200001 31.200001
0.049316 -0.995850 0.158691 -0.014899 0.025541 0.017028 -24.600000 33.000000 30.600000
0.043701 -0.996826 0.142822 -0.014899 0.022349 0.019156 -24.000000 35.400002 30.600000
0.042969 -1.001953 0.155029 -0.013835 0.025541 0.020220 -24.600000 33.599998 31.200001
0.050537 -1.002197 0.155762 -0.015963 0.026606 0.019156 -24.000000 33.599998 31.799999
0.043945 -1.000732 0.152832 -0.012771 0.022349 0.020220 -24.000000 35.400002 30.600000
0.046143 -1.002197 0.152100 -0.011706 0.022349 0.019156 -22.799999 35.400002 30.000000
0.037842 -1.002197 0.151611 -0.013835 0.025541 0.018092 -22.500000 33.900002 31.500000
0.047363 -0.997803 0.152832 -0.009578 0.025541 0.015963 -22.799999 32.400002 29.400000
0.045410 -0.998779 0.159180 -0.014899 0.023413 0.018092 -23.100000 33.299999 30.900000
0.035889 -0.999023 0.147705 -0.012771 0.024477 0.021284 -23.700001 33.900002 29.700001
0.042725 -0.995605 0.154541 -0.013835 0.023413 0.018092 -24.000000 34.200001 31.799999
0.046143 -0.995850 0.152100 -0.015963 0.021284 0.018092 -25.200001 34.799999 30.000000
