0.000000 0.000000 916758216524685048283136.000000 -0.013835 0.023413 0.014899 27.000000 14.400000 82.800003
0.010498 0.057129 -0.967285 -0.014899 0.022349 0.014899 25.500000 14.100000 86.099998
0.014160 0.063721 -0.975098 -0.017028 0.021284 0.014899 28.200001 13.800000 84.000000
0.014160 0.060547 -0.975342 -0.011706 0.022349 0.015963 27.299999 14.700000 83.099998
0.010498 0.060059 -0.974609 -0.012771 0.022349 0.015963 27.299999 15.300000 85.500000
0.007812 0.056396 -0.971191 -0.014899 0.024477 0.019156 27.299999 14.100000 83.699997
0.016357 0.059814 -0.973877 -0.014899 0.021284 0.015963 27.900000 14.700000 84.300003
0.018799 0.060059 -0.976807 -0.014899 0.019156 0.020220 28.200001 15.600000 85.199997
0.017090 0.060059 -0.975586 -0.012771 0.021284 0.019156 27.299999 15.900000 86.099998
0.011719 0.053223 -0.969238 -0.010642 0.023413 0.018092 26.700001 15.300000 83.699997
0.011475 0.052979 -0.977295 -0.012771 0.019156 0.015963 27.299999 15.300000 83.699997
0.012695 0.055420 -0.971924 -0.013835 0.025541 0.020220 26.100000 15.300000 83.699997
0.006592 0.062256 -0.974609 -0.011706 0.021284 0.019156 26.400000 14.400000 84.599998
0.016357 0.058594 -0.968262 -0.012771 0.020220 0.018092 27.900000 15.300000 85.500000
0.013916 0.060547 -0.968750 -0.011706 0.021284 0.019156 27.600000 16.799999 86.400002
0.010986 0.058594 -0.972168 -0.010642 0.023413 0.023413 27.900000 15.900000 84.900002
0.013428 0.062744 -0.983887 -0.014899 0.022349 0.015963 27.299999 15.900000 85.500000
0.014160 0.058594 -0.977051 -0.012771 0.024477 0.018092 28.200001 13.800000 84.599998
0.012451 0.057129 -0.976562 -0.012771 0.021284 0.019156 27.600000 15.000000 84.599998
0.010254 0.062012 -0.973145 -0.014899 0.021284 0.018092 27.900000 15.900000 84.300003
0.008789 0.061768 -0.976074 -0.009578 0.021284 0.015963 26.100000 15.300000 84.900002
0.010010 0.060791 -0.972168 -0.013835 0.023413 0.013835 27.600000 15.600000 84.599998
0.013428 0.063232 -0.962402 -0.014899 0.024477 0.018092 27.600000 14.400000 85.199997
0.017090 0.062744 -0.977051 -0.011706 0.022349 0.017028 27.000000 15.000000 84.000000
0.009766 0.058838 -0.968750 -0.012771 0.021284 0.019156 27.299999 14.700000 84.900002
0.012695 0.055176 -0.967529 -0.011706 0.021284 0.020220 27.600000 15.600000 85.199997
0.015137 0.059326 -0.972412 -0.013835 0.021284 0.018092 27.299999 15.300000 84.300003
0.015869 0.067871 -0.965820 -0.013835 0.022349 0.019156 27.900000 15.900000 84.900002
0.014160 0.062012 -0.978271 -0.013835 0.023413 0.017028 26.700001 13.500000 84.900002
0.006836 0.055908 -0.974609 -0.012771 0.022349 0.019156 26.400000 15.000000 85.199997
0.013916 0.062988 -0.965576 -0.014899 0.022349 0.015963 27.000000 14.400000 85.800003
0.011230 0.058838 -0.973633 -0.017028 0.021284 0.017028 27.000000 15.000000 84.599998
0.012695 0.063721 -0.962158 -0.013835 0.020220 0.020220 27.900000 15.300000 84.300003
0.010742 0.063477 -0.973389 -0.012771 0.024477 0.015963 26.100000 15.300000 85.500000
0.013428 0.061279 -0.976807 -0.012771 0.018092 0.020220 28.500000 14.100000 84.900002
0.011475 0.056885 -0.975586 -0.018092 0.020220 0.021284 27.600000 15.000000 84.599998
0.013184 0.055420 -0.969238 -0.012771 0.023413 0.021284 27.299999 14.700000 87.300003
0.010498 0.057373 -0.973389 -0.014899 0.022349 0.019156 27.600000 15.000000 84.000000
0.012695 0.066406 -0.968262 -0.017028 0.024477 0.021284 27.600000 15.600000 85.199997
0.011475 0.061035 -0.963379 -0.014899 0.024477 0.017028 27.000000 16.200001 84.599998
0.009521 0.060547 -0.966064 -0.015963 0.024477 0.019156 27.900000 15.900000 84.900002
0.016846 0.057373 -0.965576 -0.014899 0.020220 0.019156 26.100000 15.300000 85.500000
0.017334 0.054688 -0.972412 -0.013835 0.018092 0.018092 26.700001 15.300000 84.300003
0.016113 0.061035 -0.979492 -0.014899 0.020220 0.019156 28.500000 15.300000 85.500000
0.012451 0.063721 -0.966064 -0.014899 0.025541 0.015963 26.400000 14.400000 85.800003
0.012939 0.061035 -0.964355 -0.014899 0.022349 0.020220 26.700001 15.300000 84.900002
0.010986 0.061035 -0.973633 -0.014899 0.023413 0.018092 25.799999 15.000000 85.800003
0.018311 0.058838 -0.974365 -0.012771 0.021284 0.019156 27.900000 14.700000 84.900002
0.011963 0.061279 -0.959961 -0.015963 0.020220 0.018092 27.000000 15.000000 85.199997
0.012451 0.064209 -0.968994 -0.012771 0.023413 0.019156 27.000000 14.400000 82.800003
0.010498 0.067383 -0.968750 -0.013835 0.022349 0.018092 27.900000 15.300000 84.300003
0.013428 0.064697 -0.973877 -0.015963 0.023413 0.014899 27.299999 12.900000 84.900002
0.014404 0.049561 -0.965088 -0.012771 0.025541 0.018092 29.100000 15.300000 84.300003
0.015625 0.060547 -0.977051 -0.013835 0.025541 0.019156 27.900000 15.300000 83.699997
0.010254 0.064697 -0.968262 -0.013835 0.023413 0.018092 26.400000 14.400000 84.599998
0.014404 0.062012 -0.968018 -0.017028 0.021284 0.019156 26.700001 15.900000 86.699997
0.027344 0.166504 -0.960205 -0.003193 0.051083 -0.428882 26.100000 14.100000 84.300003
0.056885 0.195557 -0.906006 0.061725 0.170276 -2.060338 25.200001 18.000000 84.599998
0.306641 0.003906 -1.001953 0.060661 0.369286 -4.466549 23.100000 18.299999 85.500000
0.509277 -0.344727 -0.998535 0.160698 0.628957 -5.974555 16.200001 23.400000 85.800003
0.417969 -0.139648 -1.149170 0.050019 0.518277 -7.140945 9.900000 24.299999 84.300003
0.279785 0.031494 -0.861328 0.092588 0.592773 -7.673057 2.100000 25.500000 84.900002
0.254639 -0.222412 -0.892578 0.164955 0.511892 -7.031330 -9.000000 21.600000 84.599998
0.091064 -0.198975 -0.968750 -0.250093 0.297983 -6.027766 -14.100000 20.100000 84.900002
-0.100830 -0.038818 -0.753418 0.131964 0.488479 -5.709563 -19.799999 15.000000 84.599998
-0.179199 -0.272949 -1.148926 -0.003193 0.288405 -4.743248 -22.799999 10.200000 85.199997
-0.125000 -0.134766 -0.935059 -0.031927 0.261799 -3.783317 -25.500000 6.300000 84.900002
-0.258789 -0.163330 -0.908691 0.003193 0.339488 -2.564780 -27.299999 2.100000 83.699997
-0.246582 -0.186768 -1.066650 -0.065982 0.075560 -1.330280 -26.700001 1.500000 81.900002
-0.233643 -0.225342 -1.021729 -0.001064 0.085138 -0.034055 -28.200001 1.200000 82.800003
-0.168701 -0.054443 -0.958008 -0.102166 0.385249 0.417176 -27.900000 1.500000 81.300003
-0.036133 0.000977 -0.917480 -0.042569 0.000000 0.564039 -26.700001 1.500000 81.900002
0.017090 0.064941 -0.933594 -0.022349 -0.020220 0.508699 -27.000000 2.400000 82.800003
-0.003662 0.077881 -0.954346 -0.018092 -0.021284 0.550204 -27.000000 2.400000 84.000000
-0.015869 0.038086 -0.968750 -0.027670 -0.017028 0.688553 -28.500000 3.300000 84.300003
0.024658 0.151123 -0.973145 -0.013835 -0.025541 0.578938 -27.299999 5.100000 84.900002
0.010742 0.160645 -0.961670 -0.017028 0.005321 0.291597 -25.200001 3.600000 82.800003
0.013428 0.157959 -0.956787 -0.011706 0.023413 0.022349 -26.100000 6.300000 81.900002
-0.004150 0.074951 -0.973877 -0.014899 0.024477 0.013835 -25.799999 6.600000 84.000000
0.000732 0.079346 -0.981689 -0.019156 0.022349 0.007450 -27.000000 4.200000 84.000000
-0.001953 0.061279 -0.966553 -0.015963 0.023413 0.012771 -26.400000 3.600000 82.800003
0.001465 0.076660 -0.977539 -0.017028 0.020220 0.018092 -26.700001 3.900000 82.500000
0.003174 0.089355 -0.979004 -0.012771 0.019156 0.019156 -25.500000 5.100000 83.699997
-0.002686 0.082764 -0.967773 -0.013835 0.025541 0.020220 -26.700001 3.900000 83.699997
0.002197 0.082031 -0.970947 -0.012771 0.018092 0.023413 -26.700001 5.100000 83.699997
0.001465 0.081055 -0.966309 -0.012771 0.022349 0.012771 -27.299999 4.500000 84.300003
-0.000732 0.076416 -0.979980 -0.015963 0.021284 0.015963 -25.799999 6.000000 84.000000
0.005859 0.076416 -0.971191 -0.012771 0.020220 0.018092 -26.100000 3.900000 84.300003
0.003662 0.074951 -0.977051 -0.014899 0.022349 0.015963 -27.600000 6.600000 82.800003
0.002930 0.080078 -0.966797 -0.013835 0.020220 0.019156 -26.100000 5.700000 84.300003
0.000488 0.077637 -0.977295 -0.014899 0.020220 0.017028 -25.500000 4.500000 83.699997
0.007568 0.084961 -0.967773 -0.012771 0.020220 0.018092 -28.200001 5.400000 84.000000
0.000244 0.089111 -0.974609 -0.018092 0.022349 0.020220 -27.000000 4.800000 82.800003
0.001953 0.084717 -0.969238 -0.010642 0.017028 0.019156 -27.600000 5.400000 82.800003
0.000488 0.081299 -0.971680 -0.012771 0.023413 0.017028 -26.700001 5.100000 83.699997
0.006104 0.085693 -0.963379 -0.014899 0.023413 0.018092 -27.600000 4.800000 82.800003
0.006348 0.088135 -0.972900 -0.010642 0.021284 0.019156 -26.700001 5.700000 83.099998
0.002441 0.074463 -0.968506 -0.014899 0.020220 0.018092 -27.600000 5.400000 83.400002
0.002197 0.081055 -0.970703 -0.013835 0.022349 0.015963 -25.799999 5.400000 82.800003
-0.001221 0.085205 -0.966797 -0.012771 0.021284 0.017028 -25.500000 6.300000 84.300003
0.004150 0.077637 -0.976074 -0.011706 0.022349 0.018092 -26.700001 4.500000 83.699997
-0.000244 0.083496 -0.963379 -0.014899 0.022349 0.020220 -26.700001 5.100000 84.300003
-0.002930 0.085205 -0.971924 -0.014899 0.025541 0.017028 -25.799999 6.000000 84.000000
0.000000 0.079346 -0.968506 -0.013835 0.023413 0.019156 -27.000000 5.400000 84.599998
0.000977 0.083252 -0.977783 -0.017028 0.024477 0.017028 -27.000000 4.800000 83.400002
-0.000488 0.084473 -0.970947 -0.015963 0.023413 0.018092 -26.700001 4.500000 83.099998
0.005615 0.072998 -0.968262 -0.017028 0.022349 0.015963 -26.100000 5.100000 83.099998
0.004883 0.088135 -0.973389 -0.012771 0.023413 0.018092 -25.799999 6.000000 84.599998
-0.006836 0.077393 -0.975098 -0.011706 0.021284 0.015963 -26.100000 3.900000 83.099998
0.000244 0.080811 -0.966797 -0.011706 0.023413 0.018092 -27.600000 4.200000 82.199997
0.002197 0.081055 -0.971680 -0.013835 0.022349 0.018092 -27.299999 5.700000 83.699997
-0.003174 0.080078 -0.969482 -0.015963 0.022349 0.014899 -26.100000 5.100000 81.900002
0.000732 0.084473 -0.970703 -0.014899 0.021284 0.017028 -25.799999 4.800000 84.000000
-0.000732 0.079346 -0.979248 -0.011706 0.021284 0.020220 -26.700001 5.100000 83.699997
0.001221 0.082520 -0.971191 -0.012771 0.022349 0.017028 -26.400000 4.200000 84.599998
-0.001709 0.081299 -0.974121 -0.013835 0.020220 0.018092 -25.200001 4.200000 82.800003
0.003662 0.078857 -0.966797 -0.009578 0.021284 0.015963 -26.400000 4.800000 84.000000
0.006348 0.083496 -0.968994 -0.012771 0.022349 0.015963 -27.600000 4.200000 83.400002
0.004883 0.087646 -0.962891 -0.013835 0.025541 0.018092 -26.100000 4.500000 83.099998
0.000000 0.083252 -0.979980 -0.015963 0.022349 0.018092 -27.600000 4.200000 84.000000
0.001709 0.083008 -0.979004 -0.012771 0.022349 0.019156 -27.000000 3.600000 82.800003
-0.000732 0.081543 -0.968506 -0.012771 0.023413 0.019156 -26.400000 4.800000 85.199997
0.004150 0.083008 -0.972168 -0.013835 0.023413 0.018092 -26.700001 5.100000 83.699997
-0.001465 0.086426 -0.964111 -0.014899 0.020220 0.017028 -27.000000 5.400000 83.400002
0.003906 0.080566 -0.972656 -0.013835 0.022349 0.017028 -27.000000 4.200000 83.400002
-0.005127 0.079834 -0.968262 -0.014899 0.023413 0.018092 -25.500000 5.100000 83.099998
0.009033 0.084473 -0.968506 -0.014899 0.020220 0.015963 -25.200001 3.600000 84.000000
0.006348 0.081543 -0.968018 -0.010642 0.021284 0.021284 -25.500000 3.900000 84.900002
-0.004883 0.081787 -0.971436 -0.012771 0.021284 0.019156 -27.000000 4.800000 82.199997
0.005127 0.082275 -0.967041 -0.011706 0.023413 0.019156 -26.100000 5.100000 83.099998
0.000977 0.084961 -0.974121 -0.017028 0.023413 0.018092 -26.700001 4.500000 84.300003
-0.000732 0.083008 -0.961914 -0.012771 0.021284 0.018092 -26.100000 4.500000 82.500000
-0.000244 0.082764 -0.966553 -0.015963 0.022349 0.017028 -27.000000 4.800000 84.000000
0.003662 0.084717 -0.975342 -0.011706 0.022349 0.015963 -26.100000 5.100000 83.099998
-0.002441 0.080566 -0.971436 -0.013835 0.022349 0.019156 -27.000000 3.600000 85.199997
0.001221 0.082275 -0.965820 -0.012771 0.023413 0.020220 -26.400000 4.800000 84.599998
-0.002686 0.081787 -0.969727 -0.013835 0.023413 0.017028 -26.100000 3.300000 83.099998
0.005127 0.086182 -0.967041 -0.012771 0.022349 0.018092 -26.100000 4.500000 84.900002
0.000977 0.086426 -0.964600 -0.012771 0.021284 0.018092 -25.799999 3.600000 82.199997
-0.001221 0.088623 -0.973877 -0.013835 0.020220 0.014899 -26.700001 4.500000 84.900002
-0.005127 0.083252 -0.970703 -0.015963 0.020220 0.019156 -26.100000 3.900000 81.900002
0.003174 0.080811 -0.975342 -0.013835 0.020220 0.017028 -26.700001 4.500000 82.500000
0.005371 0.077148 -0.968994 -0.011706 0.023413 0.017028 -27.900000 5.700000 81.900002
0.004150 0.078125 -0.964111 -0.017028 0.019156 0.019156 -26.700001 5.100000 83.699997
-0.000244 0.081299 -0.977051 -0.013835 0.022349 0.020220 -25.500000 3.900000 81.900002
0.002441 0.082031 -0.969727 -0.012771 0.024477 0.019156 -26.700001 3.900000 83.699997
0.000000 0.081055 -0.959229 -0.013835 0.023413 0.019156 -25.500000 5.700000 83.099998
0.001221 0.080078 -0.970215 -0.011706 0.022349 0.020220 -26.400000 4.200000 84.599998
-0.000488 0.085693 -0.971436 -0.012771 0.022349 0.019156 -27.000000 4.800000 84.000000
-0.002197 0.081787 -0.965088 -0.011706 0.022349 0.018092 -26.100000 3.900000 83.099998
-0.001709 0.079834 -0.971680 -0.012771 0.022349 0.019156 -25.500000 3.900000 82.500000
0.006592 0.081055 -0.975586 -0.017028 0.022349 0.019156 -26.100000 6.300000 83.099998
0.008057 0.078369 -0.981445 -0.012771 0.021284 0.019156 -25.799999 4.200000 82.800003
0.003418 0.081787 -0.972168 -0.012771 0.023413 0.017028 -27.000000 3.600000 82.199997
0.006592 0.082764 -0.962646 -0.012771 0.021284 0.018092 -26.700001 3.900000 82.500000
0.002686 0.079590 -0.962646 -0.018092 0.024477 0.021284 -27.900000 3.900000 83.699997
0.005859 0.077881 -0.977295 -0.011706 0.022349 0.020220 -26.400000 3.000000 84.599998
0.000732 0.083740 -0.978027 -0.013835 0.019156 0.021284 -25.799999 3.000000 83.400002
-0.001709 0.079834 -0.961182 -0.013835 0.024477 0.015963 -27.000000 4.200000 84.000000
0.001709 0.085449 -0.981445 -0.012771 0.024477 0.018092 -25.799999 3.600000 83.400002
-0.001953 0.079590 -0.966797 -0.012771 0.021284 0.018092 -26.100000 3.300000 83.699997
0.001221 0.075684 -0.964844 -0.015963 0.022349 0.018092 -26.100000 3.900000 83.099998
0.002441 0.087402 -0.963135 -0.010642 0.024477 0.017028 -27.000000 4.200000 84.599998
-0.003906 0.078857 -0.970703 -0.014899 0.020220 0.018092 -26.100000 3.900000 82.500000
0.004395 0.087158 -0.968994 -0.014899 0.023413 0.019156 -27.299999 4.500000 83.099998
0.001953 0.082764 -0.964600 -0.012771 0.022349 0.017028 -26.400000 4.200000 83.400002
0.002197 0.081055 -0.967041 -0.014899 0.020220 0.019156 -26.100000 4.500000 82.500000
0.000000 0.077393 -0.966064 -0.012771 0.021284 0.019156 -28.200001 4.200000 83.400002
0.006836 0.083984 -0.974365 -0.013835 0.022349 0.020220 -26.700001 3.300000 82.500000
0.001221 0.076904 -0.966553 -0.013835 0.022349 0.017028 -25.799999 4.800000 83.400002
-0.000488 0.083496 -0.976074 -0.010642 0.020220 0.017028 -24.600000 2.400000 83.400002
0.002686 0.084961 -0.964600 -0.013835 0.020220 0.020220 -27.000000 3.000000 84.000000
0.005127 0.076660 -0.966797 -0.012771 0.024477 0.017028 -26.400000 4.800000 82.800003
0.005127 0.085449 -0.974121 -0.013835 0.021284 0.018092 -25.799999 3.600000 84.599998
-0.001709 0.078369 -0.977539 -0.014899 0.020220 0.019156 -27.000000 4.200000 81.599998
0.005371 0.083984 -0.972168 -0.017028 0.022349 0.017028 -25.500000 4.500000 82.500000
-0.001709 0.077148 -0.965088 -0.012771 0.022349 0.019156 -25.500000 4.500000 83.099998
-0.001465 0.082031 -0.965820 -0.018092 0.021284 0.017028 -26.700001 6.300000 84.300003
0.002441 0.083496 -0.974365 -0.011706 0.024477 0.017028 -26.100000 5.100000 83.099998
0.006348 0.082275 -0.975586 -0.014899 0.020220 0.018092 -27.900000 4.500000 82.500000
0.004883 0.081543 -0.969238 -0.013835 0.020220 0.020220 -26.100000 3.900000 81.900002
0.000244 0.083252 -0.969971 -0.012771 0.024477 0.019156 -25.500000 4.500000 82.500000
0.007080 0.081299 -0.976807 -0.014899 0.021284 0.019156 -26.400000 4.800000 83.400002
0.006104 0.083496 -0.965332 -0.011706 0.021284 0.015963 -26.700001 3.900000 83.699997
0.006104 0.082031 -0.977051 -0.012771 0.020220 0.015963 -24.600000 4.800000 84.000000
-0.001709 0.083252 -0.959961 -0.014899 0.022349 0.018092 -27.900000 4.500000 84.300003
-0.007324 0.082031 -0.965088 -0.012771 0.021284 0.015963 -26.100000 5.700000 83.699997
-0.002441 0.079590 -0.966309 -0.010642 0.022349 0.018092 -26.100000 5.100000 83.699997
0.003418 0.077881 -0.966309 -0.017028 0.021284 0.018092 -26.400000 6.000000 83.400002
0.001465 0.083740 -0.968994 -0.010642 0.022349 0.017028 -26.700001 5.100000 83.099998
-0.004639 0.082520 -0.975342 -0.013835 0.021284 0.017028 -27.600000 4.800000 83.400002
-0.000977 0.076660 -0.969971 -0.011706 0.023413 0.020220 -27.000000 4.800000 83.400002
0.001221 0.075439 -0.966064 -0.012771 0.022349 0.018092 -25.799999 4.800000 81.599998
0.004150 0.086670 -0.979492 -0.014899 0.021284 0.018092 -26.400000 5.400000 84.599998
0.001709 0.076660 -0.965820 -0.011706 0.020220 0.019156 -27.299999 3.900000 83.699997
0.001953 0.079102 -0.962402 -0.014899 0.020220 0.020220 -26.400000 3.600000 84.000000
-0.004150 0.081055 -0.968750 -0.014899 0.022349 0.018092 -26.400000 4.800000 82.199997
-0.000732 0.080811 -0.961426 -0.011706 0.020220 0.019156 -24.900000 4.500000 81.300003
-0.001953 0.079590 -0.986816 -0.014899 0.022349 0.018092 -25.500000 5.700000 83.699997
0.004395 0.080566 -0.959717 -0.014899 0.019156 0.020220 -25.799999 5.400000 83.400002
0.011719 0.082764 -0.981445 -0.012771 0.020220 0.015963 -27.900000 5.100000 83.699997
0.001953 0.083008 -0.965820 -0.012771 0.023413 0.018092 -25.500000 3.900000 83.099998
0.001221 0.078125 -0.959717 -0.013835 0.020220 0.019156 -27.000000 3.600000 81.599998
0.002930 0.083496 -0.967041 -0.011706 0.023413 0.017028 -27.600000 5.400000 84.000000
-0.003174 0.083252 -0.975098 -0.014899 0.024477 0.019156 -27.600000 5.400000 82.800003
0.002441 0.082031 -0.976562 -0.011706 0.018092 0.020220 -24.900000 4.500000 83.099998
0.001709 0.080078 -0.962402 -0.013835 0.023413 0.021284 -26.700001 3.300000 83.099998
0.002197 0.080566 -0.975830 -0.013835 0.022349 0.017028 -25.500000 5.100000 84.900002
0.001953 0.087158 -0.962891 -0.013835 0.022349 0.017028 -26.100000 2.700000 83.699997
0.000244 0.082764 -0.972656 -0.014899 0.024477 0.015963 -25.200001 4.800000 84.599998
0.008301 0.081299 -0.970215 -0.015963 0.019156 0.020220 -26.400000 4.800000 82.800003
0.001709 0.076660 -0.967285 -0.013835 0.021284 0.020220 -24.600000 5.400000 84.000000
0.001953 0.085693 -0.977539 -0.012771 0.022349 0.019156 -25.799999 4.200000 82.800003
0.001953 0.080078 -0.977539 -0.011706 0.022349 0.018092 -26.100000 5.700000 82.500000
-0.003418 0.082275 -0.975586 -0.009578 0.020220 0.017028 -27.900000 3.900000 83.699997
0.002930 0.081055 -0.968994 -0.012771 0.020220 0.021284 -26.100000 2.700000 84.300003
0.001221 0.083740 -0.964600 -0.014899 0.022349 0.017028 -26.100000 4.500000 84.300003
-0.005859 0.086670 -0.969238 -0.013835 0.023413 0.019156 -26.400000 3.600000 82.800003
-0.002197 0.076172 -0.977051 -0.014899 0.021284 0.018092 -25.500000 4.500000 83.099998
0.007812 0.083496 -0.967773 -0.013835 0.021284 0.017028 -27.900000 4.500000 84.300003
0.000244 0.084961 -0.964355 -0.013835 0.020220 0.015963 -27.600000 4.800000 83.400002
-0.000977 0.079102 -0.962402 -0.017028 0.022349 0.020220 -26.100000 3.900000 83.699997
0.002441 0.082520 -0.970215 -0.009578 0.023413 0.014899 -26.100000 3.900000 83.699997
-0.003906 0.073975 -0.972656 -0.013835 0.019156 0.017028 -26.100000 5.700000 83.099998
0.003418 0.085205 -0.971436 -0.011706 0.022349 0.019156 -26.100000 4.500000 82.500000
0.000244 0.078125 -0.968506 -0.012771 0.019156 0.018092 -26.100000 5.700000 83.099998
0.004150 0.079590 -0.966553 -0.011706 0.023413 0.018092 -25.799999 5.400000 82.800003
0.000732 0.073730 -0.970215 -0.013835 0.023413 0.019156 -27.000000 4.200000 83.400002
0.000732 0.086914 -0.970947 -0.013835 0.022349 0.018092 -27.600000 4.200000 83.400002
-0.000977 0.083740 -0.966309 -0.014899 0.023413 0.020220 -27.299999 3.300000 83.699997
0.003662 0.081543 -0.977051 -0.015963 0.022349 0.017028 -25.799999 4.800000 83.400002
-0.001953 0.087402 -0.972656 -0.017028 0.019156 0.018092 -27.000000 4.200000 81.599998
0.003174 0.083252 -0.975342 -0.014899 0.021284 0.022349 -24.299999 5.100000 83.699997
0.004883 0.083740 -0.967529 -0.014899 0.022349 0.020220 -26.700001 3.300000 83.099998
0.003174 0.081299 -0.962402 -0.011706 0.022349 0.019156 -26.400000 4.800000 83.400002
0.007324 0.081299 -0.969971 -0.012771 0.021284 0.019156 -26.700001 4.500000 83.099998
0.002197 0.074951 -0.965576 -0.012771 0.022349 0.020220 -27.000000 4.800000 82.199997
-0.004150 0.085938 -0.979492 -0.015963 0.023413 0.015963 -25.200001 4.200000 84.000000
-0.001221 0.084961 -0.962158 -0.012771 0.022349 0.017028 -28.200001 4.200000 84.000000
-0.002686 0.082764 -0.975586 -0.011706 0.022349 0.020220 -27.600000 4.200000 84.000000
-0.000977 0.088379 -0.969971 -0.014899 0.021284 0.020220 -26.100000 3.900000 83.699997
-0.001953 0.078369 -0.963867 -0.014899 0.023413 0.018092 -26.100000 5.700000 83.099998
0.011475 0.078857 -0.965332 -0.014899 0.022349 0.019156 -26.100000 4.500000 82.500000
0.004150 0.083496 -0.973145 -0.014899 0.021284 0.017028 -25.500000 5.700000 84.900002
0.000000 0.074707 -0.968018 -0.017028 0.022349 0.018092 -25.500000 4.500000 85.500000
-0.002686 0.078857 -0.972656 -0.012771 0.021284 0.017028 -26.100000 3.300000 84.300003
0.002197 0.082520 -0.969727 -0.012771 0.022349 0.019156 -26.700001 5.100000 83.699997
-0.003174 0.081299 -0.975830 -0.017028 0.022349 0.015963 -26.100000 4.500000 83.099998
0.004883 0.083496 -0.964844 -0.012771 0.022349 0.018092 -27.000000 4.800000 83.400002
0.002686 0.083252 -0.964111 -0.014899 0.021284 0.018092 -25.799999 4.200000 82.800003
0.000244 0.081299 -0.972168 -0.015963 0.019156 0.019156 -26.100000 3.900000 83.099998
0.001465 0.076416 -0.972656 -0.014899 0.022349 0.017028 -24.900000 5.100000 84.300003
-0.000732 0.079102 -0.969482 -0.012771 0.021284 0.020220 -25.500000 3.900000 81.900002
0.003662 0.081299 -0.961426 -0.012771 0.022349 0.017028 -27.000000 4.800000 83.400002
0.000000 0.079346 -0.958984 -0.011706 0.021284 0.013835 -27.000000 4.200000 82.800003
0.000977 0.084229 -0.968018 -0.013835 0.022349 0.018092 -27.900000 6.300000 84.300003
0.001221 0.076172 -0.971191 -0.015963 0.021284 0.017028 -25.799999 6.000000 82.800003
0.002197 0.081543 -0.983154 -0.015963 0.021284 0.019156 -27.000000 4.200000 84.000000
0.005371 0.074463 -0.968750 -0.014899 0.023413 0.017028 -27.000000 3.000000 84.000000
0.000000 0.077881 -0.969482 -0.013835 0.022349 0.017028 -27.600000 3.600000 82.800003
-0.002930 0.081055 -0.984619 -0.012771 0.019156 0.019156 -25.200001 4.200000 82.199997
-0.000732 0.077881 -0.976074 -0.013835 0.021284 0.017028 -26.700001 5.700000 83.099998
0.000244 0.077148 -0.963623 -0.015963 0.020220 0.015963 -27.900000 5.700000 83.099998
-0.001465 0.076416 -0.972412 -0.010642 0.021284 0.018092 -25.799999 2.400000 83.400002
-0.003174 0.085449 -0.972412 -0.009578 0.021284 0.019156 -25.799999 4.200000 82.800003
0.005615 0.081299 -0.960449 -0.017028 0.022349 0.018092 -26.700001 3.900000 82.500000
0.002441 0.083740 -0.975586 -0.012771 0.022349 0.017028 -27.000000 4.200000 84.000000
-0.000244 0.085938 -0.972168 -0.014899 0.022349 0.017028 -24.600000 4.200000 84.599998
0.003906 0.077393 -0.973389 -0.013835 0.022349 0.021284 -25.200001 5.400000 81.000000
-0.006104 0.078613 -0.976562 -0.017028 0.021284 0.020220 -26.100000 4.500000 83.699997
-0.004639 0.080811 -0.966553 -0.014899 0.021284 0.020220 -25.799999 5.400000 83.400002
0.001221 0.082275 -0.966309 -0.012771 0.023413 0.020220 -26.400000 6.000000 83.400002
-0.002686 0.086914 -0.978516 -0.011706 0.021284 0.018092 -25.200001 3.600000 84.599998
-0.001953 0.084961 -0.971924 -0.015963 0.022349 0.019156 -26.700001 4.500000 84.300003
-0.000488 0.084717 -0.971680 -0.012771 0.021284 0.017028 -27.000000 4.800000 84.000000
0.002197 0.082764 -0.971680 -0.015963 0.020220 0.018092 -26.100000 5.100000 83.099998
0.007080 0.080811 -0.965576 -0.011706 0.021284 0.017028 -27.900000 3.900000 82.500000
-0.005615 0.074707 -0.973877 -0.012771 0.020220 0.015963 -27.000000 4.200000 82.800003
0.002197 0.080566 -0.965576 -0.014899 0.021284 0.018092 -26.100000 3.900000 83.099998
-0.001709 0.082275 -0.969238 -0.011706 0.024477 0.014899 -26.400000 5.400000 83.400002
0.001221 0.083252 -0.970947 -0.013835 0.020220 0.017028 -27.600000 4.800000 84.599998
-0.000732 0.081055 -0.972412 -0.014899 0.021284 0.020220 -28.200001 4.200000 82.800003
-0.003174 0.086914 -0.965088 -0.012771 0.025541 0.017028 -26.100000 3.900000 82.500000
0.006348 0.079346 -0.974854 -0.020220 0.021284 0.018092 -25.200001 6.000000 84.000000
0.000732 0.083008 -0.967041 -0.011706 0.023413 0.020220 -26.400000 5.400000 84.599998
0.003906 0.085449 -0.960938 -0.014899 0.022349 0.019156 -26.100000 5.700000 81.900002
0.002197 0.080078 -0.970703 -0.011706 0.019156 0.020220 -25.799999 4.200000 82.800003
0.004150 0.083496 -0.966064 -0.013835 0.019156 0.020220 -25.200001 4.800000 83.400002
0.003418 0.078613 -0.972900 -0.011706 0.023413 0.015963 -27.299999 4.500000 83.099998
0.000488 0.079590 -0.967041 -0.014899 0.024477 0.018092 -27.000000 4.200000 84.000000
-0.000977 0.083252 -0.968750 -0.013835 0.021284 0.014899 -27.000000 3.600000 83.400002
-0.001709 0.084717 -0.967285 -0.010642 0.021284 0.020220 -26.100000 5.100000 82.500000
-0.002197 0.080566 -0.960938 -0.012771 0.023413 0.018092 -27.900000 5.100000 84.300003
0.000000 0.081299 -0.968262 -0.015963 0.023413 0.017028 -27.600000 4.800000 82.800003
0.005371 0.080566 -0.968994 -0.011706 0.023413 0.018092 -27.299999 4.500000 82.500000
0.005371 0.078369 -0.968262 -0.011706 0.022349 0.018092 -24.299999 3.900000 84.300003
0.002930 0.081055 -0.972656 -0.012771 0.022349 0.018092 -26.100000 3.900000 83.099998
0.000488 0.082031 -0.968018 -0.013835 0.023413 0.019156 -26.700001 3.300000 84.900002
-0.000488 0.081299 -0.971191 -0.017028 0.020220 0.017028 -25.200001 5.400000 82.800003
0.002686 0.083496 -0.965820 -0.014899 0.021284 0.019156 -26.700001 3.900000 84.900002
