0.000000 0.000000 185987687086309769216.000000 -0.012771 0.024477 0.017028 7.200000 -30.000000 68.400002
-0.029053 0.007324 -0.971924 -0.011706 0.023413 0.023413 7.200000 -28.799999 69.000000
-0.025635 0.017578 -0.978760 -0.013835 0.025541 0.019156 7.200000 -27.600000 68.400002
-0.027100 0.010986 -0.978516 -0.013835 0.022349 0.014899 6.600000 -28.799999 69.000000
-0.030273 0.013184 -0.974609 -0.013835 0.024477 0.021284 5.700000 -29.700001 68.099998
-0.024414 0.007080 -0.968750 -0.010642 0.025541 0.019156 6.300000 -29.700001 67.500000
-0.031006 0.010986 -0.974609 -0.011706 0.024477 0.015963 3.000000 -28.200001 67.800003
-0.028320 0.012207 -0.977783 -0.015963 0.023413 0.020220 2.100000 -29.700001 67.500000
-0.030762 0.011963 -0.974121 -0.011706 0.024477 0.020220 2.100000 -29.700001 65.699997
-0.029053 0.012695 -0.972656 -0.018092 0.024477 0.015963 0.600000 -31.200001 66.599998
-0.027588 0.006836 -0.978027 -0.013835 0.026606 0.018092 -0.600000 -31.200001 66.000000
-0.022705 0.014160 -0.964600 -0.014899 0.024477 0.020220 -1.500000 -31.500000 64.500000
-0.028564 0.016113 -0.966553 -0.015963 0.024477 0.018092 -2.700000 -30.900000 62.700001
-0.026611 0.009277 -0.975586 -0.014899 0.022349 0.018092 -0.900000 -33.299999 63.299999
-0.031738 0.007568 -0.974609 -0.012771 0.026606 0.018092 -3.300000 -32.700001 63.299999
-0.033447 0.009277 -0.969971 -0.011706 0.023413 0.019156 -3.000000 -31.799999 60.599998
-0.030518 0.009277 -0.979492 -0.011706 0.026606 0.019156 -2.100000 -31.500000 59.700001
-0.024902 0.015381 -0.973145 -0.014899 0.027670 0.020220 -2.700000 -31.500000 56.099998
-0.024658 0.014404 -0.973633 -0.012771 0.024477 0.018092 -2.400000 -30.000000 57.000000
-0.030518 0.008057 -0.976318 -0.012771 0.025541 0.019156 -3.000000 -31.200001 57.000000
-0.026367 0.010010 -0.971680 -0.017028 0.024477 0.019156 -5.100000 -30.299999 52.500000
-0.022705 0.012451 -0.969482 -0.014899 0.024477 0.021284 -3.600000 -31.799999 53.400002
-0.020508 0.014404 -0.979736 -0.010642 0.025541 0.017028 -5.100000 -32.099998 53.700001
-0.033691 0.008057 -0.979736 -0.011706 0.025541 0.020220 -4.500000 -36.299999 52.500000
-0.022461 0.011963 -0.975342 -0.013835 0.021284 0.021284 -5.700000 -35.700001 53.099998
-0.027344 0.007324 -0.975342 -0.014899 0.024477 0.017028 -6.900000 -33.900002 51.299999
-0.029053 0.014648 -0.972412 -0.013835 0.024477 0.019156 -9.000000 -36.599998 48.599998
-0.031006 0.007080 -0.972656 -0.010642 0.024477 0.020220 -9.300000 -36.900002 47.099998
-0.024658 0.010986 -0.979736 -0.012771 0.025541 0.020220 -9.900000 -35.700001 47.700001
-0.025146 0.012695 -0.968994 -0.010642 0.023413 0.020220 -4.800000 -31.200001 46.799999
-0.029541 0.006592 -0.970459 -0.127707 0.073431 -0.031927 -3.300000 -29.100000 44.099998
-0.105957 0.207031 -0.997070 0.060661 0.022349 0.008514 -3.900000 -29.100000 45.299999
-0.115967 0.043213 -0.943848 0.006385 0.095780 0.011706 -5.400000 -33.000000 48.599998
-0.037354 0.052246 -0.912598 -0.001064 -0.002128 0.038312 -8.700000 -38.700001 47.700001
-0.035889 0.020508 -0.985352 -0.042569 0.021284 0.010642 -9.000000 -41.400002 52.799999
-0.021973 -0.019287 -1.003662 -0.015963 -0.003193 0.020220 -8.100000 -44.099998 56.700001
-0.035156 0.004150 -0.983398 -0.010642 0.040441 0.018092 -4.200000 -43.799999 58.200001
-0.045166 0.026611 -0.942871 0.000000 0.029798 0.020220 -3.900000 -42.900002 59.700001
-0.032959 0.007324 -0.970703 -0.026606 0.022349 0.019156 -2.100000 -42.299999 59.700001
-0.018799 0.006836 -0.980469 -0.012771 0.010642 0.020220 -0.300000 -42.299999 61.500000
-0.016113 0.003662 -0.993652 -0.019156 0.025541 0.015963 -0.900000 -40.500000 60.299999
-0.022217 0.009521 -0.969971 -0.005321 0.030863 0.019156 1.500000 -39.900002 61.500000
-0.035645 0.008545 -0.964111 -0.014899 0.021284 0.020220 0.000000 -37.799999 63.000000
-0.021484 0.015869 -0.984131 -0.018092 0.023413 0.017028 2.400000 -38.400002 62.400002
-0.024170 0.010986 -0.985596 -0.010642 0.026606 0.017028 1.800000 -36.599998 61.799999
-0.032227 0.007568 -0.978027 -0.012771 0.024477 0.021284 2.100000 -37.500000 65.099998
-0.030762 0.010498 -0.977295 -0.014899 0.018092 0.017028 3.000000 -36.599998 65.400002
-0.031982 0.003662 -0.977539 -0.009578 0.026606 0.020220 3.900000 -36.900002 64.500000
-0.026367 0.013672 -0.977539 -0.011706 0.026606 0.020220 3.900000 -39.299999 66.300003
-0.026367 0.005859 -0.980957 -0.010642 0.021284 0.019156 3.600000 -36.599998 66.000000
-0.029541 0.007324 -0.981201 -0.017028 0.023413 0.017028 2.100000 -36.900002 66.300003
-0.030273 0.013672 -0.973389 -0.014899 0.023413 0.020220 2.400000 -37.200001 66.000000
-0.027344 0.017578 -0.973633 -0.014899 0.022349 0.017028 4.500000 -34.500000 65.699997
-0.024170 0.012207 -0.973389 -0.012771 0.024477 0.018092 3.900000 -35.099998 66.300003
-0.030518 0.008789 -0.968506 -0.012771 0.025541 0.017028 3.900000 -32.700001 66.300003
-0.027832 0.014160 -0.968750 -0.015963 0.024477 0.018092 4.500000 -33.299999 66.900002
-0.025391 0.011475 -0.975586 -0.012771 0.024477 0.021284 3.600000 -33.000000 66.599998
-0.028564 0.006348 -0.981934 -0.012771 0.024477 0.018092 3.900000 -33.299999 67.500000
-0.032715 0.015381 -0.969727 -0.014899 0.024477 0.019156 4.200000 -33.599998 67.800003
-0.032471 0.013672 -0.980713 -0.017028 0.024477 0.021284 2.700000 -33.900002 67.500000
-0.028809 0.015625 -0.975586 -0.008514 0.027670 0.018092 3.600000 -32.400002 66.599998
-0.026367 0.010986 -0.979492 -0.010642 0.024477 0.017028 3.900000 -33.900002 66.900002
-0.031250 0.007080 -0.975830 -0.013835 0.026606 0.018092 2.700000 -32.099998 66.900002
-0.026611 0.012695 -0.976807 -0.013835 0.023413 0.019156 3.300000 -33.299999 66.900002
-0.031982 0.011230 -0.971436 -0.015963 0.024477 0.018092 3.300000 -32.099998 66.900002
-0.030273 0.009521 -0.981201 -0.013835 0.025541 0.017028 3.600000 -34.200001 68.400002
-0.029785 0.012451 -0.970215 -0.014899 0.023413 0.018092 3.600000 -34.200001 64.800003
-0.021240 0.004150 -0.973633 -0.013835 0.026606 0.018092 -0.300000 -33.900002 66.900002
-0.033936 0.009521 -0.972656 -0.014899 0.027670 0.019156 -1.200000 -37.200001 66.599998
-0.028564 0.013428 -0.977539 -0.014899 0.024477 0.017028 -3.600000 -38.400002 67.199997
-0.022949 0.012207 -0.973389 -0.014899 0.023413 0.020220 -6.300000 -38.099998 67.500000
-0.024414 0.011719 -0.979248 -0.010642 0.023413 0.018092 -6.600000 -39.599998 67.199997
-0.031982 0.015381 -0.977051 -0.015963 0.024477 0.018092 -8.400000 -40.200001 69.000000
-0.023193 0.017090 -0.982910 -0.014899 0.025541 0.019156 -8.700000 -40.500000 68.699997
-0.031738 0.008057 -0.963135 -0.015963 0.025541 0.020220 -11.100000 -41.700001 69.900002
-0.029297 0.009521 -0.974365 -0.014899 0.024477 0.018092 -12.900000 -42.299999 69.300003
-0.029053 0.011963 -0.975830 -0.015963 0.025541 0.020220 -15.000000 -42.000000 70.800003
-0.030762 0.004639 -0.972412 -0.012771 0.023413 0.018092 -14.100000 -42.299999 71.099998
-0.022461 0.008545 -0.973877 -0.017028 0.026606 0.019156 -15.600000 -42.000000 69.599998
-0.026611 0.012939 -0.977051 -0.015963 0.023413 0.017028 -16.500000 -43.500000 71.099998
-0.031006 0.009521 -0.975342 -0.015963 0.021284 0.015963 -19.799999 -42.599998 70.199997
-0.025391 0.011475 -0.982910 -0.010642 0.023413 0.019156 -19.799999 -43.200001 72.000000
-0.024658 0.009521 -0.983643 -0.014899 0.024477 0.019156 -22.500000 -44.700001 70.500000
-0.026367 0.010986 -0.973389 -0.013835 0.024477 0.018092 -23.100000 -47.099998 69.300003
-0.033936 0.009033 -0.979980 -0.015963 0.025541 0.018092 -24.600000 -46.200001 68.400002
-0.024414 0.013184 -0.972900 -0.011706 0.022349 0.018092 -26.700001 -48.900002 66.900002
-0.025635 0.015381 -0.975830 -0.012771 0.028734 0.019156 -27.600000 -48.599998 68.400002
-0.035889 0.013672 -0.963867 -0.014899 0.024477 0.020220 -26.700001 -48.900002 67.500000
-0.025146 0.011963 -0.970703 -0.013835 0.026606 0.017028 -27.900000 -50.099998 68.099998
-0.029785 0.015381 -0.967041 -0.014899 0.027670 0.017028 -28.200001 -49.799999 67.199997
-0.029297 0.012207 -0.966309 -0.014899 0.026606 0.019156 -30.000000 -50.400002 67.199997
-0.025391 0.009033 -0.977539 -0.013835 0.024477 0.017028 -30.299999 -51.299999 67.500000
-0.028564 0.010010 -0.978027 -0.012771 0.024477 0.022349 -29.100000 -50.099998 67.500000
-0.027832 0.011475 -0.967529 -0.013835 0.024477 0.020220 -30.600000 -51.599998 68.400002
-0.024414 0.014893 -0.975098 -0.013835 0.024477 0.020220 -32.400002 -49.799999 66.599998
-0.031250 0.010254 -0.973877 -0.015963 0.023413 0.018092 -30.600000 -52.200001 65.400002
-0.028076 0.009033 -0.978760 -0.012771 0.025541 0.022349 -29.400000 -51.000000 67.199997
-0.028076 0.011230 -0.973633 -0.014899 0.026606 0.018092 -27.900000 -49.500000 66.900002
-0.026367 0.005859 -0.971680 -0.015963 0.024477 0.018092 -25.799999 -51.000000 66.000000
-0.026855 0.015625 -0.969238 -0.014899 0.024477 0.022349 -25.200001 -48.599998 67.199997
-0.030518 0.004883 -0.973145 -0.012771 0.022349 0.020220 -22.799999 -48.000000 67.199997
-0.018555 0.008301 -0.974121 -0.012771 0.026606 0.017028 -20.700001 -45.900002 65.699997
-0.025635 0.010254 -0.977539 -0.013835 0.026606 0.018092 -18.299999 -46.500000 64.500000
-0.032959 0.014648 -0.970947 -0.012771 0.024477 0.019156 -16.799999 -42.000000 64.199997
-0.027832 0.010010 -0.977539 -0.011706 0.024477 0.015963 -13.800000 -42.599998 64.800003
-0.022217 0.009766 -0.970703 -0.014899 0.024477 0.022349 -13.500000 -39.299999 65.699997
-0.023926 0.016602 -0.977295 -0.012771 0.023413 0.021284 -13.200000 -40.200001 64.800003
-0.024170 0.009766 -0.966064 -0.010642 0.025541 0.019156 -12.900000 -38.700001 62.700001
-0.021240 0.016357 -0.975098 -0.013835 0.027670 0.019156 -11.400000 -39.599998 62.400002
-0.026123 0.010498 -0.969238 -0.013835 0.023413 0.018092 -10.200000 -39.599998 63.599998
-0.030762 0.017578 -0.971680 -0.011706 0.025541 0.018092 -11.100000 -38.700001 62.099998
-0.031006 0.010986 -0.968750 -0.012771 0.027670 0.017028 -13.200000 -42.599998 62.400002
-0.025635 0.011719 -0.973145 -0.013835 0.026606 0.018092 -13.800000 -43.200001 63.599998
-0.024170 0.010498 -0.972900 -0.015963 0.024477 0.018092 -18.299999 -44.700001 63.299999
-0.027588 0.015869 -0.976562 -0.015963 0.025541 0.019156 -21.600000 -47.400002 63.000000
-0.027832 0.015625 -0.984375 -0.015963 0.026606 0.022349 -25.200001 -49.200001 62.400002
-0.031250 0.014160 -0.969971 -0.011706 0.024477 0.020220 -27.600000 -49.799999 66.000000
-0.029541 0.008545 -0.975098 -0.017028 0.023413 0.017028 -30.299999 -51.299999 65.699997
-0.029785 0.018066 -0.969238 -0.013835 0.025541 0.020220 -31.200001 -51.000000 66.599998
-0.027100 0.012695 -0.973877 -0.010642 0.027670 0.021284 -36.000000 -52.799999 66.599998
-0.027588 0.010498 -0.972168 -0.012771 0.024477 0.020220 -36.299999 -52.500000 66.300003
-0.024658 0.011963 -0.982178 -0.013835 0.024477 0.018092 -39.000000 -52.200001 63.000000
-0.034668 0.011963 -0.965820 -0.013835 0.023413 0.018092 -42.599998 -48.599998 55.799999
-0.027832 0.010010 -0.980713 -0.209652 0.212845 0.004257 -46.200001 -45.599998 51.000000
-0.082520 0.280029 -0.980713 0.047890 0.004257 -0.042569 -42.900002 -44.700001 52.500000
0.101562 -0.029297 -1.038574 0.052147 -0.109615 0.023413 -40.200001 -46.799999 53.400002
0.114014 -0.069580 -1.001465 -0.053211 0.061725 0.022349 -34.500000 -50.700001 57.299999
-0.107178 -0.067383 -1.008789 -0.041505 -0.008514 0.008514 -32.400002 -53.400002 63.599998
0.006104 0.007812 -1.053223 -0.031927 0.017028 0.014899 -25.200001 -55.200001 67.199997
-0.033203 -0.016602 -0.912109 0.008514 0.028734 0.026606 -21.900000 -54.900002 68.699997
-0.031982 0.055420 -0.962891 -0.035119 0.048954 0.015963 -15.900000 -54.299999 71.099998
-0.016602 0.023193 -0.995850 -0.001064 -0.002128 0.025541 -15.000000 -54.000000 70.199997
-0.015869 -0.002930 -0.999023 -0.039376 0.029798 0.009578 -11.700000 -54.299999 69.900002
-0.020508 -0.007812 -0.978760 -0.002128 0.017028 0.021284 -10.500000 -55.500000 70.500000
-0.028320 0.024414 -0.969727 -0.021284 0.038312 0.014899 -9.900000 -56.099998 68.699997
-0.033203 0.024414 -0.962646 -0.007450 0.022349 0.022349 -10.200000 -57.599998 68.400002
-0.024170 0.000000 -0.973633 -0.012771 0.021284 0.017028 -9.900000 -54.299999 66.900002
-0.025879 0.015137 -0.979980 -0.015963 0.034055 0.015963 -8.400000 -52.799999 66.599998
-0.028564 0.016846 -0.968506 -0.008514 0.023413 0.019156 -8.700000 -50.700001 65.699997
-0.031250 0.001953 -0.964844 -0.019156 0.025541 0.014899 -8.100000 -50.700001 65.699997
-0.023682 0.006104 -0.986328 -0.012771 0.017028 0.019156 -7.200000 -49.200001 64.800003
-0.031006 0.015869 -0.961426 -0.010642 0.027670 0.019156 -7.200000 -47.400002 64.800003
-0.031006 0.016602 -0.973633 -0.018092 0.025541 0.018092 -6.000000 -45.599998 64.800003
-0.024658 0.005859 -0.978271 -0.011706 0.019156 0.019156 -5.100000 -41.099998 66.300003
-0.032959 0.005615 -0.969727 -0.012771 0.024477 0.017028 -3.600000 -37.799999 65.400002
-0.028809 0.008545 -0.977783 -0.015963 0.024477 0.015963 -2.700000 -36.900002 65.699997
-0.036133 0.011963 -0.983154 -0.011706 0.024477 0.018092 -1.200000 -34.799999 64.800003
-0.031006 0.012695 -0.975098 -0.017028 0.027670 0.018092 -1.200000 -33.000000 64.199997
-0.027344 0.014160 -0.974854 -0.011706 0.025541 0.020220 0.300000 -32.700001 65.099998
-0.032471 0.010742 -0.972168 -0.011706 0.024477 0.019156 -0.300000 -30.900000 62.700001
-0.029541 0.012695 -0.975098 -0.017028 0.022349 0.014899 0.300000 -31.500000 63.299999
-0.035156 0.006348 -0.976074 -0.011706 0.021284 0.019156 -0.300000 -29.700001 61.500000
-0.030518 0.011963 -0.981934 -0.010642 0.024477 0.021284 -0.600000 -29.400000 61.799999
-0.022705 0.013916 -0.974609 -0.013835 0.026606 0.017028 -1.200000 -30.000000 61.200001
-0.031250 0.010498 -0.971436 -0.014899 0.023413 0.018092 -0.900000 -28.500000 61.500000
-0.026855 0.015625 -0.968994 -0.012771 0.023413 0.022349 -0.600000 -27.600000 60.599998
-0.025635 0.005859 -0.976562 -0.012771 0.024477 0.020220 -0.600000 -27.600000 60.000000
-0.031006 0.007324 -0.967285 -0.013835 0.025541 0.017028 -0.900000 -29.100000 60.299999
-0.034424 0.005127 -0.965576 -0.015963 0.024477 0.015963 -0.300000 -27.900000 59.099998
-0.027100 0.012695 -0.969482 -0.015963 0.026606 0.018092 -0.600000 -27.000000 59.400002
-0.026367 0.007324 -0.979004 -0.012771 0.025541 0.019156 0.600000 -27.000000 60.599998
-0.031494 0.010254 -0.973389 -0.017028 0.024477 0.015963 0.300000 -25.500000 60.299999
-0.026123 0.009521 -0.976074 -0.013835 0.024477 0.019156 -2.100000 -26.700001 59.700001
-0.034912 0.014404 -0.975586 -0.014899 0.027670 0.020220 -1.200000 -28.200001 57.599998
-0.024170 0.016357 -0.976562 -0.012771 0.024477 0.017028 -0.600000 -25.799999 59.400002
-0.026855 0.013916 -0.976318 -0.009578 0.025541 0.015963 -3.000000 -28.200001 58.799999
-0.032471 0.009521 -0.989502 -0.014899 0.026606 0.020220 -2.700000 -26.700001 61.500000
-0.025879 0.007080 -0.971924 -0.012771 0.022349 0.018092 -1.200000 -28.799999 60.599998
-0.024902 0.017334 -0.974609 -0.014899 0.026606 0.020220 -3.000000 -28.799999 60.000000
-0.022949 0.005127 -0.978027 -0.012771 0.025541 0.018092 -2.400000 -28.200001 60.000000
-0.026367 0.013184 -0.968994 -0.012771 0.027670 0.020220 -4.500000 -29.100000 60.900002
-0.024170 0.015137 -0.979736 -0.015963 0.022349 0.019156 -3.600000 -29.400000 60.000000
-0.026611 0.010254 -0.976562 -0.014899 0.025541 0.020220 -4.800000 -29.400000 61.799999
-0.029785 0.007324 -0.973633 -0.014899 0.024477 0.020220 -6.000000 -30.600000 61.200001
-0.025635 0.007080 -0.978516 -0.013835 0.024477 0.019156 -4.800000 -34.200001 64.199997
-0.028076 0.010986 -0.978027 -0.010642 0.022349 0.017028 -5.700000 -35.700001 66.300003
-0.026367 0.016113 -0.981445 -0.011706 0.024477 0.020220 -3.300000 -38.099998 66.300003
-0.031982 0.014893 -0.976074 -0.014899 0.021284 0.018092 -5.700000 -41.700001 68.699997
-0.028320 0.005615 -0.973633 -0.017028 0.022349 0.019156 -2.700000 -44.099998 72.300003
-0.027100 0.012451 -0.976074 -0.011706 0.023413 0.021284 -3.000000 -46.799999 75.000000
-0.026367 0.008301 -0.968262 -0.009578 0.024477 0.018092 -2.100000 -48.299999 74.699997
-0.029541 0.018555 -0.971924 -0.017028 0.025541 0.014899 -2.400000 -46.799999 75.000000
-0.026855 0.019043 -0.971680 -0.013835 0.025541 0.019156 -3.600000 -47.400002 76.800003
-0.027832 0.012939 -0.983154 -0.017028 0.028734 0.021284 -3.300000 -47.099998 77.099998
-0.023682 0.014404 -0.971436 -0.012771 0.027670 0.019156 -6.600000 -48.000000 78.000000
-0.027832 0.011963 -0.973389 -0.010642 0.024477 0.017028 -4.800000 -47.400002 77.400002
-0.027344 0.004639 -0.971680 -0.012771 0.024477 0.018092 -8.400000 -49.200001 76.199997
-0.029541 0.010010 -0.984131 -0.011706 0.024477 0.018092 -9.900000 -50.099998 77.699997
-0.031250 0.008789 -0.978271 -0.011706 0.025541 0.017028 -12.600000 -51.000000 77.400002
-0.031006 0.006348 -0.965820 -0.014899 0.022349 0.017028 -11.700000 -51.299999 74.699997
-0.029297 0.006592 -0.976807 -0.013835 0.026606 0.018092 -14.100000 -53.099998 76.500000
-0.031006 0.009277 -0.980225 -0.014899 0.026606 0.020220 -14.700000 -52.500000 77.099998
-0.025879 0.008301 -0.970215 -0.011706 0.026606 0.014899 -15.300000 -48.900002 77.699997
-0.031494 0.004639 -0.980469 -0.013835 0.024477 0.017028 -13.800000 -49.200001 76.800003
-0.027100 0.012695 -0.973877 -0.011706 0.026606 0.019156 -16.799999 -47.400002 76.199997
-0.032471 0.003174 -0.970215 -0.014899 0.024477 0.017028 -18.299999 -46.500000 77.099998
-0.026611 0.016357 -0.981445 -0.012771 0.024477 0.017028 -18.299999 -46.500000 77.699997
-0.025635 0.007568 -0.969238 -0.012771 0.028734 0.017028 -20.100000 -45.299999 77.099998
-0.023926 0.009033 -0.977051 -0.011706 0.024477 0.018092 -20.100000 -44.700001 77.699997
-0.025391 0.013672 -0.980225 -0.014899 0.024477 0.019156 -19.200001 -45.000000 78.000000
-0.023926 0.012451 -0.972900 -0.013835 0.026606 0.017028 -19.200001 -45.000000 79.199997
-0.030273 0.012939 -0.985107 -0.011706 0.024477 0.017028 -17.100000 -46.500000 78.300003
-0.023926 0.011963 -0.984619 -0.011706 0.025541 0.018092 -18.299999 -45.299999 81.300003
-0.025146 0.010010 -0.972900 -0.013835 0.021284 0.020220 -18.900000 -44.700001 80.099998
-0.028564 0.010742 -0.971680 -0.012771 0.023413 0.019156 -16.799999 -46.200001 79.199997
-0.029053 0.009033 -0.976562 -0.013835 0.023413 0.018092 -17.100000 -45.900002 80.099998
-0.027344 0.011719 -0.968506 -0.013835 0.027670 0.018092 -17.700001 -46.500000 78.300003
-0.031006 0.006836 -0.968750 -0.014899 0.024477 0.019156 -16.200001 -46.799999 79.199997
-0.021484 0.013672 -0.970947 -0.014899 0.025541 0.021284 -17.100000 -47.700001 78.900002
-0.022705 0.010498 -0.969482 -0.011706 0.022349 0.021284 -15.000000 -48.000000 80.400002
-0.029785 0.018799 -0.970703 -0.011706 0.023413 0.018092 -17.100000 -47.700001 81.300003
-0.027100 0.012695 -0.966064 -0.012771 0.026606 0.018092 -16.200001 -50.400002 79.800003
-0.030762 0.006836 -0.975342 -0.015963 0.022349 0.017028 -16.200001 -49.200001 79.800003
-0.027832 0.010254 -0.974609 -0.013835 0.024477 0.019156 -16.799999 -51.599998 81.000000
-0.023682 0.014648 -0.970703 -0.013835 0.026606 0.017028 -16.799999 -52.200001 81.000000
-0.023682 0.006348 -0.983643 -0.013835 0.022349 0.020220 -17.700001 -50.700001 80.699997
-0.022461 0.011230 -0.967773 -0.012771 0.023413 0.019156 -18.299999 -48.900002 80.099998
-0.028809 0.009521 -0.976562 -0.013835 0.024477 0.023413 -22.799999 -48.599998 80.400002
-0.025635 0.013428 -0.972412 -0.013835 0.025541 0.019156 -26.700001 -47.700001 82.500000
-0.034424 0.007324 -0.983154 -0.998242 0.019156 -0.336295 -30.000000 -42.599998 79.199997
-0.108887 0.367920 -0.819824 -0.472516 -0.045762 -0.506571 -30.600000 -45.599998 80.400002
-0.098145 -0.288574 -0.957764 -0.021284 0.032991 -0.282019 -30.299999 -44.099998 78.300003
-0.021973 0.076904 -0.982422 -0.014899 0.034055 0.046826 -23.700001 -47.700001 79.500000
-0.024170 -0.001953 -0.950684 -0.006385 0.036184 0.010642 -17.700001 -50.099998 80.099998
-0.032715 -0.040283 -0.983154 -0.011706 0.023413 0.000000 -13.500000 -53.099998 79.500000
-0.043701 -0.038086 -0.965332 -0.012771 0.018092 0.011706 -11.400000 -52.200001 79.800003
-0.027588 -0.002686 -0.984619 -0.018092 0.021284 0.024477 -8.700000 -53.700001 76.500000
-0.012939 0.038086 -0.985107 -0.018092 0.023413 0.028734 -9.000000 -56.400002 77.400002
-0.028564 0.035645 -0.979492 -0.010642 0.025541 0.025541 -11.100000 -54.299999 77.699997
-0.029541 0.019531 -0.972656 -0.014899 0.026606 0.013835 -8.700000 -54.900002 75.300003
-0.029541 -0.001465 -0.968018 -0.010642 0.023413 0.012771 -9.300000 -54.299999 75.300003
-0.027832 0.018311 -0.976318 -0.019156 0.023413 0.021284 -7.800000 -54.000000 75.000000
-0.023438 0.003906 -0.977539 -0.015963 0.026606 0.019156 -6.000000 -54.000000 74.400002
-0.032471 0.004395 -0.970703 -0.011706 0.025541 0.022349 -4.800000 -52.799999 73.199997
-0.031006 0.004639 -0.964844 -0.008514 0.026606 0.022349 -0.900000 -52.500000 70.500000
-0.029785 0.023193 -0.988281 -0.021284 0.028734 0.019156 -1.500000 -51.900002 71.099998
-0.032471 0.010498 -0.963867 -0.008514 0.015963 0.021284 -1.800000 -50.400002 71.400002
-0.023682 0.006104 -0.974365 -0.019156 0.029798 0.015963 -0.300000 -49.500000 69.900002
-0.030273 0.009033 -0.980225 -0.009578 0.024477 0.022349 -1.800000 -48.000000 67.800003
-0.031006 0.004883 -0.977783 -0.012771 0.024477 0.020220 -1.800000 -46.799999 67.800003
-0.029053 0.018555 -0.968506 -0.015963 0.027670 0.020220 -0.600000 -46.799999 68.400002
-0.025391 0.009033 -0.968018 -0.012771 0.023413 0.018092 -0.900000 -44.700001 69.900002
-0.028564 0.009277 -0.974365 -0.014899 0.023413 0.014899 -0.900000 -43.500000 69.300003
-0.028076 0.001709 -0.969238 -0.013835 0.022349 0.012771 0.000000 -41.400002 70.199997
-0.027588 0.009277 -0.974609 -0.014899 0.023413 0.019156 1.500000 -39.299999 69.300003
-0.028809 0.010010 -0.981445 -0.015963 0.024477 0.017028 -0.900000 -38.099998 67.500000
-0.034668 0.012695 -0.977051 -0.013835 0.025541 0.021284 0.600000 -38.400002 69.000000
-0.028809 0.007080 -0.977539 -0.013835 0.028734 0.014899 -0.300000 -36.299999 68.099998
-0.029297 0.010986 -0.978271 -0.010642 0.026606 0.017028 -0.900000 -35.700001 69.900002
-0.027100 0.014648 -0.977295 -0.014899 0.024477 0.018092 0.900000 -33.299999 69.300003
-0.024902 0.017578 -0.970947 -0.012771 0.025541 0.018092 2.400000 -32.400002 68.400002
-0.036865 0.014648 -0.975586 -0.011706 0.024477 0.021284 1.800000 -31.799999 68.400002
-0.029541 0.013184 -0.978027 -0.011706 0.026606 0.021284 1.500000 -31.500000 68.099998
-0.027100 0.013184 -0.967285 -0.013835 0.026606 0.020220 1.500000 -32.099998 66.900002
-0.025635 0.006348 -0.967041 -0.014899 0.024477 0.018092 0.600000 -31.200001 67.800003
-0.027832 0.008057 -0.975830 -0.012771 0.026606 0.019156 0.000000 -30.000000 66.000000
-0.033447 0.008789 -0.971436 -0.011706 0.023413 0.017028 0.900000 -29.700001 66.900002
-0.028320 0.007324 -0.976562 -0.013835 0.023413 0.020220 1.800000 -31.799999 67.199997
-0.029053 0.009277 -0.970703 -0.014899 0.023413 0.020220 0.300000 -30.299999 68.099998
-0.027832 0.015381 -0.972900 -0.013835 0.022349 0.020220 -1.200000 -30.000000 67.199997
-0.034424 0.015137 -0.980713 -0.014899 0.026606 0.017028 2.100000 -29.700001 66.900002
-0.031982 0.006592 -0.968262 -0.013835 0.026606 0.018092 1.200000 -29.400000 67.199997
-0.023926 0.011719 -0.975586 -0.014899 0.025541 0.018092 2.400000 -30.000000 67.800003
-0.025635 0.001953 -0.971924 -0.012771 0.025541 0.018092 1.500000 -32.099998 66.300003
-0.027344 0.005615 -0.974121 -0.015963 0.023413 0.018092 -0.600000 -31.200001 66.599998
-0.035400 0.007568 -0.975342 -0.014899 0.022349 0.020220 0.600000 -30.600000 68.400002
-0.025391 0.013672 -0.964111 -0.012771 0.023413 0.018092 1.500000 -29.700001 66.300003
-0.031738 0.011230 -0.973633 -0.014899 0.025541 0.019156 -0.600000 -30.000000 66.000000
-0.026611 0.008789 -0.971680 -0.012771 0.023413 0.017028 -0.900000 -30.299999 68.099998
-0.029297 0.012695 -0.972656 -0.013835 0.023413 0.021284 2.100000 -31.500000 67.500000
-0.028076 0.014404 -0.976562 -0.015963 0.025541 0.017028 0.900000 -30.299999 68.099998
-0.026611 0.005127 -0.973145 -0.013835 0.025541 0.021284 2.100000 -28.500000 67.500000
-0.025635 0.014893 -0.979736 -0.011706 0.022349 0.021284 0.600000 -29.400000 67.199997
-0.027832 0.007080 -0.967773 -0.017028 0.022349 0.019156 2.400000 -29.400000 67.800003
-0.028809 0.012207 -0.979004 -0.014899 0.026606 0.019156 0.300000 -30.299999 67.500000
-0.025879 0.009766 -0.977051 -0.011706 0.024477 0.018092 0.900000 -27.900000 67.500000
-0.027588 0.017334 -0.973877 -0.012771 0.025541 0.018092 0.600000 -28.200001 66.000000
-0.027344 0.001953 -0.975098 -0.015963 0.026606 0.014899 2.400000 -27.000000 67.199997
-0.029541 0.014160 -0.973633 -0.013835 0.028734 0.017028 2.100000 -27.900000 66.900002
-0.029541 0.009521 -0.976807 -0.013835 0.024477 0.021284 1.200000 -27.600000 67.199997
-0.024170 0.013428 -0.983154 -0.014899 0.026606 0.020220 0.300000 -29.100000 68.099998
-0.023438 0.005127 -0.978027 -0.012771 0.021284 0.020220 2.100000 -27.299999 66.900002
-0.028076 0.005615 -0.968750 -0.013835 0.026606 0.014899 -1.200000 -25.799999 67.199997
-0.031250 0.005371 -0.982666 -0.011706 0.027670 0.021284 -0.600000 -27.600000 66.000000
-0.027588 0.013184 -0.982422 -0.014899 0.024477 0.015963 -2.400000 -25.799999 66.599998
-0.029297 0.010986 -0.988281 -0.015963 0.026606 0.018092 -1.200000 -24.600000 66.000000
-0.027832 0.017578 -0.978027 -0.012771 0.025541 0.020220 -2.100000 -24.900000 65.099998
-0.022217 0.014404 -0.969482 -0.014899 0.023413 0.019156 -3.300000 -24.299999 65.699997
-0.023438 0.007324 -0.980469 -0.013835 0.024477 0.021284 -1.800000 -22.799999 65.400002
-0.034668 0.008301 -0.977295 -0.013835 0.025541 0.019156 -2.100000 -24.299999 67.500000
-0.029297 0.004883 -0.977783 -0.012771 0.023413 0.018092 -1.200000 -24.000000 67.800003
-0.026855 0.012695 -0.971680 -0.011706 0.024477 0.020220 -1.200000 -27.000000 66.599998
-0.020752 0.005127 -0.977539 -0.013835 0.026606 0.019156 -1.500000 -26.700001 66.900002
-0.022949 0.004639 -0.967773 -0.015963 0.025541 0.019156 -0.300000 -27.900000 67.500000
-0.028320 0.009033 -0.978760 -0.014899 0.028734 0.019156 -1.200000 -27.600000 69.000000
-0.030518 0.009033 -0.966309 -0.013835 0.023413 0.018092 0.900000 -28.500000 68.699997
-0.032471 0.010986 -0.970947 -0.014899 0.027670 0.021284 0.300000 -29.700001 69.900002
-0.022217 0.013184 -0.970703 -0.013835 0.024477 0.019156 3.600000 -31.200001 69.599998
-0.030273 0.013184 -0.978027 -0.017028 0.024477 0.017028 1.800000 -28.799999 70.199997
-0.024902 0.013916 -0.971680 -0.014899 0.024477 0.017028 4.200000 -30.000000 69.599998
