0.000000 0.000000 44310880704901291180032.000000 0.000000 0.000000 0.000000 -102434.929688 158951795719911358362908884992.000000 27626655577014272.000000
0.056152 0.979492 0.139648 -0.014899 0.023413 0.020220 -7.200000 -37.200001 12.000000
0.052490 0.984619 0.146484 -0.015963 0.022349 0.021284 -7.500000 -38.099998 10.500000
0.048340 0.982422 0.137207 -0.015963 0.023413 0.023413 -6.600000 -37.799999 11.400000
0.061523 0.974609 0.142334 -0.014899 0.025541 0.013835 -7.800000 -39.000000 10.800000
0.051270 0.979248 0.145996 -0.017028 0.023413 0.014899 -7.500000 -38.099998 11.100000
0.053467 0.977051 0.141846 -0.014899 0.022349 0.019156 -6.600000 -39.000000 11.400000
0.053223 0.975586 0.146240 -0.011706 0.023413 0.015963 -6.600000 -38.400002 9.000000
0.056396 0.974854 0.148193 -0.017028 0.024477 0.018092 -7.500000 -38.099998 10.500000
0.054443 0.973877 0.143066 -0.012771 0.024477 0.020220 -7.500000 -36.900002 11.700000
0.052002 0.976074 0.150391 -0.010642 0.024477 0.022349 -7.500000 -38.700001 10.500000
0.055420 0.976074 0.136230 -0.012771 0.024477 0.020220 -9.000000 -39.000000 10.800000
0.052979 0.980469 0.142090 -0.015963 0.023413 0.018092 -6.600000 -38.400002 12.600000
0.056641 0.972168 0.149414 -0.013835 0.026606 0.017028 -7.200000 -37.799999 10.800000
0.053711 0.981201 0.140625 -0.012771 0.024477 0.018092 -6.900000 -37.500000 9.900000
0.053955 0.979736 0.140869 -0.013835 0.023413 0.020220 -8.100000 -37.500000 10.500000
0.056641 0.977783 0.144287 -0.015963 0.023413 0.018092 -6.600000 -38.400002 10.800000
0.062988 0.970459 0.148682 -0.014899 0.023413 0.020220 -7.800000 -37.200001 11.400000
0.055664 0.976562 0.145508 -0.014899 0.024477 0.021284 -7.200000 -39.000000 11.400000
0.055664 0.976807 0.148438 -0.009578 0.021284 0.017028 -8.700000 -38.700001 10.500000
0.062256 0.978027 0.142578 -0.010642 0.023413 0.009578 -7.800000 -37.799999 10.200000
0.054688 0.978271 0.143311 -0.012771 0.024477 0.007450 -7.500000 -38.099998 11.100000
0.049805 0.976074 0.137695 -0.011706 0.026606 0.007450 -8.100000 -37.500000 10.500000
0.055420 0.985840 0.140137 -0.007450 0.027670 -0.007450 -8.100000 -39.900002 11.700000
0.051758 0.983887 0.146240 0.000000 0.029798 -0.035119 -6.600000 -39.000000 10.800000
0.019531 0.917236 0.209473 -0.018092 0.095780 0.070239 -6.000000 -38.400002 10.200000
0.038574 0.957275 0.212891 -0.011706 0.083009 0.055340 -6.300000 -36.900002 10.500000
0.048584 0.954102 0.253174 -0.017028 -0.015963 0.039376 -6.900000 -38.099998 11.100000
0.022705 0.977539 0.308594 -0.012771 0.091523 0.030863 -7.200000 -39.000000 10.800000
0.053223 0.954346 0.271973 -0.011706 0.163891 0.046826 -6.900000 -36.299999 9.900000
0.065186 0.953369 0.240723 -0.007450 0.219230 0.042569 -5.400000 -39.000000 9.600000
0.083496 0.957031 0.228271 -0.012771 0.172404 0.038312 -4.200000 -38.400002 9.600000
0.056396 0.956787 0.261475 -0.014899 0.044697 0.012771 -4.200000 -40.200001 8.400000
0.001221 0.956055 0.312988 -0.013835 0.076624 0.024477 -3.300000 -42.900002 9.900000
0.022949 0.955078 0.305908 -0.013835 0.237322 0.063853 -2.100000 -42.299999 8.700000
0.102783 0.969238 0.176025 -0.009578 0.245836 0.065982 0.000000 -44.400002 9.000000
0.085693 0.986084 0.223633 -0.018092 -0.042569 0.011706 0.300000 -43.500000 8.700000
-0.010254 0.966797 0.344727 -0.011706 -0.237322 -0.026606 0.600000 -43.200001 10.800000
0.016602 0.961426 0.369629 -0.019156 -0.138349 -0.005321 -0.600000 -41.400002 12.600000
-0.040527 0.980713 0.414551 -0.011706 0.122386 0.040441 -5.100000 -39.900002 14.100000
0.022461 0.979980 0.362549 -0.013835 0.161762 0.023413 -6.300000 -38.700001 13.500000
0.063477 0.984131 0.271973 -0.015963 0.272441 0.073431 -7.500000 -35.099998 13.500000
0.051514 1.000488 0.195801 -0.015963 0.300111 0.058532 -8.100000 -35.700001 15.300000
0.125977 1.007324 0.106934 -0.018092 0.153248 0.027670 -9.600000 -33.599998 14.400000
0.072021 0.962158 0.175781 -0.015963 0.055340 0.041505 -8.400000 -33.599998 15.000000
0.031982 0.961670 0.194092 -0.009578 0.191560 0.039376 -8.400000 -30.600000 16.200001
0.095459 1.010498 0.105957 -0.011706 0.190496 0.048954 -8.700000 -32.700001 17.700001
0.070312 0.970215 -0.014648 -0.007450 0.155377 0.026606 -12.600000 -33.599998 21.000000
0.070801 1.000488 -0.104492 0.004257 0.166019 0.050019 -10.500000 -32.099998 21.900000
0.079834 0.988525 -0.151855 0.000000 0.218166 0.040441 -15.300000 -32.700001 23.100000
0.061035 1.025635 -0.169189 -0.007450 0.290533 0.058532 -16.200001 -36.599998 23.400000
0.085205 1.014160 -0.181152 0.002128 0.363965 0.054275 -15.300000 -35.700001 25.500000
0.087402 1.028809 -0.188721 0.000000 0.401213 0.060661 -16.500000 -38.099998 24.299999
0.129395 1.023438 -0.242920 0.002128 0.220294 0.006385 -18.299999 -38.700001 24.900000
0.062744 1.035889 -0.166748 0.009578 0.047890 -0.090459 -17.700001 -39.900002 26.100000
-0.003418 0.863281 0.092285 -0.051083 0.007450 0.193689 -17.400000 -38.400002 24.000000
0.051514 0.967773 0.157471 -0.012771 0.022349 0.024477 -18.299999 -38.700001 26.100000
0.054688 0.974854 0.164551 -0.011706 0.027670 -0.002128 -18.299999 -36.900002 26.100000
0.055176 0.965820 0.140869 -0.013835 0.019156 0.034055 -18.000000 -39.599998 25.200001
0.055420 0.981201 0.145264 -0.012771 0.020220 0.027670 -18.299999 -38.099998 26.700001
0.052490 0.979980 0.143799 -0.014899 0.020220 0.024477 -16.200001 -37.799999 25.799999
0.048096 0.972412 0.160889 -0.012771 0.023413 0.023413 -19.200001 -39.599998 26.400000
0.053223 0.979004 0.157227 -0.015963 0.024477 0.019156 -17.700001 -38.700001 26.100000
0.058350 0.976562 0.140869 -0.014899 0.022349 0.017028 -16.799999 -37.799999 24.600000
0.051270 0.972656 0.136719 -0.015963 0.021284 0.017028 -17.700001 -39.900002 25.500000
0.058594 0.968262 0.147461 -0.014899 0.024477 0.019156 -17.400000 -39.000000 27.000000
0.050293 0.970215 0.143555 -0.011706 0.023413 0.023413 -19.799999 -39.000000 26.400000
0.056152 0.975586 0.150146 -0.017028 0.023413 0.022349 -17.400000 -38.400002 25.200001
0.056885 0.974854 0.154541 -0.013835 0.019156 0.020220 -18.000000 -37.799999 25.200001
0.053223 0.969971 0.161865 -0.015963 0.023413 0.017028 -16.200001 -38.400002 25.200001
0.053955 0.977539 0.144531 -0.013835 0.024477 0.017028 -18.299999 -37.500000 24.900000
0.057129 0.979004 0.144531 -0.008514 0.026606 0.022349 -15.300000 -38.099998 26.100000
0.050537 0.975830 0.148926 -0.012771 0.027670 0.019156 -17.700001 -38.700001 24.900000
0.052490 0.978760 0.149902 -0.014899 0.022349 0.018092 -16.200001 -39.000000 26.400000
0.059082 0.979004 0.157471 -0.014899 0.023413 0.018092 -18.299999 -39.900002 27.299999
0.053467 0.977539 0.140381 -0.012771 0.023413 0.014899 -18.000000 -40.799999 24.600000
0.054443 0.978516 0.138672 -0.011706 0.021284 0.025541 -18.600000 -39.599998 25.200001
0.053711 0.973389 0.146973 -0.013835 0.024477 0.022349 -17.400000 -38.400002 25.200001
0.058838 0.974609 0.141357 -0.011706 0.024477 0.019156 -16.799999 -37.799999 26.400000
0.054443 0.972168 0.142822 -0.012771 0.021284 0.019156 -17.100000 -37.500000 25.500000
0.056641 0.977539 0.154297 -0.011706 0.022349 0.020220 -17.100000 -37.500000 27.299999
0.053955 0.972412 0.154541 -0.010642 0.022349 0.019156 -18.900000 -38.700001 24.299999
0.053955 0.974365 0.147461 -0.009578 0.022349 0.024477 -17.100000 -37.500000 24.299999
0.048096 0.977051 0.142334 -0.013835 0.025541 0.019156 -19.200001 -40.200001 25.200001
0.058350 0.983398 0.146240 -0.014899 0.025541 0.021284 -18.000000 -38.400002 27.000000
0.054688 0.978760 0.147461 -0.013835 0.021284 0.020220 -17.100000 -39.299999 26.100000
0.054688 0.978516 0.146729 -0.015963 0.022349 0.018092 -17.400000 -40.200001 24.600000
0.047852 0.969727 0.151611 -0.013835 0.022349 0.021284 -18.000000 -39.599998 24.600000
0.052979 0.978271 0.142822 -0.015963 0.024477 0.015963 -19.500000 -38.700001 25.500000
0.056885 0.972656 0.150635 -0.011706 0.024477 0.021284 -18.600000 -39.000000 25.200001
0.061768 0.975586 0.154053 -0.014899 0.022349 0.019156 -17.400000 -37.799999 26.400000
0.053955 0.984131 0.144287 -0.015963 0.025541 0.020220 -18.299999 -39.900002 24.299999
0.053711 0.977051 0.147705 -0.014899 0.022349 0.020220 -18.299999 -39.900002 26.700001
0.054688 0.976562 0.139648 -0.010642 0.024477 0.021284 -18.000000 -37.799999 25.200001
0.053467 0.975098 0.140381 -0.011706 0.024477 0.018092 -18.299999 -39.299999 26.700001
0.056152 0.975098 0.143311 -0.014899 0.024477 0.018092 -19.500000 -38.700001 25.500000
0.049805 0.976562 0.147217 -0.008514 0.024477 0.021284 -20.100000 -38.700001 27.900000
0.053955 0.975586 0.155518 -0.015963 0.024477 0.020220 -17.400000 -38.400002 25.799999
0.052490 0.969482 0.151611 -0.012771 0.023413 0.018092 -18.000000 -39.000000 25.200001
0.050781 0.981445 0.149170 -0.009578 0.023413 0.019156 -17.400000 -38.400002 24.600000
0.051025 0.972412 0.144287 -0.015963 0.023413 0.018092 -18.000000 -40.200001 26.400000
0.044678 0.978516 0.149658 -0.009578 0.023413 0.019156 -17.400000 -37.799999 25.200001
0.051514 0.986572 0.142578 -0.014899 0.025541 0.018092 -17.400000 -37.200001 24.600000
0.050781 0.972900 0.145020 -0.014899 0.026606 0.022349 -18.299999 -39.900002 26.100000
0.055664 0.972656 0.155762 -0.012771 0.024477 0.019156 -18.000000 -39.599998 27.000000
0.057861 0.973389 0.142822 -0.012771 0.023413 0.014899 -18.000000 -37.799999 25.799999
0.051758 0.973145 0.146240 -0.012771 0.027670 0.018092 -18.600000 -40.200001 25.799999
0.054443 0.974121 0.142334 -0.013835 0.023413 0.017028 -16.799999 -38.400002 24.600000
0.052734 0.976074 0.141602 -0.013835 0.024477 0.017028 -16.799999 -39.000000 25.200001
0.057373 0.976562 0.145508 -0.014899 0.022349 0.019156 -18.900000 -38.099998 25.500000
0.062256 0.970947 0.140625 -0.009578 0.022349 0.017028 -18.600000 -37.799999 25.200001
0.053955 0.979980 0.149170 -0.009578 0.022349 0.017028 -19.500000 -39.299999 26.700001
0.056641 0.982178 0.143066 -0.012771 0.023413 0.020220 -17.700001 -37.500000 26.700001
0.055176 0.980225 0.162354 -0.012771 0.022349 0.020220 -19.200001 -37.200001 24.600000
0.048828 0.979980 0.149658 -0.012771 0.024477 0.018092 -18.299999 -38.700001 27.900000
0.053955 0.982178 0.147705 -0.013835 0.023413 0.021284 -16.500000 -38.700001 26.100000
0.054932 0.977051 0.149170 -0.013835 0.021284 0.021284 -18.000000 -37.799999 27.000000
0.057861 0.976562 0.144043 -0.010642 0.026606 0.017028 -17.700001 -38.099998 24.900000
0.052002 0.978760 0.150146 -0.014899 0.018092 0.021284 -19.200001 -37.799999 25.200001
0.053223 0.977539 0.141113 -0.012771 0.023413 0.017028 -16.799999 -37.799999 26.400000
0.058594 0.979736 0.153809 -0.012771 0.023413 0.017028 -17.400000 -38.400002 27.000000
0.047607 0.981201 0.145508 -0.012771 0.024477 0.019156 -17.700001 -38.700001 25.500000
0.052490 0.971436 0.154053 -0.012771 0.025541 0.017028 -16.500000 -38.700001 23.100000
0.055664 0.968506 0.150391 -0.011706 0.024477 0.019156 -17.700001 -38.099998 26.700001
0.050781 0.975098 0.145752 -0.014899 0.023413 0.019156 -17.100000 -38.700001 26.100000
0.055420 0.977539 0.147217 -0.013835 0.022349 0.018092 -17.700001 -38.099998 26.100000
0.060303 0.981689 0.137695 -0.013835 0.023413 0.018092 -15.900000 -38.099998 25.500000
0.052734 0.971924 0.144287 -0.014899 0.021284 0.022349 -17.700001 -38.099998 25.500000
0.056152 0.977051 0.145752 -0.011706 0.023413 0.020220 -17.400000 -40.200001 25.799999
0.052490 0.981445 0.147705 -0.010642 0.022349 0.022349 -17.700001 -38.700001 25.500000
0.053711 0.972900 0.145264 -0.013835 0.026606 0.020220 -16.799999 -39.599998 26.400000
0.053711 0.980469 0.146240 -0.014899 0.020220 0.018092 -17.400000 -36.599998 27.000000
0.051758 0.979492 0.150635 -0.013835 0.025541 0.018092 -18.600000 -38.400002 26.400000
0.055176 0.974609 0.147705 -0.008514 0.020220 0.017028 -18.299999 -38.700001 26.100000
0.057861 0.978027 0.147949 -0.014899 0.024477 0.021284 -17.400000 -37.200001 25.200001
0.057129 0.979980 0.152344 -0.011706 0.023413 0.021284 -17.100000 -39.900002 26.700001
0.053955 0.975830 0.145020 -0.014899 0.022349 0.020220 -18.900000 -38.700001 27.299999
0.059082 0.973145 0.145752 -0.012771 0.020220 0.019156 -18.000000 -39.599998 27.000000
0.058350 0.976074 0.140381 -0.010642 0.023413 0.020220 -17.100000 -39.900002 25.500000
0.050049 0.976074 0.153809 -0.011706 0.024477 0.019156 -19.500000 -38.700001 25.500000
0.059082 0.972168 0.148926 -0.012771 0.024477 0.020220 -18.000000 -39.000000 27.000000
0.060059 0.980713 0.146484 -0.011706 0.021284 0.017028 -17.700001 -38.099998 26.100000
0.053955 0.978027 0.145264 -0.014899 0.025541 0.020220 -17.100000 -37.500000 24.299999
0.053955 0.978271 0.151611 -0.010642 0.026606 0.021284 -18.000000 -37.200001 25.799999
0.054443 0.976318 0.149414 -0.015963 0.023413 0.018092 -18.000000 -38.400002 25.799999
0.052490 0.975342 0.145264 -0.011706 0.023413 0.021284 -17.700001 -38.700001 26.100000
0.060547 0.973389 0.143311 -0.013835 0.022349 0.018092 -17.400000 -39.000000 25.799999
0.055420 0.972168 0.137451 -0.013835 0.024477 0.019156 -18.600000 -39.000000 25.799999
0.055176 0.977539 0.146484 -0.012771 0.024477 0.021284 -17.400000 -39.000000 25.799999
0.053467 0.979736 0.151855 -0.015963 0.020220 0.021284 -18.000000 -40.200001 25.799999
0.055908 0.973389 0.148682 -0.018092 0.022349 0.017028 -16.799999 -38.400002 25.799999
0.052979 0.973145 0.145996 -0.015963 0.024477 0.018092 -18.000000 -37.799999 26.400000
0.049316 0.971924 0.148926 -0.012771 0.023413 0.019156 -18.900000 -36.900002 25.500000
0.053711 0.978027 0.148438 -0.012771 0.020220 0.019156 -18.000000 -39.000000 25.799999
0.054932 0.977295 0.142334 -0.012771 0.024477 0.019156 -17.400000 -39.599998 27.000000
0.054443 0.976074 0.155029 -0.013835 0.023413 0.019156 -18.900000 -39.299999 25.500000
0.054688 0.979980 0.141113 -0.014899 0.024477 0.020220 -18.000000 -38.400002 27.000000
0.047607 0.967041 0.138672 -0.010642 0.023413 0.017028 -17.400000 -39.000000 27.000000
0.052734 0.977295 0.152832 -0.015963 0.023413 0.017028 -17.700001 -38.099998 26.700001
0.057373 0.971680 0.141357 -0.007450 0.024477 0.018092 -17.400000 -39.000000 26.400000
0.050537 0.995605 0.025391 -0.003193 0.027670 0.009578 -18.600000 -37.200001 25.200001
0.060059 0.991699 0.083740 -0.012771 0.001064 -0.005321 -17.100000 -38.700001 25.500000
0.077881 0.994873 -0.004395 -0.015963 -0.015963 0.012771 -16.200001 -37.799999 25.200001
0.076660 0.979736 -0.010498 -0.008514 -0.058532 0.009578 -15.600000 -37.799999 25.200001
0.062012 0.986328 0.013428 -0.018092 -0.114936 0.010642 -15.000000 -36.000000 25.200001
0.073486 0.999512 -0.016602 -0.017028 -0.120257 0.001064 -16.200001 -35.400002 22.799999
0.080322 0.990967 0.009521 -0.018092 -0.104294 0.006385 -14.400000 -35.400002 23.400000
0.073242 1.000244 -0.016357 -0.015963 -0.119193 0.007450 -12.600000 -33.599998 22.200001
0.075684 0.999268 -0.009033 -0.021284 -0.134092 -0.003193 -13.500000 -33.299999 21.900000
0.058594 0.991455 -0.006104 -0.022349 -0.136221 -0.002128 -12.000000 -32.400002 22.200001
0.072266 1.000000 -0.029541 -0.004257 -0.152184 -0.010642 -11.700000 -33.900002 19.500000
0.077393 1.012451 -0.026123 -0.022349 -0.157505 0.007450 -10.200000 -32.400002 18.000000
0.080078 1.004883 -0.057617 -0.017028 -0.168147 0.000000 -9.600000 -34.200001 15.600000
0.081543 0.988770 -0.040527 -0.013835 -0.183047 -0.008514 -8.100000 -31.500000 16.500000
0.065430 1.027588 -0.048340 -0.023413 -0.188368 0.008514 -9.000000 -32.400002 15.000000
0.034912 1.026611 -0.000732 -0.031927 -0.171340 -0.018092 -8.400000 -32.400002 15.000000
0.080078 1.040283 -0.048584 -0.005321 -0.232001 -0.001064 -7.200000 -33.599998 13.800000
0.052979 0.988770 0.013184 -0.011706 -0.220294 0.004257 -6.900000 -35.700001 14.100000
0.056885 0.936768 0.021240 -0.015963 -0.323524 -0.012771 -3.900000 -37.500000 14.100000
0.064697 0.990479 0.138428 -0.027670 -0.357579 -0.027670 -2.400000 -42.599998 13.200000
0.036133 0.874023 0.224609 -0.044697 -0.412919 -0.044697 0.600000 -43.799999 10.200000
0.053955 0.931396 0.401611 -0.012771 -0.377800 -0.014899 -3.600000 -42.599998 10.200000
0.086426 0.938965 0.472168 -0.026606 -0.267120 0.001064 -4.800000 -40.200001 9.600000
0.061523 0.961914 0.538330 -0.013835 -0.140478 0.009578 -9.300000 -37.500000 11.100000
0.075928 0.908936 0.516602 -0.013835 -0.035119 0.005321 -8.100000 -37.500000 10.500000
0.062744 0.955811 0.516357 -0.022349 -0.060661 0.007450 -9.300000 -37.500000 12.900000
0.062744 0.976562 0.485352 -0.010642 -0.104294 -0.012771 -9.300000 -36.900002 13.500000
0.093262 0.963867 0.451904 -0.011706 -0.094716 -0.001064 -10.200000 -37.799999 13.800000
0.059326 0.896240 0.394043 -0.011706 -0.008514 -0.008514 -10.500000 -36.299999 12.900000
0.066406 0.931396 0.336670 -0.014899 0.029798 0.020220 -10.800000 -37.200001 12.600000
0.069580 0.976807 0.150146 -0.007450 0.030863 -0.005321 -10.200000 -35.400002 15.000000
0.052490 0.959961 0.133789 -0.012771 0.022349 0.012771 -10.500000 -35.700001 14.100000
0.047852 0.977051 0.137695 -0.014899 0.020220 0.034055 -8.700000 -37.500000 14.100000
0.047852 0.980225 0.142578 -0.013835 0.023413 0.017028 -9.600000 -35.400002 14.400000
0.051025 0.972168 0.158936 -0.011706 0.025541 0.017028 -9.900000 -35.099998 13.500000
0.064209 0.977539 0.140381 -0.011706 0.022349 0.017028 -10.800000 -36.000000 13.800000
0.058350 0.982666 0.134033 -0.008514 0.023413 0.012771 -9.000000 -35.400002 13.200000
0.049316 0.970703 0.145508 -0.012771 0.022349 0.013835 -9.600000 -35.400002 13.800000
0.052979 0.973877 0.150146 -0.013835 0.023413 0.026606 -8.100000 -38.099998 13.500000
0.061035 0.977051 0.141113 -0.013835 0.023413 0.022349 -9.300000 -35.700001 13.500000
0.054443 0.976807 0.145752 -0.011706 0.022349 0.010642 -9.300000 -36.900002 15.300000
0.056152 0.975586 0.140869 -0.009578 0.023413 0.010642 -8.100000 -36.299999 14.100000
0.047852 0.971436 0.149902 -0.013835 0.025541 0.020220 -8.700000 -36.299999 13.500000
0.050293 0.976318 0.142090 -0.014899 0.025541 0.019156 -10.500000 -36.299999 14.700000
0.053711 0.982910 0.139404 -0.018092 0.023413 0.017028 -8.700000 -35.700001 14.700000
0.055664 0.976807 0.143066 -0.017028 0.025541 0.014899 -9.600000 -37.200001 13.200000
0.053223 0.983643 0.141846 -0.017028 0.024477 0.006385 -9.000000 -36.599998 13.200000
0.048828 0.969971 0.137207 -0.021284 0.022349 0.028734 -9.600000 -36.000000 15.000000
0.053223 0.976318 0.135010 -0.021284 0.018092 0.031927 -8.100000 -36.299999 14.100000
0.052979 0.976562 0.147949 -0.019156 0.020220 0.042569 -11.700000 -36.299999 12.900000
0.056885 0.999756 0.100098 -0.020220 0.024477 0.011706 -10.200000 -36.599998 14.400000
0.024902 0.950439 0.124756 -0.015963 0.019156 0.023413 -9.000000 -36.599998 13.800000
0.060791 0.930908 0.173340 -0.012771 0.024477 0.028734 -9.000000 -37.200001 14.400000
0.042236 0.959961 0.132812 -0.012771 0.024477 0.012771 -9.000000 -36.000000 13.800000
0.057129 0.980469 0.139404 -0.010642 0.024477 0.010642 -9.300000 -36.299999 12.900000
0.060791 0.982666 0.153320 -0.014899 0.023413 0.017028 -8.400000 -36.599998 13.800000
0.051270 0.978027 0.136719 -0.011706 0.021284 0.017028 -9.900000 -37.500000 14.100000
0.056641 0.971436 0.146484 -0.013835 0.024477 0.018092 -9.600000 -35.400002 15.000000
0.049805 0.972168 0.147705 -0.015963 0.024477 0.021284 -9.900000 -36.299999 13.500000
0.054932 0.980713 0.135742 -0.011706 0.023413 0.019156 -9.600000 -36.599998 14.400000
0.060791 0.980957 0.142090 -0.013835 0.022349 0.019156 -9.000000 -35.400002 13.800000
0.058105 0.981201 0.133789 -0.014899 0.021284 0.020220 -10.200000 -37.200001 13.800000
0.050537 0.974365 0.145020 -0.011706 0.022349 0.021284 -9.000000 -37.200001 13.800000
0.056396 0.977539 0.144287 -0.015963 0.023413 0.018092 -9.600000 -36.599998 12.600000
0.055420 0.969971 0.132080 -0.014899 0.022349 0.022349 -10.200000 -37.200001 13.200000
0.055908 0.978760 0.142334 -0.014899 0.022349 0.022349 -10.800000 -37.200001 12.600000
0.050781 0.980713 0.145996 -0.010642 0.025541 0.020220 -9.600000 -37.200001 13.800000
0.051758 0.985840 0.138184 -0.012771 0.021284 0.023413 -9.000000 -36.599998 15.000000
0.057373 0.980713 0.141602 -0.018092 0.022349 0.021284 -9.600000 -36.000000 12.600000
0.054932 0.980713 0.138428 -0.014899 0.023413 0.019156 -8.400000 -36.599998 12.600000
0.058838 0.970947 0.140137 -0.014899 0.024477 0.020220 -9.900000 -35.700001 14.100000
0.061279 0.971191 0.147461 -0.015963 0.022349 0.018092 -10.500000 -36.299999 14.700000
0.056152 0.978760 0.133545 -0.015963 0.022349 0.014899 -9.300000 -35.700001 15.300000
0.060303 0.977051 0.137939 -0.014899 0.024477 0.019156 -9.300000 -36.900002 14.100000
0.052246 0.980469 0.140381 -0.015963 0.024477 0.019156 -9.000000 -36.599998 14.400000
0.059082 0.977783 0.143066 -0.009578 0.021284 0.019156 -9.600000 -38.400002 14.400000
0.057129 0.969238 0.145996 -0.011706 0.023413 0.017028 -8.400000 -38.400002 13.800000
0.050537 0.977539 0.149170 -0.014899 0.025541 0.018092 -11.400000 -35.400002 13.200000
0.056885 0.976562 0.139648 -0.011706 0.021284 0.021284 -8.100000 -38.099998 12.300000
0.053223 0.979492 0.144531 -0.014899 0.023413 0.018092 -11.100000 -35.700001 14.100000
0.052002 0.978027 0.144775 -0.013835 0.024477 0.018092 -9.900000 -36.299999 14.700000
0.062744 0.972900 0.140625 -0.011706 0.024477 0.018092 -8.100000 -35.700001 14.700000
0.059326 0.985352 0.141846 -0.012771 0.026606 0.019156 -8.700000 -36.299999 14.100000
0.052490 0.979736 0.135498 -0.015963 0.024477 0.018092 -9.000000 -37.200001 13.200000
0.057129 0.976318 0.136963 -0.011706 0.022349 0.017028 -9.300000 -36.900002 15.300000
0.055420 0.976074 0.147217 -0.015963 0.027670 0.020220 -11.100000 -36.299999 14.100000
0.054932 0.978760 0.138672 -0.011706 0.022349 0.019156 -9.300000 -36.900002 14.100000
0.056396 0.978027 0.142578 -0.010642 0.019156 0.019156 -9.300000 -36.299999 13.500000
0.060303 0.977539 0.143799 -0.012771 0.021284 0.018092 -8.100000 -35.099998 13.500000
0.056396 0.975098 0.149658 -0.012771 0.026606 0.018092 -8.400000 -35.400002 14.400000
0.050537 0.980957 0.147705 -0.010642 0.024477 0.015963 -9.300000 -36.299999 14.100000
0.054443 0.980469 0.152344 -0.015963 0.023413 0.019156 -7.500000 -36.299999 14.100000
0.056152 0.974854 0.134766 -0.014899 0.025541 0.020220 -10.800000 -37.799999 13.800000
0.049561 0.978027 0.139160 -0.011706 0.023413 0.020220 -9.000000 -37.799999 12.600000
0.057861 0.974854 0.140137 -0.011706 0.025541 0.020220 -10.200000 -36.000000 13.200000
0.050537 0.978271 0.143799 -0.011706 0.020220 0.021284 -9.000000 -36.000000 13.200000
0.058105 0.971191 0.152832 -0.015963 0.022349 0.020220 -8.400000 -35.400002 15.000000
0.052979 0.975586 0.150146 -0.013835 0.024477 0.018092 -10.500000 -36.299999 13.500000
0.050781 0.973633 0.140137 -0.009578 0.023413 0.019156 -8.700000 -35.099998 14.700000
0.051758 0.978027 0.149170 -0.013835 0.024477 0.020220 -9.900000 -36.299999 13.500000
0.056152 0.980469 0.133789 -0.015963 0.022349 0.017028 -7.800000 -35.400002 12.600000
0.054443 0.973389 0.143311 -0.014899 0.022349 0.020220 -9.000000 -34.799999 15.600000
0.057861 0.979980 0.139160 -0.013835 0.024477 0.015963 -9.000000 -36.599998 14.400000
0.054932 0.971191 0.148682 -0.013835 0.021284 0.018092 -9.900000 -36.900002 14.700000
0.054688 0.970459 0.140137 -0.012771 0.021284 0.020220 -8.100000 -36.299999 12.300000
0.057129 0.979980 0.140381 -0.013835 0.022349 0.020220 -7.500000 -37.500000 11.700000
0.059326 0.974854 0.140137 -0.012771 0.022349 0.020220 -10.200000 -35.400002 14.400000
0.054932 0.975098 0.143311 -0.015963 0.024477 0.018092 -10.200000 -36.599998 13.200000
0.051758 0.977539 0.146240 -0.012771 0.022349 0.021284 -7.500000 -36.299999 14.700000
0.057617 0.977295 0.147461 -0.013835 0.025541 0.019156 -9.900000 -37.500000 13.500000
0.052734 0.973877 0.140381 -0.013835 0.021284 0.017028 -9.300000 -37.500000 13.500000
0.055420 0.972412 0.139893 -0.014899 0.025541 0.018092 -9.000000 -37.200001 15.000000
0.055908 0.979980 0.143066 -0.013835 0.022349 0.019156 -10.200000 -37.200001 12.600000
0.056396 0.977295 0.144043 -0.011706 0.022349 0.019156 -9.000000 -37.799999 12.600000
0.056396 0.972168 0.137939 -0.013835 0.020220 0.021284 -9.300000 -36.299999 14.700000
0.052490 0.975098 0.135254 -0.014899 0.026606 0.018092 -7.500000 -36.299999 13.500000
0.057617 0.979004 0.138428 -0.011706 0.027670 0.022349 -9.300000 -35.700001 12.300000
0.059082 0.980469 0.150635 -0.014899 0.022349 0.021284 -8.700000 -36.299999 14.100000
0.054443 0.975342 0.139893 -0.012771 0.024477 0.019156 -10.500000 -36.299999 13.500000
0.048828 0.973145 0.143311 -0.011706 0.022349 0.019156 -7.800000 -37.200001 13.800000
0.055664 0.976318 0.138916 -0.010642 0.021284 0.019156 -9.600000 -36.599998 15.600000
0.058105 0.979248 0.136963 -0.012771 0.022349 0.018092 -9.600000 -37.200001 13.800000
0.056396 0.980957 0.138184 -0.015963 0.024477 0.018092 -11.100000 -36.299999 12.900000
0.049805 0.979004 0.143066 -0.012771 0.025541 0.017028 -9.300000 -37.500000 13.500000
0.051025 0.973877 0.145752 -0.014899 0.023413 0.021284 -10.500000 -35.700001 12.900000
0.056885 0.978760 0.142578 -0.012771 0.024477 0.018092 -9.300000 -36.900002 14.100000
0.059082 0.974854 0.145752 -0.009578 0.023413 0.018092 -8.400000 -37.200001 15.600000
0.055664 0.980957 0.140137 -0.013835 0.023413 0.020220 -7.500000 -36.299999 12.300000
0.046387 0.981445 0.138916 -0.011706 0.024477 0.018092 -9.000000 -36.599998 13.200000
0.057129 0.978516 0.128418 -0.012771 0.023413 0.021284 -10.200000 -36.599998 13.200000
0.057617 0.976318 0.140137 -0.011706 0.020220 0.019156 -8.700000 -36.299999 14.100000
0.052246 0.978516 0.138916 -0.011706 0.023413 0.019156 -9.600000 -34.799999 15.000000
0.049316 0.979736 0.140869 -0.014899 0.024477 0.015963 -8.700000 -36.299999 14.100000
0.054688 0.976074 0.149658 -0.017028 0.023413 0.020220 -10.800000 -36.000000 14.400000
0.050293 0.977295 0.143311 -0.013835 0.024477 0.018092 -10.500000 -36.299999 13.500000
0.054932 0.977295 0.143799 -0.014899 0.021284 0.021284 -9.600000 -36.000000 14.400000
0.053955 0.976807 0.142822 -0.015963 0.024477 0.019156 -9.900000 -36.299999 11.100000
0.059326 0.976074 0.146729 -0.012771 0.024477 0.023413 -9.900000 -36.900002 15.300000
0.047119 0.976318 0.142822 -0.012771 0.021284 0.022349 -10.200000 -36.000000 12.000000
0.054199 0.980713 0.135986 -0.013835 0.026606 0.018092 -9.000000 -36.599998 12.600000
