0.057129 0.763672 0.656494 -0.013835 0.024477 0.021284 -22.500000 -38.700001 17.700001
0.061768 0.765869 0.651611 -0.015963 0.024477 0.015963 -21.000000 -39.599998 16.799999
0.059570 0.769043 0.653076 -0.014899 0.021284 0.018092 -24.299999 -37.500000 17.700001
0.055908 0.766602 0.648926 -0.012771 0.026606 0.020220 -22.200001 -39.599998 15.600000
0.060791 0.765625 0.649414 -0.017028 0.023413 0.019156 -23.400000 -39.599998 18.000000
0.062012 0.765625 0.641846 -0.013835 0.023413 0.019156 -21.299999 -39.299999 18.299999
0.063965 0.767090 0.654297 -0.012771 0.024477 0.021284 -24.000000 -39.000000 17.400000
0.058838 0.767822 0.642334 -0.014899 0.023413 0.021284 -24.000000 -37.200001 17.400000
0.066895 0.763672 0.651123 -0.014899 0.022349 0.018092 -22.500000 -39.299999 16.500000
0.063232 0.759277 0.649902 -0.015963 0.022349 0.021284 -21.900000 -39.299999 17.100000
0.058105 0.761475 0.632812 -0.017028 0.022349 0.018092 -22.500000 -39.299999 16.500000
0.059326 0.768066 0.648193 -0.012771 0.022349 0.019156 -23.400000 -37.799999 17.400000
0.061279 0.772461 0.651611 -0.011706 0.022349 0.018092 -22.799999 -39.000000 18.000000
0.063965 0.766357 0.650879 -0.014899 0.025541 0.021284 -21.900000 -38.099998 17.700001
0.068115 0.763672 0.653809 -0.013835 0.026606 0.019156 -21.900000 -39.299999 17.100000
0.059082 0.761963 0.655762 -0.014899 0.023413 0.019156 -23.700001 -37.500000 15.300000
0.060791 0.764160 0.645508 -0.011706 0.023413 0.015963 -23.100000 -39.900002 15.900000
0.064209 0.767090 0.649170 -0.013835 0.023413 0.019156 -23.700001 -39.900002 17.700001
0.062256 0.771973 0.648193 -0.014899 0.025541 0.018092 -22.799999 -37.200001 18.000000
0.059814 0.767578 0.640869 -0.013835 0.027670 0.019156 -22.799999 -39.599998 16.200001
0.056152 0.769531 0.645508 -0.012771 0.022349 0.015963 -24.600000 -39.000000 16.799999
0.058594 0.766602 0.653320 -0.012771 0.025541 0.018092 -21.900000 -39.900002 17.100000
0.058105 0.762695 0.653564 -0.014899 0.020220 0.019156 -21.600000 -37.799999 17.400000
0.064941 0.761963 0.647705 -0.013835 0.024477 0.019156 -23.400000 -38.400002 17.400000
0.060791 0.760498 0.649170 -0.012771 0.023413 0.014899 -24.000000 -38.400002 18.000000
0.062012 0.767090 0.652100 -0.014899 0.023413 0.018092 -23.700001 -38.099998 15.900000
0.059082 0.760742 0.651123 -0.012771 0.021284 0.020220 -22.200001 -39.000000 16.799999
0.060791 0.767090 0.655518 -0.014899 0.022349 0.019156 -23.100000 -38.700001 17.100000
0.061279 0.755859 0.650391 -0.012771 0.023413 0.021284 -21.600000 -37.799999 16.799999
0.056152 0.765381 0.647461 -0.013835 0.022349 0.019156 -21.600000 -40.200001 16.200001
0.065186 0.768066 0.656738 -0.012771 0.024477 0.015963 -23.100000 -38.700001 15.300000
0.055664 0.759033 0.656982 -0.020220 0.024477 0.021284 -21.900000 -38.700001 17.100000
0.063965 0.760254 0.651611 -0.015963 0.025541 0.023413 -24.299999 -39.299999 17.700001
0.070801 0.773438 0.639648 -0.021284 0.044697 -0.002128 -22.500000 -39.900002 16.500000
0.057617 0.768799 0.653076 -0.007450 0.011706 0.011706 -22.799999 -38.400002 18.000000
0.066406 0.759521 0.653809 -0.010642 0.020220 0.023413 -21.000000 -39.000000 16.200001
0.058105 0.764404 0.652100 -0.017028 0.022349 0.020220 -23.100000 -39.900002 16.500000
0.052490 0.774902 0.654541 -0.015963 0.026606 0.022349 -22.500000 -37.500000 18.299999
0.040283 0.769775 0.623779 -0.010642 0.017028 0.025541 -22.500000 -38.700001 17.700001
0.068848 0.770264 0.649170 -0.011706 0.021284 0.020220 -22.500000 -37.500000 16.500000
0.061523 0.769531 0.645020 -0.010642 0.022349 0.021284 -23.400000 -38.400002 18.000000
0.060547 0.765625 0.651611 -0.015963 0.018092 0.018092 -22.799999 -38.400002 15.600000
0.055908 0.757568 0.655518 -0.014899 0.023413 0.014899 -23.100000 -39.900002 16.500000
0.066406 0.758057 0.643799 -0.018092 0.023413 0.017028 -22.500000 -38.700001 17.100000
0.062012 0.760986 0.650146 -0.011706 0.021284 0.023413 -23.400000 -39.000000 15.600000
0.058838 0.766113 0.652588 -0.013835 0.021284 0.021284 -22.500000 -38.700001 17.700001
0.069580 0.765137 0.653320 -0.009578 0.023413 0.023413 -21.900000 -39.299999 17.700001
0.064697 0.761719 0.654297 -0.015963 0.022349 0.021284 -20.400000 -40.200001 16.799999
0.053223 0.762451 0.651855 -0.014899 0.023413 0.017028 -23.700001 -38.099998 16.500000
0.056152 0.762207 0.651367 -0.009578 0.024477 0.019156 -22.200001 -38.400002 17.400000
0.060791 0.766846 0.649170 -0.013835 0.025541 0.017028 -22.799999 -37.799999 17.400000
0.059082 0.764404 0.643555 -0.012771 0.020220 0.017028 -22.500000 -39.299999 17.100000
0.061768 0.766602 0.642822 -0.013835 0.021284 0.019156 -20.700001 -39.299999 17.700001
0.064941 0.767822 0.654541 -0.015963 0.023413 0.018092 -22.500000 -38.700001 15.900000
0.059326 0.762939 0.648926 -0.014899 0.021284 0.019156 -23.400000 -40.200001 16.799999
0.056885 0.763916 0.643555 -0.012771 0.022349 0.020220 -23.700001 -38.700001 17.100000
0.057129 0.760254 0.645752 -0.018092 0.025541 0.022349 -22.200001 -39.599998 16.799999
0.054443 0.764404 0.650391 -0.011706 0.022349 0.020220 -23.100000 -39.299999 18.900000
0.062256 0.762939 0.650635 -0.011706 0.024477 0.022349 -21.299999 -39.299999 16.500000
0.064697 0.765137 0.652588 -0.018092 0.024477 0.017028 -22.200001 -39.000000 17.400000
0.059082 0.773438 0.640869 -0.013835 0.023413 0.019156 -23.100000 -36.900002 17.700001
0.060059 0.759766 0.648682 -0.013835 0.023413 0.021284 -22.799999 -39.000000 18.000000
0.061035 0.766602 0.647217 -0.010642 0.026606 0.019156 -21.299999 -36.900002 17.700001
0.062988 0.759521 0.650391 -0.017028 0.029798 0.021284 -23.700001 -38.099998 17.700001
0.058105 0.764893 0.666748 -0.011706 0.048954 0.040441 -22.799999 -39.599998 15.000000
0.053711 0.768799 0.642334 -0.013835 0.061725 0.043633 -23.400000 -39.599998 16.799999
0.072266 0.770264 0.649414 -0.013835 0.051083 0.037248 -23.700001 -38.099998 17.100000
0.068115 0.768311 0.679199 -0.011706 0.073431 0.052147 -22.799999 -38.400002 16.200001
0.070557 0.758301 0.652100 -0.014899 0.069175 0.043633 -22.799999 -37.799999 18.000000
0.065674 0.768311 0.640869 -0.015963 0.068110 0.053211 -23.400000 -37.799999 16.200001
0.173096 0.741211 0.643799 -0.017028 0.022349 0.009578 -23.400000 -37.200001 16.799999
0.256592 0.806641 0.619385 -0.028734 -0.037248 -0.025541 -24.299999 -39.299999 17.100000
0.252930 0.735107 0.653320 -0.020220 -0.009578 -0.010642 -24.299999 -38.099998 17.100000
0.267334 0.733887 0.678467 -0.008514 0.051083 0.040441 -25.200001 -38.400002 16.200001
0.341309 0.741699 0.662354 -0.019156 0.055340 0.036184 -24.600000 -37.200001 15.000000
0.320312 0.741943 0.648682 -0.014899 0.052147 0.046826 -25.799999 -39.599998 13.200000
0.281494 0.760742 0.657471 -0.014899 0.080881 0.075560 -24.900000 -39.299999 13.500000
0.292480 0.760986 0.644531 0.003193 0.100037 0.094716 -23.100000 -41.700001 15.300000
0.245117 0.731445 0.665039 0.001064 0.168147 0.148991 -23.700001 -41.099998 17.700001
0.269043 0.745361 0.669434 -0.030863 0.222423 0.187303 -22.500000 -39.299999 21.299999
0.263916 0.750000 0.651611 0.008514 0.273506 0.219230 -23.700001 -37.500000 21.900000
0.253662 0.762695 0.651123 0.027670 0.326717 0.271377 -22.500000 -36.900002 24.900000
0.208740 0.718506 0.659912 0.065982 0.303304 0.318203 -24.299999 -35.099998 25.500000
0.182617 0.813477 0.691895 -0.027670 0.296919 0.278827 -23.100000 -36.299999 26.700001
0.146729 0.814209 0.629639 -0.010642 0.233065 0.201138 -22.500000 -34.500000 25.500000
-0.026611 0.833496 0.587402 -0.018092 0.054275 0.044697 -21.600000 -34.799999 27.600000
-0.204834 0.763184 0.658936 0.000000 -0.139413 -0.086202 -21.000000 -34.799999 30.000000
-0.262451 0.817871 0.647949 -0.028734 -0.205395 -0.153248 -21.600000 -36.000000 30.000000
-0.343018 0.797852 0.652588 -0.027670 -0.176661 -0.141542 -19.500000 -34.500000 30.299999
-0.336914 0.809082 0.686279 -0.020220 -0.147927 -0.116000 -17.700001 -35.700001 29.700001
-0.303467 0.758057 0.666504 -0.026606 -0.134092 -0.104294 -20.400000 -34.799999 31.200001
-0.267090 0.789795 0.676758 -0.020220 -0.117065 -0.093652 -19.799999 -34.200001 31.200001
-0.208740 0.774170 0.666992 -0.018092 -0.059597 -0.046826 -18.000000 -36.000000 31.200001
-0.167725 0.789062 0.629150 -0.012771 -0.022349 -0.025541 -18.600000 -36.599998 31.799999
-0.113525 0.804443 0.607666 -0.017028 0.014899 0.021284 -18.600000 -35.400002 30.600000
0.054443 0.765381 0.645996 -0.021284 0.010642 0.017028 -19.500000 -35.099998 31.500000
0.073730 0.758057 0.658203 -0.012771 0.022349 0.015963 -18.000000 -37.200001 31.200001
0.067627 0.759766 0.652100 -0.013835 0.022349 0.017028 -18.000000 -34.799999 32.400002
0.061279 0.762695 0.641602 -0.014899 0.022349 0.021284 -18.900000 -35.099998 32.700001
0.059814 0.764893 0.648682 -0.013835 0.024477 0.018092 -17.700001 -36.900002 30.299999
0.067627 0.761230 0.658447 -0.014899 0.029798 0.024477 -19.500000 -36.900002 32.099998
0.068604 0.763428 0.645996 -0.011706 0.027670 0.024477 -20.100000 -35.099998 30.299999
0.067871 0.763184 0.643066 -0.009578 0.020220 0.023413 -19.200001 -36.599998 30.600000
0.051270 0.757568 0.644043 -0.011706 0.028734 0.018092 -19.799999 -36.000000 31.200001
0.064941 0.769287 0.655518 -0.012771 0.021284 0.019156 -17.100000 -36.299999 29.100000
0.035645 0.736572 0.586670 -0.007450 0.028734 0.014899 -18.900000 -38.099998 29.700001
0.058350 0.765137 0.651855 -0.008514 0.025541 0.017028 -17.100000 -37.500000 29.700001
0.067383 0.762939 0.636230 -0.017028 0.024477 0.019156 -17.400000 -36.599998 28.799999
0.063721 0.759277 0.643799 -0.014899 0.024477 0.020220 -17.700001 -36.299999 29.700001
0.072266 0.765625 0.645264 -0.013835 0.023413 0.020220 -17.100000 -36.299999 31.500000
0.064941 0.759521 0.653564 -0.011706 0.027670 0.021284 -16.200001 -36.000000 30.000000
0.052490 0.765869 0.641357 -0.017028 0.022349 0.023413 -17.400000 -38.400002 30.000000
0.070557 0.765137 0.660889 -0.013835 0.024477 0.021284 -16.200001 -35.400002 28.799999
0.068604 0.760254 0.642090 -0.010642 0.023413 0.019156 -17.700001 -36.299999 30.900000
0.064209 0.759033 0.655518 -0.014899 0.022349 0.018092 -16.200001 -36.000000 30.000000
0.057861 0.767822 0.646729 -0.012771 0.024477 0.019156 -16.200001 -34.200001 30.600000
0.062988 0.766846 0.645264 -0.010642 0.022349 0.018092 -17.400000 -37.200001 30.600000
0.062256 0.765869 0.645264 -0.012771 0.022349 0.018092 -15.900000 -36.900002 30.900000
0.061035 0.760986 0.650391 -0.012771 0.022349 0.020220 -15.900000 -35.700001 30.299999
0.063721 0.757324 0.651611 -0.013835 0.023413 0.020220 -16.799999 -36.599998 31.799999
0.067139 0.757812 0.646973 -0.015963 0.022349 0.019156 -16.500000 -35.099998 30.900000
0.068359 0.763916 0.650146 -0.017028 0.023413 0.019156 -17.400000 -35.400002 31.200001
0.064697 0.760498 0.640625 -0.013835 0.024477 0.017028 -16.799999 -36.599998 30.000000
0.061523 0.761963 0.649902 -0.010642 0.024477 0.020220 -15.600000 -36.599998 30.600000
0.062500 0.753418 0.653564 -0.017028 0.022349 0.018092 -17.100000 -36.900002 31.500000
0.061768 0.762451 0.648438 -0.014899 0.023413 0.019156 -17.700001 -36.299999 29.100000
0.067383 0.758789 0.651367 -0.013835 0.024477 0.017028 -17.700001 -35.700001 30.299999
0.068848 0.770264 0.651367 -0.014899 0.023413 0.019156 -17.400000 -36.599998 30.000000
0.057129 0.738281 0.643311 -0.010642 0.023413 0.018092 -16.799999 -35.400002 30.600000
0.063232 0.755371 0.653076 -0.014899 0.022349 0.018092 -16.799999 -35.400002 30.600000
0.064697 0.765381 0.652344 -0.013835 0.023413 0.017028 -16.200001 -35.400002 30.600000
0.067139 0.758789 0.647705 -0.013835 0.026606 0.018092 -16.799999 -37.200001 30.600000
0.059082 0.765137 0.656738 -0.010642 0.026606 0.019156 -17.400000 -36.599998 30.600000
0.060791 0.768555 0.634521 -0.011706 0.023413 0.017028 -15.900000 -36.299999 30.299999
0.066162 0.763428 0.658691 -0.015963 0.023413 0.012771 -16.799999 -34.200001 30.000000
0.068848 0.764160 0.648926 -0.010642 0.023413 0.018092 -15.900000 -34.500000 29.700001
0.055420 0.753418 0.637939 -0.021284 0.020220 0.024477 -17.100000 -36.299999 30.299999
0.064941 0.756104 0.644531 -0.011706 0.023413 0.021284 -17.700001 -36.299999 30.900000
0.075195 0.759521 0.648682 -0.011706 0.024477 0.018092 -16.500000 -34.500000 31.500000
0.063965 0.757812 0.655762 -0.008514 0.024477 0.017028 -16.799999 -35.400002 30.000000
0.058838 0.764648 0.651611 -0.011706 0.022349 0.021284 -17.700001 -36.299999 29.700001
0.062012 0.758789 0.649658 -0.014899 0.023413 0.020220 -16.799999 -35.400002 29.400000
0.066650 0.762695 0.651123 -0.014899 0.022349 0.020220 -17.100000 -35.700001 29.700001
0.060059 0.759766 0.653809 -0.013835 0.022349 0.015963 -17.400000 -37.200001 30.600000
0.062500 0.764404 0.646729 -0.014899 0.024477 0.022349 -17.100000 -36.900002 29.700001
0.061279 0.760986 0.650146 -0.017028 0.023413 0.019156 -17.700001 -36.900002 30.900000
0.063232 0.763916 0.652832 -0.010642 0.025541 0.019156 -16.500000 -35.700001 30.299999
0.059570 0.762695 0.643555 -0.011706 0.022349 0.018092 -17.700001 -37.500000 30.299999
0.057861 0.765137 0.659424 -0.015963 0.022349 0.020220 -16.500000 -35.700001 30.299999
0.059326 0.761719 0.660645 -0.012771 0.021284 0.020220 -18.299999 -36.299999 29.700001
0.067139 0.768066 0.654053 -0.015963 0.024477 0.018092 -15.600000 -36.000000 30.600000
0.066895 0.760010 0.647461 -0.011706 0.021284 0.015963 -16.200001 -36.599998 30.000000
0.068359 0.761963 0.646240 -0.014899 0.023413 0.018092 -17.100000 -36.299999 30.900000
0.067871 0.760254 0.651855 -0.014899 0.024477 0.022349 -17.400000 -35.400002 30.000000
0.067383 0.762695 0.647217 -0.012771 0.023413 0.015963 -17.100000 -37.500000 30.900000
0.064209 0.767822 0.655029 -0.014899 0.022349 0.014899 -17.400000 -37.200001 31.200001
0.066650 0.769775 0.655518 -0.013835 0.021284 0.020220 -17.400000 -35.400002 30.000000
0.066406 0.763184 0.643066 -0.013835 0.021284 0.019156 -16.200001 -36.599998 30.000000
0.066895 0.768311 0.645996 -0.015963 0.024477 0.015963 -16.799999 -36.599998 31.799999
0.060059 0.764404 0.641846 -0.012771 0.022349 0.019156 -17.100000 -35.700001 30.299999
0.062988 0.770020 0.644775 -0.015963 0.023413 0.020220 -17.700001 -36.299999 29.700001
0.064941 0.762695 0.651611 -0.015963 0.023413 0.015963 -15.000000 -37.200001 28.799999
0.066406 0.761719 0.645508 -0.013835 0.022349 0.019156 -17.700001 -37.500000 30.299999
0.059082 0.762939 0.652344 -0.015963 0.022349 0.017028 -16.500000 -36.299999 32.099998
0.060303 0.766357 0.656006 -0.015963 0.024477 0.017028 -16.799999 -36.000000 30.600000
0.064941 0.762695 0.637939 -0.012771 0.021284 0.015963 -17.400000 -36.000000 30.000000
0.068604 0.764648 0.648926 -0.012771 0.015963 0.010642 -15.900000 -36.299999 29.700001
0.064697 0.760742 0.645264 -0.018092 0.020220 0.013835 -16.500000 -35.700001 29.100000
0.069580 0.768066 0.650635 -0.012771 0.018092 0.015963 -19.500000 -36.900002 29.700001
0.065430 0.753418 0.654297 -0.015963 0.020220 0.014899 -17.100000 -37.500000 30.900000
0.058838 0.765869 0.654785 -0.011706 0.019156 0.017028 -18.000000 -36.599998 30.000000
0.066406 0.762207 0.653320 -0.012771 0.021284 0.015963 -16.200001 -36.000000 30.600000
0.062500 0.766602 0.650391 -0.012771 0.020220 0.017028 -18.000000 -34.799999 29.400000
0.064453 0.764893 0.651611 -0.012771 0.023413 0.018092 -16.200001 -34.799999 29.400000
0.068115 0.760742 0.651123 -0.014899 0.022349 0.014899 -15.900000 -36.299999 30.299999
0.071045 0.762939 0.646484 -0.013835 0.022349 0.018092 -18.000000 -37.200001 30.600000
0.066895 0.760498 0.653564 -0.011706 0.022349 0.019156 -17.700001 -34.500000 29.100000
0.059570 0.760986 0.652344 -0.013835 0.021284 0.015963 -17.100000 -35.700001 28.500000
0.063477 0.764404 0.645020 -0.010642 0.018092 0.014899 -15.600000 -35.400002 30.600000
0.047363 0.760742 0.648438 -0.021284 -0.009578 -0.006385 -16.500000 -35.700001 30.299999
0.003174 0.779785 0.680176 -0.019156 -0.009578 -0.005321 -16.799999 -36.000000 30.000000
-0.096680 0.763428 0.669434 -0.014899 0.017028 0.012771 -16.200001 -37.200001 31.799999
-0.184082 0.737793 0.700684 -0.010642 0.108551 0.088331 -18.000000 -36.599998 30.600000
-0.208740 0.764648 0.688965 -0.012771 0.144735 0.113872 -15.900000 -36.299999 32.099998
-0.202393 0.791260 0.676270 -0.015963 0.145799 0.110679 -18.600000 -35.400002 32.400002
-0.192383 0.785889 0.636230 -0.017028 0.102166 0.077688 -20.400000 -34.200001 30.600000
-0.217041 0.806152 0.646729 -0.004257 0.059597 0.036184 -20.700001 -33.299999 31.500000
-0.193604 0.808594 0.611816 -0.027670 0.032991 0.008514 -18.900000 -30.900000 30.299999
-0.187500 0.813721 0.604492 -0.027670 -0.064918 -0.054275 -22.200001 -32.400002 29.400000
-0.146973 0.864258 0.574951 -0.028734 -0.150056 -0.133028 -22.799999 -30.000000 26.400000
-0.120605 0.800537 0.608643 -0.038312 -0.200074 -0.194753 -24.299999 -30.900000 27.900000
-0.143066 0.870850 0.635742 -0.063853 -0.261799 -0.229872 -25.200001 -32.400002 25.799999
-0.065186 0.765137 0.651855 -0.056404 -0.255414 -0.233065 -26.100000 -34.500000 24.900000
-0.026611 0.699219 0.607422 -0.051083 -0.253285 -0.217102 -25.200001 -35.400002 25.200001
0.089355 0.799561 0.680908 -0.045762 -0.249028 -0.206460 -27.299999 -35.700001 24.299999
0.186279 0.748047 0.683350 0.013835 -0.187303 -0.192625 -27.000000 -37.200001 23.400000
0.247314 0.679932 0.634521 -0.007450 -0.095780 -0.091523 -26.700001 -36.900002 23.700001
0.350342 0.715332 0.655029 -0.038312 -0.034055 -0.029798 -24.900000 -39.299999 23.100000
0.410156 0.768799 0.638672 -0.020220 0.022349 -0.008514 -24.600000 -39.000000 23.400000
0.441895 0.719238 0.651611 -0.002128 0.072367 0.061725 -22.500000 -40.500000 24.299999
0.447998 0.734375 0.646973 0.000000 0.150056 0.118129 -21.600000 -41.400002 23.400000
0.517578 0.685303 0.733887 0.014899 0.326717 0.240515 -18.299999 -43.500000 24.299999
0.410156 0.735840 0.672363 0.011706 0.307561 0.234129 -19.500000 -42.299999 21.900000
0.307373 0.790039 0.622559 0.035119 0.259671 0.129835 -19.500000 -42.900002 23.100000
0.056885 0.771484 0.621338 0.017028 0.216038 0.097909 -21.000000 -43.200001 24.600000
0.041504 0.802734 0.605469 0.003193 0.121322 0.055340 -20.100000 -42.900002 23.700001
0.037109 0.761230 0.622070 -0.032991 -0.014899 0.036184 -19.200001 -42.599998 22.799999
0.059814 0.758545 0.668213 -0.024477 -0.004257 0.031927 -21.299999 -43.500000 23.100000
0.059326 0.767090 0.666504 -0.017028 0.020220 0.028734 -20.400000 -43.200001 23.400000
0.051514 0.763916 0.647949 -0.019156 0.019156 0.037248 -20.100000 -43.500000 24.299999
0.055420 0.780518 0.616699 -0.018092 0.006385 0.037248 -21.000000 -45.000000 23.400000
0.098145 0.812500 0.664062 -0.005321 0.023413 0.022349 -20.100000 -42.900002 24.299999
0.032959 0.711182 0.624512 -0.100037 -0.083009 0.137285 -20.100000 -43.500000 23.700001
0.043213 0.750000 0.607666 -0.019156 0.017028 0.074496 -20.100000 -43.500000 24.299999
0.044189 0.758057 0.632812 -0.017028 0.017028 0.028734 -20.700001 -44.099998 24.900000
0.057861 0.757812 0.641846 -0.015963 0.020220 0.021284 -19.200001 -44.400002 24.000000
0.056396 0.760254 0.658691 -0.012771 0.022349 0.019156 -20.100000 -42.299999 23.100000
0.062500 0.754639 0.653320 -0.012771 0.023413 0.021284 -21.000000 -43.200001 23.400000
0.066406 0.759766 0.649658 -0.012771 0.024477 0.021284 -21.600000 -44.400002 24.000000
0.060791 0.764404 0.655762 -0.013835 0.027670 0.020220 -20.100000 -42.299999 23.100000
0.062256 0.764404 0.652832 -0.014899 0.022349 0.017028 -21.000000 -42.599998 23.400000
0.067383 0.758057 0.656738 -0.012771 0.023413 0.018092 -18.299999 -43.500000 24.900000
0.059814 0.766113 0.647217 -0.012771 0.023413 0.017028 -19.200001 -44.400002 24.000000
0.057129 0.763428 0.658936 -0.012771 0.022349 0.018092 -20.100000 -42.900002 23.700001
0.061523 0.763672 0.646484 -0.014899 0.025541 0.019156 -18.900000 -42.900002 23.700001
0.062988 0.762939 0.658691 -0.017028 0.023413 0.019156 -21.299999 -42.299999 22.500000
0.060059 0.760986 0.644775 -0.012771 0.025541 0.015963 -19.500000 -43.500000 24.299999
0.060059 0.766602 0.644775 -0.011706 0.023413 0.019156 -20.700001 -44.099998 23.100000
0.064941 0.767334 0.649658 -0.011706 0.022349 0.015963 -20.700001 -43.500000 23.700001
0.064453 0.766113 0.647949 -0.013835 0.024477 0.021284 -21.000000 -44.400002 25.200001
0.060059 0.757568 0.651123 -0.018092 0.023413 0.019156 -21.000000 -43.200001 25.200001
0.061523 0.761719 0.647705 -0.012771 0.021284 0.019156 -21.299999 -42.900002 23.100000
0.056885 0.769775 0.649170 -0.012771 0.024477 0.019156 -19.500000 -43.500000 23.100000
0.064453 0.762695 0.658691 -0.012771 0.022349 0.015963 -20.100000 -43.500000 24.299999
0.056152 0.764160 0.661377 -0.012771 0.023413 0.020220 -19.500000 -43.500000 22.500000
0.058105 0.765625 0.649658 -0.014899 0.024477 0.021284 -19.799999 -43.799999 24.000000
0.058838 0.757568 0.660645 -0.015963 0.021284 0.019156 -18.900000 -42.900002 23.100000
0.060791 0.763428 0.652588 -0.015963 0.021284 0.018092 -19.200001 -43.799999 22.799999
0.063721 0.762939 0.639648 -0.012771 0.024477 0.017028 -19.500000 -43.500000 23.100000
0.058838 0.760498 0.643555 -0.014899 0.023413 0.020220 -18.600000 -43.799999 22.799999
0.059326 0.760498 0.646484 -0.012771 0.025541 0.019156 -20.100000 -44.099998 24.900000
0.058105 0.760254 0.654541 -0.013835 0.025541 0.019156 -20.400000 -42.599998 22.799999
0.060059 0.766602 0.652344 -0.014899 0.024477 0.019156 -19.500000 -42.299999 24.299999
0.058350 0.763428 0.649902 -0.009578 0.021284 0.018092 -22.200001 -43.200001 23.400000
0.059814 0.767090 0.655029 -0.009578 0.021284 0.019156 -19.200001 -44.400002 25.200001
0.059814 0.760742 0.655029 -0.013835 0.024477 0.019156 -21.600000 -42.599998 22.799999
0.063232 0.761230 0.649170 -0.015963 0.026606 0.021284 -21.299999 -44.700001 21.900000
0.061768 0.762207 0.651367 -0.013835 0.025541 0.019156 -20.700001 -44.099998 24.299999
0.064941 0.763184 0.647217 -0.010642 0.021284 0.017028 -20.700001 -43.500000 24.299999
0.053955 0.766846 0.649902 -0.012771 0.025541 0.019156 -21.000000 -43.200001 24.600000
0.060791 0.753418 0.660645 -0.017028 0.023413 0.020220 -20.700001 -44.099998 26.100000
0.067627 0.760742 0.656982 -0.014899 0.020220 0.023413 -19.200001 -42.599998 24.600000
0.055664 0.764404 0.650879 -0.011706 0.023413 0.018092 -19.799999 -43.799999 24.000000
0.060547 0.763428 0.660156 -0.015963 0.023413 0.020220 -21.000000 -43.799999 24.600000
0.065674 0.765381 0.654541 -0.013835 0.023413 0.019156 -20.100000 -42.900002 24.900000
0.059082 0.766113 0.649414 -0.017028 0.023413 0.018092 -19.500000 -42.900002 23.700001
0.057617 0.759033 0.644775 -0.018092 0.022349 0.018092 -20.700001 -44.099998 22.500000
0.061035 0.762939 0.646973 -0.015963 0.022349 0.021284 -19.200001 -44.400002 24.000000
0.059082 0.760742 0.646973 -0.015963 0.021284 0.017028 -19.500000 -44.099998 23.700001
0.063721 0.757568 0.646973 -0.013835 0.022349 0.019156 -19.799999 -43.799999 22.799999
0.060547 0.764893 0.647705 -0.013835 0.022349 0.015963 -20.700001 -43.500000 22.500000
0.059570 0.760498 0.647217 -0.012771 0.022349 0.020220 -21.000000 -43.799999 24.600000
0.057861 0.762451 0.651855 -0.012771 0.023413 0.018092 -20.400000 -43.200001 23.400000
0.065430 0.761230 0.651611 -0.015963 0.022349 0.017028 -19.500000 -42.900002 24.299999
0.062256 0.761963 0.648926 -0.013835 0.025541 0.020220 -20.700001 -44.099998 24.299999
0.057861 0.765869 0.654785 -0.014899 0.021284 0.021284 -21.000000 -44.400002 22.200001
0.064453 0.762939 0.656006 -0.012771 0.022349 0.021284 -20.400000 -43.200001 23.400000
0.057129 0.756592 0.651123 -0.014899 0.021284 0.015963 -20.400000 -43.799999 24.000000
0.063721 0.768311 0.649170 -0.010642 0.023413 0.017028 -20.400000 -44.400002 24.000000
0.060791 0.763916 0.646729 -0.014899 0.023413 0.020220 -21.299999 -45.299999 23.100000
0.056396 0.765381 0.657471 -0.013835 0.023413 0.017028 -19.200001 -45.000000 25.200001
0.056885 0.761475 0.647461 -0.010642 0.024477 0.020220 -18.900000 -43.500000 23.700001
0.057861 0.763184 0.650635 -0.009578 0.024477 0.019156 -19.500000 -45.299999 24.299999
0.057617 0.763428 0.660156 -0.012771 0.022349 0.020220 -19.799999 -45.000000 26.400000
0.060791 0.761963 0.644775 -0.013835 0.021284 0.020220 -20.100000 -44.700001 24.299999
0.060303 0.764404 0.646484 -0.014899 0.024477 0.018092 -20.400000 -44.400002 24.600000
0.062256 0.756104 0.654785 -0.013835 0.024477 0.020220 -19.799999 -43.200001 24.000000
0.062500 0.761963 0.651123 -0.013835 0.023413 0.021284 -20.700001 -44.099998 24.900000
0.055420 0.762695 0.653320 -0.012771 0.024477 0.018092 -20.700001 -44.099998 25.500000
0.060791 0.758789 0.649658 -0.013835 0.022349 0.020220 -21.900000 -43.500000 24.299999
0.063232 0.767090 0.652344 -0.015963 0.024477 0.018092 -20.700001 -42.900002 24.299999
0.060791 0.760986 0.648193 -0.013835 0.024477 0.020220 -19.500000 -44.099998 24.299999
0.059570 0.759521 0.653076 -0.013835 0.024477 0.019156 -19.799999 -42.599998 24.600000
0.067383 0.771240 0.660889 -0.013835 0.023413 0.022349 -19.200001 -43.799999 22.799999
0.062256 0.762939 0.654053 -0.014899 0.020220 0.021284 -19.500000 -44.700001 23.700001
0.059814 0.760010 0.648682 -0.012771 0.022349 0.019156 -19.799999 -43.200001 24.600000
0.061035 0.763672 0.656006 -0.011706 0.024477 0.019156 -20.700001 -44.099998 24.900000
0.057129 0.762695 0.647949 -0.012771 0.022349 0.020220 -20.400000 -43.200001 24.600000
0.059326 0.758789 0.654053 -0.015963 0.022349 0.015963 -20.100000 -43.500000 24.900000
0.060547 0.767334 0.653076 -0.013835 0.024477 0.017028 -21.299999 -44.099998 23.100000
0.054199 0.763184 0.644775 -0.013835 0.023413 0.020220 -19.799999 -43.200001 24.000000
0.061279 0.761230 0.652588 -0.014899 0.025541 0.018092 -18.299999 -44.099998 23.700001
0.061279 0.759277 0.656006 -0.015963 0.024477 0.017028 -20.400000 -43.200001 25.799999
0.056152 0.753906 0.653076 -0.012771 0.022349 0.020220 -21.000000 -43.200001 22.799999
0.063721 0.762695 0.647705 -0.012771 0.024477 0.019156 -21.000000 -42.599998 24.000000
0.059326 0.767090 0.647705 -0.013835 0.023413 0.020220 -20.100000 -43.500000 23.700001
0.059082 0.764893 0.650635 -0.012771 0.025541 0.019156 -20.100000 -42.299999 24.900000
0.059570 0.764404 0.643311 -0.014899 0.023413 0.020220 -20.400000 -45.000000 24.000000
0.060791 0.760986 0.657227 -0.012771 0.021284 0.019156 -20.100000 -43.500000 24.900000
0.059082 0.761475 0.640137 -0.013835 0.023413 0.019156 -20.400000 -42.599998 24.000000
