0.047607 0.975586 0.146729 -0.015963 0.023413 0.015963 -11.700000 -33.299999 15.300000
0.045166 0.977051 0.149658 -0.010642 0.025541 0.019156 -12.000000 -34.200001 18.000000
0.046631 0.971680 0.146729 -0.012771 0.024477 0.015963 -11.700000 -32.700001 15.900000
0.042480 0.974854 0.145508 -0.012771 0.028734 0.021284 -12.900000 -33.299999 17.100000
0.050537 0.979980 0.145752 -0.013835 0.025541 0.020220 -13.800000 -33.599998 18.600000
0.041992 0.976074 0.141113 -0.014899 0.024477 0.018092 -12.000000 -34.799999 16.799999
0.041016 0.979248 0.143799 -0.013835 0.022349 0.020220 -11.700000 -35.099998 17.100000
0.048340 0.971680 0.148926 -0.014899 0.023413 0.021284 -11.700000 -33.900002 15.300000
0.044922 0.974121 0.148193 -0.017028 0.025541 0.021284 -12.900000 -33.299999 17.100000
0.041748 0.977295 0.152832 -0.014899 0.024477 0.020220 -13.500000 -34.500000 17.700001
0.046875 0.976562 0.145752 -0.012771 0.022349 0.019156 -12.600000 -33.599998 18.000000
0.047363 0.981445 0.144043 -0.011706 0.024477 0.018092 -12.900000 -33.900002 15.900000
0.049316 0.973633 0.134277 -0.013835 0.024477 0.020220 -13.500000 -35.099998 16.500000
0.040283 0.980713 0.152100 -0.012771 0.025541 0.015963 -11.700000 -35.099998 17.100000
0.038330 0.973389 0.145752 -0.011706 0.024477 0.020220 -10.500000 -32.099998 15.300000
0.040283 0.979248 0.147461 -0.015963 0.022349 0.019156 -11.700000 -34.500000 15.900000
0.048096 0.974365 0.149414 -0.012771 0.020220 0.018092 -13.200000 -33.000000 16.799999
0.044434 0.975586 0.138184 -0.012771 0.022349 0.019156 -13.800000 -35.400002 16.200001
0.042236 0.982910 0.152832 -0.011706 0.022349 0.017028 -12.000000 -33.599998 16.799999
0.039551 0.974854 0.146729 -0.008514 0.021284 0.018092 -12.000000 -33.000000 16.799999
0.043457 0.976807 0.142822 -0.013835 0.023413 0.020220 -12.900000 -34.500000 17.100000
0.039551 0.979736 0.151611 -0.017028 0.022349 0.023413 -11.400000 -34.200001 14.400000
0.046631 0.977539 0.149902 -0.015963 0.021284 0.020220 -13.200000 -33.599998 16.799999
0.046875 0.978027 0.152100 -0.012771 0.022349 0.017028 -12.300000 -35.099998 15.300000
0.048828 0.976562 0.143555 -0.013835 0.021284 0.021284 -11.400000 -33.000000 16.799999
0.042725 0.971924 0.137939 -0.012771 0.023413 0.021284 -12.300000 -33.900002 16.500000
0.042236 0.979492 0.151367 -0.010642 0.024477 0.018092 -12.300000 -35.700001 17.100000
0.043457 0.980957 0.142334 -0.011706 0.022349 0.018092 -13.800000 -33.000000 16.799999
0.048828 0.970703 0.145996 -0.012771 0.026606 0.020220 -12.000000 -33.599998 16.799999
0.039307 0.980957 0.149658 -0.013835 0.022349 0.020220 -11.100000 -35.099998 15.300000
0.045166 0.977539 0.151611 -0.012771 0.023413 0.017028 -12.000000 -34.799999 16.799999
0.047852 0.977783 0.147949 -0.015963 0.022349 0.020220 -11.400000 -34.200001 16.799999
0.043213 0.977051 0.138672 -0.011706 0.027670 0.018092 -11.100000 -33.299999 17.100000
0.043213 0.971191 0.145508 -0.012771 0.025541 0.018092 -13.200000 -32.400002 16.200001
0.049316 0.981445 0.143555 -0.013835 0.024477 0.022349 -12.600000 -33.000000 16.799999
0.042725 0.973633 0.156738 -0.012771 0.024477 0.019156 -11.400000 -34.200001 17.400000
0.042236 0.979736 0.152588 -0.012771 0.025541 0.019156 -12.300000 -33.900002 17.100000
0.043213 0.981934 0.145264 -0.014899 0.026606 0.021284 -13.500000 -35.099998 17.100000
0.052490 0.979492 0.146973 -0.012771 0.025541 0.018092 -12.900000 -33.900002 17.100000
0.040283 0.978027 0.149414 -0.012771 0.023413 0.018092 -12.900000 -34.500000 16.500000
0.045166 0.972900 0.151611 -0.012771 0.024477 0.020220 -12.300000 -35.099998 17.100000
0.046875 0.980225 0.145264 -0.017028 0.025541 0.017028 -12.600000 -34.200001 16.799999
0.047852 0.974854 0.140625 -0.012771 0.024477 0.020220 -11.700000 -35.099998 15.900000
0.044922 0.977539 0.145752 -0.010642 0.021284 0.022349 -11.400000 -31.799999 16.200001
0.039795 0.974365 0.145508 -0.014899 0.023413 0.019156 -11.400000 -36.000000 18.000000
0.041992 0.985107 0.151367 -0.013835 0.024477 0.017028 -11.700000 -31.500000 18.299999
0.041992 0.979736 0.151611 -0.013835 0.025541 0.020220 -11.700000 -32.700001 17.100000
0.048096 0.975830 0.142090 -0.015963 0.022349 0.022349 -12.300000 -33.900002 17.700001
0.039062 0.977783 0.147217 -0.015963 0.025541 0.018092 -12.300000 -35.099998 15.900000
0.047852 0.979248 0.152588 -0.013835 0.022349 0.019156 -12.600000 -33.599998 16.200001
0.049072 0.971680 0.191162 -0.012771 0.010642 0.018092 -12.900000 -32.700001 14.700000
0.050537 0.979248 0.196045 -0.010642 0.022349 0.021284 -12.000000 -33.599998 16.200001
0.037842 0.997803 0.156006 -0.014899 0.013835 0.015963 -11.400000 -34.799999 16.799999
0.051025 0.970459 0.176025 -0.015963 0.044697 0.023413 -12.600000 -32.400002 17.400000
0.049072 0.975342 0.208496 -0.010642 0.058532 0.024477 -11.400000 -33.000000 16.799999
0.045654 0.945312 0.206787 -0.008514 0.074496 0.027670 -11.100000 -33.900002 17.700001
0.050781 0.966309 0.195801 -0.007450 0.059597 0.025541 -13.800000 -33.599998 15.000000
0.051514 0.971680 0.196045 -0.020220 0.050019 -0.002128 -11.700000 -33.299999 17.100000
0.047607 0.865234 0.199219 -0.004257 0.029798 0.017028 -10.200000 -32.400002 16.200001
0.045654 0.938965 0.186035 -0.012771 0.035119 0.022349 -11.400000 -32.400002 16.799999
0.053955 0.951416 0.189697 -0.011706 0.036184 0.020220 -12.600000 -32.400002 17.400000
0.039795 0.953125 0.181152 -0.014899 0.046826 0.020220 -12.900000 -33.900002 17.700001
0.045898 1.013184 0.164795 -0.007450 0.043633 0.017028 -10.200000 -31.799999 16.799999
0.038818 1.052734 0.130371 -0.018092 0.046826 0.013835 -12.900000 -32.700001 16.500000
0.036865 0.885254 0.159180 -0.012771 0.038312 0.013835 -10.800000 -31.799999 16.200001
0.040039 1.002930 0.124268 -0.011706 0.036184 0.006385 -10.500000 -33.900002 16.500000
0.052246 0.962158 0.129883 -0.005321 0.054275 0.024477 -10.200000 -33.599998 17.400000
0.047607 1.032959 0.117676 -0.020220 0.068110 0.009578 -11.100000 -32.099998 16.500000
0.054932 1.087158 0.125000 -0.021284 0.070239 0.022349 -10.200000 -33.000000 18.000000
-0.000977 0.665039 0.178223 -0.025541 0.062789 0.021284 -9.000000 -33.000000 16.200001
0.039307 1.017334 0.122314 -0.018092 0.094716 0.018092 -9.600000 -33.000000 18.000000
0.045654 0.948242 0.146973 -0.005321 0.092588 0.019156 -9.300000 -32.099998 17.100000
0.049805 1.056152 0.123047 -0.008514 0.094716 0.026606 -9.900000 -32.099998 18.299999
0.035645 0.907715 0.134766 -0.009578 0.086202 0.029798 -8.700000 -31.500000 17.700001
0.047607 0.978027 0.137451 -0.011706 0.084074 0.020220 -9.300000 -31.500000 16.500000
0.038330 0.948975 0.159912 -0.009578 0.091523 0.025541 -6.300000 -32.700001 17.100000
0.041992 0.981934 0.156250 -0.014899 0.069175 0.019156 -8.100000 -31.500000 14.700000
0.047607 0.972900 0.150879 -0.027670 0.074496 0.009578 -7.500000 -32.099998 17.700001
0.042969 0.971436 0.154541 -0.020220 0.062789 0.017028 -7.800000 -30.600000 18.000000
0.039307 0.965576 0.150146 -0.013835 0.045762 0.017028 -6.600000 -30.000000 17.400000
0.055420 1.020264 0.148682 -0.027670 0.040441 0.013835 -8.400000 -30.000000 16.799999
0.047119 1.038330 0.137695 -0.024477 0.051083 0.013835 -7.500000 -30.299999 18.299999
0.038574 0.957031 0.156006 -0.012771 0.043633 0.018092 -6.900000 -30.299999 17.700001
0.044434 1.034424 0.136719 -0.010642 0.039376 0.022349 -5.400000 -30.600000 18.000000
0.041260 1.015381 0.133545 -0.009578 0.038312 0.014899 -7.500000 -30.900000 18.900000
0.034912 0.977539 0.127441 -0.018092 0.044697 0.015963 -5.100000 -31.500000 17.100000
0.043457 1.035156 0.132812 -0.013835 0.056404 0.021284 -6.600000 -28.200001 19.200001
0.039062 0.921875 0.161865 -0.009578 0.060661 0.026606 -5.400000 -30.600000 16.799999
0.043213 0.954346 0.151367 -0.006385 0.051083 0.017028 -4.200000 -29.400000 18.000000
0.046631 0.950439 0.173096 -0.006385 0.055340 0.021284 -5.100000 -30.299999 18.299999
0.038086 1.028809 0.153809 -0.014899 0.050019 0.021284 -5.100000 -28.500000 18.900000
0.049316 0.964844 0.165527 -0.014899 0.058532 0.020220 -3.300000 -27.900000 18.299999
0.045898 0.915771 0.166260 -0.009578 0.070239 0.018092 -5.100000 -27.900000 17.700001
0.046387 0.979980 0.160645 -0.008514 0.080881 0.020220 -3.000000 -27.600000 18.000000
0.041260 0.984131 0.156494 -0.015963 0.063853 0.018092 -1.200000 -28.200001 18.600000
0.032227 0.936035 0.144531 -0.015963 0.061725 0.015963 -3.000000 -27.600000 19.200001
0.040039 0.914062 0.144531 -0.001064 0.058532 0.021284 -1.800000 -27.000000 19.200001
0.056641 1.267822 0.073242 -0.037248 0.071303 0.013835 -2.700000 -29.100000 19.500000
0.043701 1.036865 0.131836 -0.017028 0.065982 0.026606 -1.200000 -27.000000 21.000000
0.041748 0.950684 0.147705 -0.004257 0.059597 0.025541 -1.500000 -26.700001 20.700001
0.030029 0.948730 0.159912 -0.008514 0.062789 0.022349 0.000000 -26.400000 20.400000
0.043701 0.985596 0.154541 -0.015963 0.070239 0.020220 -2.100000 -27.299999 20.700001
0.036865 0.947510 0.189453 -0.004257 0.093652 0.019156 0.600000 -28.200001 22.200001
0.039551 0.984619 0.161621 -0.018092 0.104294 0.022349 -2.100000 -26.100000 21.299999
0.034912 0.958252 0.154297 -0.009578 0.105358 0.025541 2.100000 -27.299999 23.700001
0.042725 1.062500 0.140381 -0.139413 0.092588 -0.067046 0.000000 -26.400000 24.000000
0.063721 1.557861 0.027832 -0.013835 0.073431 0.031927 1.200000 -26.400000 24.600000
0.031250 1.011230 0.122803 -0.004257 0.027670 0.014899 1.500000 -27.299999 23.700001
0.043701 0.956055 0.144775 -0.006385 0.028734 0.022349 2.100000 -26.100000 24.900000
0.035889 0.997803 0.137207 -0.004257 0.037248 0.022349 3.000000 -27.600000 25.799999
0.029053 0.964844 0.138184 -0.010642 0.043633 0.023413 2.700000 -26.100000 26.100000
0.041504 0.993408 0.122314 -0.020220 0.045762 0.015963 2.700000 -27.299999 28.500000
0.045654 0.998291 0.149658 -0.011706 0.044697 0.024477 2.100000 -26.100000 28.500000
0.044922 1.012451 0.155273 -0.009578 0.054275 0.014899 3.600000 -27.600000 28.799999
0.044434 0.931885 0.188232 0.116000 0.058532 0.006385 3.300000 -26.700001 27.900000
0.034180 1.004150 0.148926 0.210716 0.031927 0.004257 4.200000 -28.200001 27.600000
0.036621 0.988770 0.130127 0.022349 0.023413 -0.010642 4.200000 -28.200001 30.600000
0.033447 0.975586 0.124756 -0.005321 0.063853 0.019156 4.500000 -29.100000 30.299999
0.036865 0.927734 0.139893 -0.017028 0.048954 0.017028 5.700000 -29.700001 31.500000
0.038818 1.016357 0.113281 0.000000 0.050019 0.019156 5.400000 -31.200001 31.799999
0.038574 0.903809 0.112793 -0.002128 0.048954 0.024477 5.400000 -31.200001 31.200001
0.034912 0.978027 0.082764 0.000000 0.050019 0.021284 8.100000 -31.500000 32.700001
0.031982 0.987305 0.088623 -0.011706 0.036184 0.017028 5.700000 -30.900000 33.900002
0.033447 1.008789 0.051758 -0.009578 0.045762 0.021284 7.200000 -31.799999 34.799999
0.031982 0.953125 0.045654 -0.012771 0.027670 0.020220 6.300000 -31.500000 32.700001
0.037842 0.986572 0.049072 -0.017028 0.031927 0.020220 5.700000 -31.500000 33.299999
0.039551 0.971680 0.144287 -0.010642 0.024477 0.020220 6.300000 -31.500000 33.900002
0.037842 0.983398 0.141602 -0.015963 0.023413 0.023413 5.700000 -30.299999 34.500000
0.040771 0.977783 0.135742 -0.009578 0.024477 0.018092 7.800000 -31.200001 34.200001
0.037598 0.977051 0.136719 -0.014899 0.023413 0.019156 5.400000 -30.000000 34.200001
0.036865 0.978760 0.141846 -0.012771 0.024477 0.021284 8.700000 -30.900000 35.099998
0.039062 0.981689 0.129150 -0.014899 0.024477 0.018092 5.400000 -33.000000 33.000000
0.033691 0.976562 0.133301 -0.012771 0.024477 0.018092 5.700000 -30.900000 33.299999
0.038574 0.980713 0.140137 -0.013835 0.021284 0.017028 5.100000 -32.099998 34.500000
0.036377 0.976074 0.129639 -0.012771 0.020220 0.014899 5.400000 -31.799999 33.599998
0.032471 0.980713 0.136963 -0.012771 0.022349 0.017028 6.900000 -31.500000 32.700001
0.029541 0.972168 0.139648 -0.017028 0.024477 0.018092 6.900000 -30.900000 33.299999
0.034424 0.975098 0.135986 -0.011706 0.023413 0.014899 6.000000 -31.799999 34.200001
0.035156 0.979492 0.131348 -0.010642 0.022349 0.019156 6.300000 -31.500000 33.299999
0.035156 0.976318 0.140137 -0.014899 0.025541 0.021284 6.300000 -31.500000 34.500000
0.034668 0.978271 0.134521 -0.013835 0.025541 0.018092 5.700000 -32.099998 33.900002
0.038330 0.979248 0.134033 -0.012771 0.026606 0.017028 5.700000 -32.099998 32.700001
0.032471 0.974854 0.140869 -0.011706 0.024477 0.017028 7.500000 -31.500000 33.299999
0.039062 0.979248 0.135010 -0.015963 0.022349 0.018092 6.600000 -31.200001 32.400002
0.040771 0.983643 0.135742 -0.012771 0.022349 0.018092 6.300000 -30.900000 33.900002
0.038086 0.983398 0.143311 -0.013835 0.023413 0.018092 6.600000 -33.599998 34.799999
0.036621 0.979492 0.138184 -0.015963 0.022349 0.017028 6.300000 -32.099998 32.099998
0.034424 0.975586 0.141846 -0.014899 0.022349 0.017028 6.000000 -31.799999 34.200001
0.035889 0.979004 0.130371 -0.012771 0.023413 0.019156 5.400000 -31.799999 34.200001
0.032959 0.981445 0.134521 -0.011706 0.024477 0.021284 7.800000 -32.400002 33.599998
0.031250 0.968994 0.143066 -0.013835 0.024477 0.018092 5.100000 -32.099998 35.099998
0.030762 0.977295 0.139893 -0.013835 0.023413 0.018092 7.500000 -30.900000 33.299999
0.041992 0.984131 0.141113 -0.013835 0.023413 0.017028 6.000000 -32.400002 34.200001
0.040039 0.974609 0.126953 -0.014899 0.022349 0.018092 5.700000 -30.299999 33.900002
0.037598 0.977051 0.125977 -0.012771 0.024477 0.019156 6.900000 -32.700001 34.500000
0.033936 0.979980 0.137207 -0.014899 0.024477 0.020220 5.700000 -32.099998 34.500000
0.039062 0.976562 0.134766 -0.015963 0.022349 0.019156 6.000000 -30.600000 33.599998
0.038086 0.978027 0.146973 -0.013835 0.023413 0.019156 7.200000 -31.200001 33.000000
0.034668 0.982666 0.135742 -0.010642 0.023413 0.018092 8.700000 -31.500000 33.299999
0.034424 0.976562 0.139160 -0.012771 0.019156 0.017028 6.000000 -33.000000 33.000000
0.034180 0.980225 0.135986 -0.014899 0.023413 0.017028 5.700000 -32.099998 34.500000
0.038574 0.976562 0.145264 -0.017028 0.024477 0.020220 6.000000 -30.000000 32.400002
0.030273 0.979248 0.139404 -0.013835 0.023413 0.019156 6.000000 -30.600000 34.200001
0.035400 0.973145 0.136230 -0.010642 0.023413 0.017028 6.600000 -31.799999 33.000000
0.037842 0.975830 0.135498 -0.014899 0.023413 0.018092 7.500000 -31.500000 33.299999
0.035889 0.975342 0.139160 -0.011706 0.022349 0.020220 5.700000 -32.700001 32.700001
0.032471 0.979248 0.140869 -0.011706 0.023413 0.018092 6.000000 -31.799999 34.200001
0.035645 0.979248 0.138184 -0.011706 0.024477 0.021284 7.800000 -31.200001 34.200001
0.039795 0.978516 0.148926 -0.011706 0.023413 0.021284 6.000000 -31.200001 33.599998
0.037109 0.977051 0.131592 -0.014899 0.022349 0.018092 6.000000 -33.000000 33.599998
0.035400 0.976807 0.138428 -0.018092 0.025541 0.019156 6.000000 -31.799999 31.799999
0.036865 0.973633 0.136719 -0.014899 0.022349 0.019156 5.400000 -33.000000 33.599998
0.038330 0.979736 0.139404 -0.012771 0.020220 0.017028 5.100000 -31.500000 33.900002
0.040039 0.977539 0.138916 -0.015963 0.021284 0.020220 6.000000 -29.400000 33.000000
0.036621 0.975586 0.133545 -0.014899 0.026606 0.019156 6.900000 -31.500000 33.900002
0.035889 0.980957 0.129395 -0.012771 0.025541 0.019156 5.400000 -31.200001 33.000000
0.031250 0.980957 0.136719 -0.013835 0.027670 0.017028 5.700000 -32.099998 33.299999
0.032959 0.983154 0.139893 -0.013835 0.024477 0.020220 6.900000 -32.099998 33.299999
0.039551 0.978027 0.139404 -0.017028 0.025541 0.019156 7.800000 -31.200001 33.599998
0.038086 0.980713 0.141113 -0.011706 0.023413 0.020220 5.400000 -30.600000 33.599998
0.033447 0.980713 0.134277 -0.014899 0.023413 0.019156 5.400000 -31.799999 33.000000
0.043213 0.972900 0.131104 -0.012771 0.023413 0.021284 5.400000 -31.799999 33.599998
0.033447 0.977783 0.143066 -0.013835 0.021284 0.019156 6.600000 -32.400002 33.000000
0.035400 0.983887 0.129395 -0.011706 0.025541 0.017028 6.300000 -31.500000 34.500000
0.037598 0.981201 0.138672 -0.015963 0.022349 0.017028 6.900000 -31.500000 34.500000
0.037598 0.976318 0.138672 -0.015963 0.022349 0.015963 5.700000 -32.700001 33.299999
0.033203 0.982666 0.141602 -0.011706 0.022349 0.020220 6.900000 -30.299999 32.700001
0.037842 0.978516 0.136963 -0.013835 0.022349 0.017028 7.500000 -30.299999 33.900002
0.033203 0.980957 0.135498 -0.011706 0.023413 0.020220 7.800000 -31.799999 33.599998
0.040283 0.979248 0.144531 -0.015963 0.024477 0.018092 5.400000 -31.799999 33.599998
0.035889 0.980957 0.135254 -0.015963 0.020220 0.018092 6.300000 -32.700001 33.900002
0.034668 0.985840 0.136719 -0.013835 0.021284 0.021284 7.500000 -32.099998 33.900002
0.033691 0.974121 0.144775 -0.015963 0.024477 0.019156 5.700000 -30.299999 32.700001
0.035400 0.979736 0.133789 -0.012771 0.025541 0.023413 5.100000 -32.099998 33.900002
0.034912 0.974854 0.130127 -0.011706 0.022349 0.015963 6.600000 -31.200001 33.000000
0.037109 0.979492 0.135254 -0.013835 0.025541 0.019156 7.500000 -32.099998 33.299999
0.035400 0.975586 0.135010 -0.014899 0.026606 0.019156 6.000000 -33.000000 33.599998
0.032959 0.975586 0.142090 -0.009578 0.024477 0.018092 6.000000 -31.200001 33.000000
0.030762 0.976074 0.139160 -0.012771 0.023413 0.021284 5.100000 -31.500000 33.900002
0.035645 0.978516 0.142822 -0.012771 0.022349 0.020220 5.700000 -29.700001 33.900002
0.039795 0.976318 0.133789 -0.015963 0.024477 0.021284 6.900000 -30.299999 33.900002
0.032471 0.978027 0.123779 -0.014899 0.023413 0.021284 6.000000 -31.799999 35.400002
0.032471 0.976807 0.130615 -0.012771 0.023413 0.020220 6.300000 -31.500000 32.099998
0.028809 0.979248 0.125244 -0.013835 0.024477 0.017028 6.300000 -32.099998 33.900002
0.042725 0.974121 0.124512 -0.014899 0.024477 0.019156 6.600000 -31.200001 33.000000
0.025635 0.968750 0.132324 -0.013835 0.024477 0.017028 6.600000 -31.799999 35.400002
0.042236 0.982422 0.138184 -0.012771 0.023413 0.018092 5.700000 -31.500000 33.900002
0.032715 0.978760 0.140869 -0.011706 0.021284 0.019156 6.900000 -30.900000 33.900002
0.040283 0.982178 0.144043 -0.013835 0.023413 0.022349 6.000000 -29.400000 32.400002
0.033691 0.975098 0.136719 -0.012771 0.024477 0.017028 5.700000 -33.299999 33.299999
0.040039 0.976074 0.130127 -0.012771 0.024477 0.020220 5.700000 -30.299999 32.700001
0.026855 0.980713 0.136230 -0.014899 0.022349 0.018092 6.300000 -32.700001 32.700001
0.031982 0.981689 0.139893 -0.010642 0.021284 0.019156 5.100000 -30.900000 33.299999
0.040039 0.980225 0.136719 -0.011706 0.024477 0.018092 5.400000 -30.600000 34.200001
0.033936 0.980713 0.129395 -0.014899 0.022349 0.022349 5.700000 -32.099998 32.700001
0.037109 0.973389 0.131836 -0.013835 0.023413 0.020220 7.200000 -33.000000 31.799999
0.031250 0.976562 0.143311 -0.008514 0.023413 0.015963 5.700000 -31.500000 35.099998
0.032959 0.980713 0.137207 -0.017028 0.025541 0.015963 6.300000 -31.500000 32.700001
0.040771 0.974854 0.136230 -0.009578 0.023413 0.019156 7.800000 -31.799999 33.000000
0.036377 0.974854 0.138672 -0.014899 0.023413 0.019156 7.800000 -31.200001 31.799999
0.035156 0.974854 0.133789 -0.013835 0.022349 0.019156 6.000000 -31.799999 33.599998
0.031494 0.977539 0.134766 -0.017028 0.023413 0.015963 6.900000 -29.700001 33.900002
0.035889 0.977783 0.132812 -0.014899 0.023413 0.020220 5.700000 -32.099998 32.099998
0.040283 0.978516 0.134277 -0.015963 0.022349 0.019156 4.800000 -30.600000 33.599998
0.034912 0.978760 0.135498 -0.014899 0.024477 0.022349 6.600000 -31.200001 34.200001
0.035645 0.984131 0.128906 -0.011706 0.023413 0.023413 6.900000 -31.500000 34.500000
0.033447 0.977295 0.138916 -0.012771 0.022349 0.020220 7.800000 -32.400002 33.000000
0.036133 0.977539 0.133057 -0.014899 0.025541 0.020220 5.700000 -31.500000 34.500000
0.037842 0.978271 0.138184 -0.014899 0.024477 0.020220 6.600000 -31.200001 33.000000
0.033691 0.983154 0.131592 -0.013835 0.023413 0.018092 5.400000 -31.799999 34.799999
0.038818 0.976074 0.134277 -0.012771 0.023413 0.017028 6.600000 -30.000000 32.400002
0.034180 0.982910 0.142090 -0.011706 0.022349 0.020220 6.000000 -31.799999 34.200001
0.028809 0.986328 0.132324 -0.017028 0.023413 0.017028 6.900000 -30.900000 32.700001
0.038330 0.976807 0.144775 -0.012771 0.023413 0.017028 6.600000 -31.799999 33.599998
0.035400 0.977051 0.138428 -0.009578 0.022349 0.018092 5.700000 -32.099998 32.700001
0.039795 0.977051 0.132324 -0.013835 0.023413 0.021284 5.400000 -31.799999 33.599998
0.033447 0.979492 0.141113 -0.011706 0.022349 0.020220 8.100000 -31.500000 33.299999
0.034180 0.968506 0.136719 -0.010642 0.025541 0.019156 6.300000 -31.500000 33.900002
0.036865 0.981934 0.138428 -0.009578 0.022349 0.017028 6.600000 -30.000000 33.599998
0.036865 0.973145 0.142578 -0.015963 0.022349 0.021284 6.600000 -31.799999 34.200001
0.039062 0.978271 0.130371 -0.013835 0.022349 0.019156 6.300000 -32.099998 35.700001
0.034180 0.978516 0.134766 -0.010642 0.024477 0.020220 7.200000 -31.200001 33.000000
0.033203 0.979736 0.147217 -0.015963 0.025541 0.019156 6.300000 -31.500000 33.299999
0.032227 0.977051 0.141602 -0.012771 0.025541 0.017028 5.400000 -31.799999 34.200001
0.036621 0.981445 0.151367 -0.013835 0.023413 0.022349 7.500000 -31.500000 33.299999
0.037109 0.974365 0.144531 -0.012771 0.023413 0.015963 5.400000 -31.200001 33.000000
0.038330 0.985352 0.130859 -0.012771 0.025541 0.018092 6.000000 -30.600000 34.799999
0.039795 0.980713 0.137695 -0.014899 0.024477 0.018092 6.600000 -32.400002 33.000000
0.033203 0.976318 0.131592 -0.015963 0.023413 0.015963 5.700000 -30.299999 33.299999
0.032471 0.980713 0.135254 -0.013835 0.024477 0.017028 7.200000 -31.200001 34.799999
0.034424 0.980713 0.144531 -0.017028 0.024477 0.018092 8.700000 -31.500000 32.099998
0.032227 0.977539 0.130127 -0.011706 0.022349 0.019156 6.900000 -33.299999 33.900002
0.037354 0.979736 0.133789 -0.015963 0.022349 0.019156 5.400000 -31.799999 33.000000
0.032471 0.972900 0.141357 -0.013835 0.023413 0.020220 6.600000 -31.799999 33.599998
0.036865 0.975586 0.139160 -0.011706 0.021284 0.020220 7.200000 -31.200001 33.599998
0.033691 0.981934 0.143311 -0.012771 0.025541 0.019156 6.000000 -30.000000 33.599998
0.040283 0.985107 0.131836 -0.010642 0.021284 0.019156 6.000000 -33.000000 34.200001
0.032959 0.976074 0.135986 -0.013835 0.024477 0.017028 7.200000 -31.799999 34.200001
0.034180 0.978027 0.131592 -0.015963 0.023413 0.019156 6.900000 -31.500000 33.299999
0.040771 0.979736 0.135986 -0.012771 0.024477 0.020220 6.300000 -31.500000 35.099998
0.031494 0.982422 0.138672 -0.012771 0.022349 0.019156 5.700000 -32.099998 34.500000
0.037354 0.980957 0.140381 -0.012771 0.023413 0.017028 4.800000 -31.799999 34.200001
0.039795 0.977539 0.138184 -0.011706 0.025541 0.021284 7.200000 -30.600000 33.000000
0.038086 0.969727 0.142822 -0.012771 0.027670 0.017028 6.900000 -32.700001 33.299999
0.041260 0.976562 0.144775 -0.014899 0.024477 0.019156 6.600000 -31.200001 33.599998
0.034424 0.972168 0.129883 -0.011706 0.022349 0.020220 5.400000 -30.600000 34.200001
0.038574 0.982910 0.136963 -0.013835 0.023413 0.018092 7.200000 -30.000000 33.000000
0.039795 0.977539 0.141113 -0.011706 0.022349 0.018092 7.500000 -30.900000 33.900002
0.030273 0.978027 0.134033 -0.017028 0.021284 0.017028 6.000000 -32.400002 33.599998
0.043457 0.979736 0.142822 -0.013835 0.026606 0.019156 5.400000 -32.400002 34.200001
0.039062 0.979736 0.130371 -0.014899 0.025541 0.023413 6.300000 -31.500000 35.700001
0.039551 0.980469 0.142822 -0.009578 0.023413 0.017028 6.600000 -31.799999 33.000000
0.039795 0.982422 0.136963 -0.013835 0.025541 0.019156 5.700000 -31.500000 32.099998
0.042969 0.976562 0.138672 -0.013835 0.023413 0.019156 5.700000 -29.700001 32.700001
0.041260 0.977295 0.140381 -0.011706 0.024477 0.020220 6.300000 -29.700001 35.099998
0.034668 0.982666 0.141602 -0.013835 0.021284 0.019156 5.100000 -31.500000 33.900002
0.038330 0.975830 0.140625 -0.012771 0.022349 0.020220 6.000000 -31.200001 34.200001
0.032715 0.980713 0.141113 -0.013835 0.024477 0.017028 7.800000 -31.799999 33.000000
0.038818 0.979492 0.145264 -0.013835 0.020220 0.019156 6.300000 -29.100000 32.700001
0.037598 0.978027 0.136963 -0.011706 0.022349 0.020220 5.700000 -32.700001 33.900002
0.035889 0.974854 0.139404 -0.009578 0.026606 0.018092 6.300000 -32.700001 33.900002
0.037354 0.980469 0.139893 -0.013835 0.021284 0.020220 6.900000 -29.700001 33.900002
0.038574 0.974365 0.136719 -0.015963 0.022349 0.017028 6.900000 -32.099998 31.500000
0.036621 0.980469 0.132324 -0.012771 0.025541 0.021284 6.900000 -30.900000 33.900002
0.034668 0.974609 0.129150 -0.012771 0.024477 0.022349 6.900000 -32.099998 32.700001
0.038330 0.979980 0.133301 -0.011706 0.024477 0.019156 6.300000 -30.900000 32.099998
0.041260 0.979736 0.131104 -0.013835 0.022349 0.015963 6.000000 -30.000000 34.200001
0.038330 0.978271 0.130859 -0.012771 0.026606 0.021284 5.400000 -31.799999 33.599998
0.036377 0.980225 0.131836 -0.015963 0.024477 0.017028 5.400000 -31.799999 33.599998
0.042725 0.975830 0.143311 -0.011706 0.023413 0.019156 7.800000 -32.400002 33.000000
0.039062 0.978271 0.138184 -0.018092 0.024477 0.021284 4.500000 -30.900000 33.299999
0.037109 0.977295 0.136963 -0.014899 0.025541 0.018092 6.900000 -32.099998 33.299999
0.037109 0.976562 0.144531 -0.012771 0.023413 0.012771 6.000000 -32.400002 34.200001
0.032715 0.979980 0.141357 -0.015963 0.021284 0.018092 7.500000 -32.099998 33.299999
0.034180 0.974854 0.134277 -0.013835 0.022349 0.018092 7.500000 -29.700001 32.700001
0.041504 0.979980 0.139160 -0.013835 0.023413 0.019156 5.700000 -30.900000 33.299999
0.034668 0.974365 0.139160 -0.014899 0.024477 0.020220 8.100000 -30.299999 32.700001
0.035889 0.978516 0.131836 -0.010642 0.022349 0.019156 6.300000 -30.900000 35.099998
0.035156 0.976318 0.143799 -0.013835 0.022349 0.018092 8.400000 -32.400002 34.200001
0.037842 0.978516 0.143311 -0.014899 0.023413 0.018092 6.000000 -31.799999 33.599998
