0.000000 0.000000 566108093652806305579008.000000 -0.013835 0.025541 0.022349 15.600000 -23.400000 69.000000
-0.029785 0.006104 -0.978271 -0.012771 0.022349 0.019156 15.600000 -24.000000 69.000000
-0.028076 0.012451 -0.968750 -0.017028 0.025541 0.021284 15.300000 -25.500000 69.900002
-0.023193 0.008301 -0.980957 -0.012771 0.027670 0.019156 14.400000 -24.600000 70.199997
-0.027100 0.008789 -0.969727 -0.015963 0.024477 0.019156 13.800000 -26.400000 70.199997
-0.029297 0.016602 -0.969727 -0.013835 0.027670 0.017028 15.000000 -25.799999 70.199997
-0.035400 0.008057 -0.965576 -0.012771 0.025541 0.018092 15.600000 -27.600000 70.199997
-0.024658 0.015381 -0.978516 -0.015963 0.025541 0.021284 13.800000 -26.400000 71.400002
-0.031006 0.013672 -0.971924 -0.011706 0.024477 0.020220 12.300000 -26.100000 70.500000
-0.027100 0.015137 -0.973633 -0.013835 0.024477 0.017028 12.600000 -27.600000 70.199997
-0.025879 0.010986 -0.978271 -0.013835 0.026606 0.018092 14.100000 -27.299999 70.500000
-0.026367 0.010010 -0.971924 -0.015963 0.023413 0.021284 12.300000 -26.700001 71.099998
-0.028320 0.014893 -0.972900 -0.013835 0.024477 0.019156 9.300000 -25.500000 71.099998
-0.027344 0.007324 -0.971436 -0.014899 0.023413 0.015963 11.100000 -26.700001 72.300003
-0.027588 0.010498 -0.976807 -0.009578 0.023413 0.021284 9.900000 -26.700001 71.699997
-0.025146 0.014893 -0.968994 -0.012771 0.025541 0.017028 9.900000 -27.299999 71.699997
-0.021240 0.015137 -0.974365 -0.013835 0.025541 0.019156 12.000000 -26.400000 73.800003
-0.018555 0.013184 -0.975830 -0.013835 0.026606 0.018092 9.000000 -26.400000 72.000000
-0.022705 0.014648 -0.973633 -0.015963 0.026606 0.018092 8.700000 -27.900000 72.300003
-0.029053 0.004639 -0.981689 -0.013835 0.025541 0.014899 8.700000 -28.500000 70.500000
-0.027832 0.009277 -0.978271 -0.011706 0.024477 0.020220 7.800000 -29.400000 69.599998
-0.027588 0.012207 -0.975342 -0.012771 0.024477 0.021284 6.000000 -31.200001 70.199997
-0.027100 0.008301 -0.986572 -0.011706 0.022349 0.020220 5.100000 -32.700001 67.500000
-0.029053 0.007812 -0.968506 -0.012771 0.024477 0.018092 5.100000 -34.500000 67.500000
-0.026367 0.013916 -0.977539 -0.012771 0.025541 0.019156 1.500000 -35.700001 65.699997
-0.023438 0.012207 -0.972168 -0.013835 0.025541 0.020220 1.800000 -36.000000 64.199997
-0.028320 0.011475 -0.972900 -0.010642 0.025541 0.021284 0.600000 -39.000000 62.400002
-0.029297 0.012451 -0.972168 -0.012771 0.025541 0.019156 -1.200000 -40.799999 58.799999
-0.032227 0.009766 -0.976562 -0.017028 0.025541 0.020220 -3.000000 -40.799999 56.400002
-0.029297 0.010254 -0.977295 -0.012771 0.024477 0.018092 -2.400000 -40.799999 52.799999
-0.028809 0.011475 -0.959717 -0.014899 0.022349 0.019156 -4.200000 -45.599998 51.000000
-0.033936 0.014404 -0.981689 -0.014899 0.025541 0.015963 -6.300000 -45.299999 49.500000
-0.026367 0.007812 -0.970703 -0.014899 0.023413 0.018092 -7.200000 -45.000000 44.400002
-0.026855 0.011230 -0.981689 -0.015963 0.023413 0.019156 -4.800000 -48.599998 43.200001
-0.025635 0.010254 -0.971191 -0.011706 0.025541 0.018092 -7.500000 -49.500000 41.700001
-0.022461 0.009033 -0.969971 -0.012771 0.026606 0.018092 -7.200000 -50.400002 40.200001
-0.022461 0.009521 -0.975098 -0.013835 0.025541 0.018092 -6.600000 -52.200001 36.599998
-0.025146 0.009766 -0.967285 -0.013835 0.027670 0.022349 -6.600000 -51.599998 33.599998
-0.028809 0.012451 -0.968750 -0.012771 0.025541 0.018092 -3.300000 -50.099998 31.500000
-0.025635 0.009766 -0.973877 -0.014899 0.023413 0.020220 0.000000 -44.400002 30.600000
-0.025635 0.010254 -0.978516 -0.011706 0.024477 0.014899 5.400000 -36.000000 28.799999
-0.024658 0.008057 -0.971191 -0.031927 0.024477 0.022349 12.000000 -28.799999 27.000000
-0.056641 0.041504 -1.269287 -0.042569 0.021284 0.017028 9.600000 -30.000000 27.600000
-0.006592 0.003418 -1.035645 -0.036184 0.024477 0.026606 8.400000 -34.799999 29.400000
-0.006836 0.028809 -1.018799 -0.005321 0.017028 0.030863 1.800000 -41.400002 30.600000
-0.034912 -0.002686 -0.923096 -0.022349 0.031927 0.007450 -4.200000 -51.000000 34.200001
-0.036865 0.011475 -1.033447 -0.007450 0.022349 0.012771 -7.500000 -54.299999 38.099998
-0.018066 0.005859 -0.927979 -0.014899 0.025541 0.023413 -8.700000 -57.299999 42.299999
-0.022461 0.031006 -0.986572 -0.017028 0.024477 0.023413 -11.400000 -58.200001 46.200001
-0.022705 0.010986 -0.970703 -0.013835 0.025541 0.015963 -9.300000 -60.299999 48.900002
-0.021484 0.010010 -0.991943 -0.012771 0.022349 0.015963 -8.100000 -58.500000 53.099998
-0.033447 0.003662 -0.977539 -0.007450 0.023413 0.019156 -6.600000 -58.799999 54.599998
-0.024902 0.015381 -0.969971 -0.017028 0.026606 0.019156 -6.000000 -57.599998 54.599998
-0.022949 0.008301 -0.971191 -0.010642 0.023413 0.019156 -3.300000 -53.099998 59.099998
-0.023438 0.013672 -0.977539 -0.013835 0.023413 0.020220 -3.600000 -53.400002 57.599998
-0.028320 0.007568 -0.974609 -0.013835 0.026606 0.018092 -3.300000 -52.500000 59.700001
-0.025146 0.015381 -0.971680 -0.012771 0.024477 0.019156 -1.500000 -50.700001 59.700001
-0.024658 0.007812 -0.975342 -0.015963 0.024477 0.019156 -0.900000 -50.700001 59.700001
-0.026611 0.018066 -0.967285 -0.011706 0.025541 0.020220 0.000000 -52.200001 59.400002
-0.026611 0.018799 -0.970947 -0.011706 0.023413 0.020220 -0.300000 -49.500000 61.500000
-0.025879 0.010742 -0.971680 -0.011706 0.024477 0.015963 -1.500000 -45.900002 63.299999
-0.029541 0.012939 -0.972900 -0.009578 0.026606 0.019156 -0.300000 -44.099998 63.900002
-0.029053 0.013428 -0.973145 -0.011706 0.021284 0.020220 -0.900000 -42.299999 62.700001
-0.028320 0.008301 -0.982178 -0.015963 0.023413 0.018092 0.000000 -37.799999 64.800003
-0.024414 0.014648 -0.968262 -0.010642 0.026606 0.019156 0.600000 -36.000000 65.400002
-0.028076 0.014404 -0.966064 -0.013835 0.026606 0.015963 1.500000 -33.299999 66.900002
-0.032227 0.015869 -0.972900 -0.012771 0.024477 0.020220 1.500000 -30.900000 66.300003
-0.031006 0.019043 -0.975586 -0.015963 0.021284 0.020220 2.700000 -30.900000 67.500000
-0.022705 0.014648 -0.969238 -0.014899 0.023413 0.021284 4.200000 -30.600000 65.400002
-0.030762 0.005127 -0.985840 -0.012771 0.025541 0.017028 5.400000 -30.000000 67.199997
-0.020508 0.007812 -0.966553 -0.011706 0.023413 0.019156 5.100000 -29.700001 69.300003
-0.033936 0.009521 -0.964844 -0.018092 0.025541 0.017028 6.600000 -27.000000 68.400002
-0.024902 0.011719 -0.972656 -0.013835 0.026606 0.017028 5.400000 -24.600000 69.599998
-0.020020 0.011719 -0.974365 -0.011706 0.028734 0.017028 6.900000 -24.900000 72.300003
-0.026855 0.008545 -0.971436 -0.012771 0.024477 0.020220 7.500000 -23.700001 71.099998
-0.024902 0.012207 -0.971191 -0.014899 0.025541 0.017028 7.800000 -23.400000 74.400002
-0.026611 0.008789 -0.983398 -0.014899 0.026606 0.017028 9.000000 -24.000000 75.599998
-0.021729 0.012451 -0.979980 -0.011706 0.025541 0.018092 8.100000 -24.299999 76.500000
-0.026123 0.008057 -0.975098 -0.017028 0.026606 0.017028 10.200000 -25.799999 75.599998
-0.029541 0.010254 -0.978516 -0.010642 0.023413 0.018092 9.600000 -24.600000 75.599998
-0.025391 0.011230 -0.976807 -0.014899 0.024477 0.018092 10.800000 -26.400000 74.400002
-0.031738 0.010498 -0.966309 -0.015963 0.024477 0.019156 8.400000 -26.400000 75.599998
-0.026611 0.009521 -0.976562 -0.011706 0.022349 0.017028 7.500000 -26.100000 75.900002
-0.022949 0.012695 -0.974854 -0.013835 0.024477 0.019156 7.800000 -27.000000 74.400002
-0.025635 0.011230 -0.970215 -0.010642 0.026606 0.017028 6.000000 -26.400000 74.400002
-0.031494 0.012207 -0.974365 -0.011706 0.026606 0.019156 5.100000 -29.100000 74.099998
-0.026123 0.016846 -0.971680 -0.014899 0.025541 0.018092 7.200000 -28.799999 75.000000
-0.026367 0.009521 -0.974365 -0.014899 0.026606 0.017028 4.200000 -31.200001 75.000000
-0.027100 0.006592 -0.974121 -0.011706 0.026606 0.019156 3.900000 -30.299999 73.500000
-0.022461 0.011475 -0.982666 -0.013835 0.023413 0.017028 1.500000 -31.500000 73.500000
-0.026855 0.010498 -0.973389 -0.013835 0.023413 0.019156 1.800000 -33.000000 74.400002
-0.030518 0.009521 -0.968506 -0.015963 0.024477 0.021284 1.800000 -34.799999 70.800003
-0.032715 0.013184 -0.972656 -0.014899 0.028734 0.017028 -1.500000 -35.099998 68.099998
-0.027588 0.009033 -0.977783 -0.012771 0.025541 0.019156 -3.900000 -36.900002 66.300003
-0.029053 0.014648 -0.970947 -0.015963 0.024477 0.015963 -4.200000 -39.000000 65.400002
-0.032471 0.007568 -0.980469 -0.012771 0.024477 0.014899 -6.300000 -39.299999 62.099998
-0.028809 0.010254 -0.975342 -0.011706 0.025541 0.019156 -6.600000 -42.000000 58.200001
-0.024902 0.014404 -0.975586 -0.014899 0.023413 0.019156 -9.900000 -41.700001 57.299999
-0.028809 0.007568 -0.974854 -0.015963 0.024477 0.020220 -11.700000 -41.700001 53.099998
-0.021973 0.014404 -0.974121 -0.017028 0.024477 0.018092 -12.300000 -39.900002 48.900002
-0.031982 0.008545 -0.971436 -0.017028 0.025541 0.017028 -13.800000 -39.000000 48.000000
-0.031250 0.013428 -0.976074 -0.014899 0.026606 0.018092 -13.800000 -39.599998 46.200001
-0.027588 0.008789 -0.977051 -0.012771 0.025541 0.018092 -16.500000 -39.900002 47.099998
-0.031738 0.009277 -0.970947 -0.015963 0.022349 0.017028 -16.799999 -40.799999 46.799999
-0.029297 0.009277 -0.975342 -0.013835 0.022349 0.019156 -15.900000 -42.900002 45.299999
-0.026123 0.006348 -0.983154 -0.012771 0.025541 0.020220 -16.500000 -42.900002 47.700001
-0.032227 0.013916 -0.976318 -0.013835 0.025541 0.021284 -17.700001 -44.099998 47.700001
-0.025635 0.011963 -0.972900 -0.011706 0.024477 0.019156 -18.000000 -43.799999 46.799999
-0.025879 0.007568 -0.971436 -0.011706 0.022349 0.018092 -21.600000 -46.200001 46.799999
-0.031494 0.011719 -0.972656 -0.011706 0.024477 0.018092 -21.000000 -45.000000 46.799999
-0.023926 0.005371 -0.968262 -0.015963 0.024477 0.018092 -24.299999 -47.099998 46.500000
-0.029053 0.015137 -0.969727 -0.012771 0.024477 0.019156 -26.400000 -46.799999 47.400002
-0.031982 0.013916 -0.973389 -0.012771 0.024477 0.020220 -27.000000 -49.200001 49.799999
-0.030273 0.018555 -0.976318 -0.014899 0.026606 0.019156 -26.700001 -52.500000 50.700001
-0.031982 0.010986 -0.977295 -0.013835 0.023413 0.019156 -27.900000 -53.099998 51.900002
-0.025879 0.011475 -0.975098 -0.011706 0.023413 0.021284 -27.900000 -54.900002 53.700001
-0.025879 0.009521 -0.967773 -0.014899 0.024477 0.019156 -28.200001 -54.599998 55.799999
-0.027588 0.007812 -0.985107 -0.015963 0.025541 0.018092 -31.500000 -56.700001 56.099998
-0.026367 0.013916 -0.971680 -0.013835 0.025541 0.021284 -34.200001 -56.400002 55.799999
-0.022705 0.013184 -0.976807 -0.011706 0.025541 0.020220 -34.799999 -54.599998 55.799999
-0.021240 0.014160 -0.975342 -0.014899 0.027670 0.018092 -38.400002 -53.400002 52.200001
-0.024170 0.010742 -0.974121 -0.013835 0.025541 0.019156 -39.299999 -48.299999 48.299999
-0.026123 0.011230 -0.960693 -0.011706 0.024477 0.017028 -38.400002 -44.400002 45.000000
0.019531 -0.525146 -0.468506 -0.062789 0.015963 -0.067046 -38.099998 -42.299999 43.500000
-0.099609 -0.100586 -0.803467 -0.021284 0.079817 0.019156 -35.099998 -42.900002 44.099998
-0.069824 0.095459 -1.060791 0.032991 -0.020220 0.012771 -33.599998 -48.599998 49.200001
0.000488 -0.054932 -0.921631 -0.023413 0.039376 -0.002128 -31.200001 -52.799999 53.400002
-0.038574 0.023193 -1.017822 0.011706 0.012771 0.034055 -28.500000 -56.099998 57.900002
-0.023438 0.029541 -0.969727 -0.022349 0.036184 0.009578 -23.700001 -59.099998 60.299999
-0.047607 -0.014404 -0.961914 -0.012771 0.025541 0.019156 -19.500000 -59.099998 63.900002
-0.016846 0.022217 -0.986816 -0.020220 0.025541 0.023413 -16.500000 -56.700001 65.099998
-0.024658 0.009033 -0.967529 -0.009578 0.022349 0.020220 -13.500000 -55.500000 65.699997
-0.024170 0.012451 -0.982178 -0.017028 0.028734 0.014899 -10.200000 -54.599998 65.400002
-0.028076 -0.000488 -0.973145 -0.007450 0.022349 0.021284 -7.200000 -51.599998 65.400002
-0.031738 0.008057 -0.985107 -0.015963 0.026606 0.018092 -5.700000 -48.299999 65.699997
-0.023926 0.006348 -0.974609 -0.012771 0.024477 0.022349 -5.100000 -46.500000 66.900002
-0.027832 0.013916 -0.975586 -0.015963 0.026606 0.022349 -3.000000 -41.400002 66.599998
-0.034180 0.012451 -0.975342 -0.015963 0.024477 0.018092 0.000000 -37.799999 67.800003
-0.030273 0.000732 -0.983154 -0.014899 0.021284 0.018092 1.500000 -36.900002 69.900002
-0.024414 0.005859 -0.976318 -0.012771 0.022349 0.020220 0.900000 -31.500000 69.900002
-0.028564 0.017334 -0.979736 -0.015963 0.026606 0.019156 3.600000 -30.000000 71.400002
-0.025635 0.018799 -0.974121 -0.012771 0.025541 0.019156 4.200000 -30.000000 72.599998
-0.027588 0.013672 -0.975586 -0.017028 0.022349 0.020220 3.000000 -29.400000 71.400002
-0.030518 0.013916 -0.975586 -0.014899 0.025541 0.015963 3.600000 -29.400000 73.199997
-0.030029 0.015381 -0.955322 -0.015963 0.026606 0.019156 6.300000 -27.900000 72.900002
-0.028076 0.015625 -0.976562 -0.014899 0.027670 0.019156 5.100000 -29.100000 72.900002
-0.033447 0.018311 -0.974121 -0.018092 0.023413 0.017028 4.800000 -28.799999 72.599998
-0.020752 0.008301 -0.980713 -0.015963 0.027670 0.014899 5.400000 -28.799999 72.000000
-0.022461 0.009766 -0.980225 -0.013835 0.022349 0.020220 5.400000 -28.200001 72.599998
-0.027588 0.008545 -0.965576 -0.013835 0.025541 0.018092 5.100000 -29.100000 72.900002
-0.024902 0.017334 -0.981689 -0.011706 0.024477 0.017028 5.400000 -28.200001 72.599998
-0.031250 0.011230 -0.965820 -0.012771 0.025541 0.019156 6.000000 -27.600000 72.599998
-0.024902 0.014893 -0.972656 -0.011706 0.022349 0.019156 6.900000 -27.900000 72.300003
-0.033447 0.014160 -0.976807 -0.015963 0.025541 0.019156 7.200000 -28.799999 72.599998
-0.029541 0.011475 -0.967773 -0.010642 0.024477 0.019156 7.500000 -27.900000 74.099998
-0.015869 0.014404 -0.971924 -0.013835 0.023413 0.020220 7.800000 -25.799999 72.000000
-0.025146 0.009277 -0.972168 -0.014899 0.024477 0.019156 10.500000 -26.700001 73.500000
-0.027832 0.010010 -0.971924 -0.010642 0.026606 0.019156 11.400000 -23.400000 74.400002
-0.024414 0.018555 -0.970703 -0.012771 0.026606 0.017028 12.000000 -24.000000 73.199997
-0.021240 0.009033 -0.973633 -0.012771 0.027670 0.023413 11.100000 -23.700001 72.900002
-0.026367 0.012207 -0.974609 -0.013835 0.027670 0.021284 13.500000 -23.700001 72.900002
-0.024170 0.008789 -0.967285 -0.014899 0.024477 0.020220 12.900000 -24.299999 73.500000
-0.026367 0.015869 -0.986084 -0.012771 0.026606 0.014899 12.000000 -23.400000 72.599998
-0.028564 0.013672 -0.979492 -0.014899 0.026606 0.018092 12.300000 -24.299999 74.099998
-0.034912 0.010010 -0.979980 -0.011706 0.025541 0.020220 15.300000 -24.299999 73.500000
-0.029053 0.009033 -0.971680 -0.011706 0.023413 0.018092 13.500000 -23.700001 74.099998
-0.033936 0.007568 -0.973389 -0.017028 0.029798 0.014899 15.000000 -25.200001 73.800003
-0.027100 0.009521 -0.969238 -0.012771 0.022349 0.020220 14.400000 -24.600000 72.599998
-0.027100 0.015381 -0.968994 -0.015963 0.023413 0.015963 13.500000 -26.100000 72.300003
-0.030029 0.008789 -0.970703 -0.014899 0.027670 0.014899 14.400000 -25.200001 73.800003
-0.027344 0.013916 -0.971436 -0.013835 0.025541 0.020220 12.000000 -23.400000 73.199997
-0.026367 0.008789 -0.976318 -0.011706 0.022349 0.021284 14.400000 -25.200001 72.000000
-0.030518 0.018066 -0.973389 -0.014899 0.023413 0.020220 13.800000 -24.600000 74.400002
-0.029053 0.004395 -0.977783 -0.012771 0.025541 0.020220 13.200000 -25.200001 72.599998
-0.025635 0.016602 -0.985107 -0.010642 0.028734 0.019156 15.000000 -24.600000 71.400002
-0.028809 0.013428 -0.975586 -0.011706 0.023413 0.019156 14.700000 -24.299999 73.500000
-0.026367 0.004395 -0.974609 -0.014899 0.026606 0.018092 14.100000 -25.500000 71.699997
-0.021973 0.008057 -0.973389 -0.012771 0.025541 0.015963 15.000000 -25.799999 72.000000
-0.025391 0.012451 -0.976318 -0.013835 0.023413 0.018092 13.800000 -24.600000 71.400002
-0.029785 0.018799 -0.971191 -0.013835 0.025541 0.018092 13.500000 -26.700001 72.900002
-0.026611 0.006348 -0.979248 -0.014899 0.027670 0.019156 13.500000 -25.500000 72.300003
-0.028809 0.016846 -0.977539 -0.014899 0.027670 0.020220 14.100000 -25.500000 72.900002
-0.030273 0.013184 -0.972900 -0.011706 0.022349 0.021284 14.400000 -26.400000 72.000000
-0.028809 0.014648 -0.963623 -0.014899 0.024477 0.015963 15.000000 -25.799999 72.599998
-0.029053 0.012939 -0.973877 -0.011706 0.022349 0.018092 13.800000 -24.600000 72.000000
-0.028076 0.012939 -0.961182 -0.015963 0.025541 0.018092 13.800000 -25.799999 72.599998
-0.020996 0.005859 -0.981445 -0.014899 0.028734 0.019156 13.200000 -27.000000 72.000000
-0.028809 0.009277 -0.972656 -0.008514 0.023413 0.014899 12.900000 -25.500000 71.099998
-0.024658 0.014404 -0.977539 -0.015963 0.024477 0.017028 13.500000 -26.100000 72.900002
-0.028809 0.010498 -0.982422 -0.017028 0.025541 0.019156 12.600000 -26.400000 72.000000
-0.030273 0.008301 -0.979004 -0.011706 0.026606 0.018092 9.000000 -26.400000 72.599998
-0.023438 0.013184 -0.975830 -0.014899 0.025541 0.017028 10.800000 -27.600000 73.800003
-0.032471 0.016113 -0.979980 -0.014899 0.024477 0.021284 8.700000 -26.700001 72.900002
-0.023193 0.008057 -0.977295 -0.011706 0.023413 0.020220 9.900000 -27.900000 73.500000
-0.023682 0.007812 -0.981201 -0.015963 0.025541 0.018092 8.700000 -27.900000 73.500000
-0.027832 0.011719 -0.974609 -0.013835 0.025541 0.019156 7.500000 -29.700001 75.300003
-0.033447 0.015137 -0.976562 -0.013835 0.022349 0.019156 6.900000 -31.500000 74.099998
-0.027588 0.009766 -0.966309 -0.012771 0.028734 0.022349 5.700000 -29.700001 74.699997
-0.029053 0.011475 -0.975342 -0.014899 0.025541 0.018092 6.900000 -32.700001 75.300003
-0.031250 0.010742 -0.969971 -0.010642 0.025541 0.018092 3.000000 -32.400002 75.599998
-0.024414 0.007568 -0.973633 -0.012771 0.025541 0.015963 5.100000 -32.700001 76.500000
-0.028564 0.007080 -0.976807 -0.015963 0.024477 0.019156 4.200000 -33.000000 76.800003
-0.029053 0.010986 -0.966797 -0.014899 0.025541 0.020220 1.500000 -32.700001 77.699997
-0.024414 0.014160 -0.978516 -0.015963 0.026606 0.018092 1.500000 -34.500000 77.099998
-0.031982 0.011475 -0.976318 -0.012771 0.025541 0.018092 0.000000 -33.000000 76.800003
-0.029785 0.014893 -0.971436 -0.013835 0.026606 0.015963 0.900000 -33.900002 78.900002
-0.030518 0.013672 -0.978027 -0.014899 0.026606 0.019156 0.000000 -34.200001 78.000000
-0.022461 0.008789 -0.972900 -0.015963 0.021284 0.014899 -0.600000 -34.200001 80.400002
-0.028809 0.008789 -0.971680 -0.010642 0.027670 0.018092 1.500000 -35.700001 79.500000
-0.022949 0.010010 -0.977051 -0.014899 0.022349 0.018092 0.000000 -34.799999 81.599998
-0.026367 0.009521 -0.976318 -0.013835 0.023413 0.022349 -0.300000 -34.500000 82.500000
-0.030518 0.014893 -0.971680 -0.014899 0.023413 0.021284 2.700000 -32.099998 82.500000
-0.029053 0.013428 -0.970703 -0.015963 0.025541 0.018092 -0.600000 -33.000000 83.400002
-0.022705 0.011719 -0.978516 -0.012771 0.024477 0.021284 -1.800000 -31.200001 84.599998
-0.025879 0.011719 -0.980225 -0.011706 0.022349 0.017028 -3.900000 -30.900000 87.300003
-0.023193 0.007568 -0.972900 -0.015963 0.025541 0.018092 -3.000000 -31.799999 87.000000
-0.027100 0.008789 -0.971191 -0.014899 0.026606 0.019156 -2.400000 -31.200001 87.599998
-0.029297 0.008545 -0.975586 -0.012771 0.026606 0.019156 -3.300000 -31.500000 88.500000
-0.023193 0.006104 -0.968262 -0.010642 0.022349 0.019156 -3.600000 -31.799999 88.800003
-0.027344 0.010986 -0.973389 -0.018092 0.024477 0.019156 -2.400000 -31.799999 88.199997
-0.021240 0.008545 -0.972900 -0.013835 0.027670 0.019156 -1.500000 -29.100000 87.300003
-0.028320 0.009521 -0.976807 -0.012771 0.027670 0.017028 -2.700000 -30.900000 87.900002
-0.028320 0.011719 -0.966064 -0.014899 0.023413 0.019156 -3.000000 -31.799999 90.000000
-0.030029 0.008301 -0.973145 -0.017028 0.024477 0.020220 -4.200000 -31.200001 90.000000
-0.029297 0.019531 -0.972412 -0.012771 0.025541 0.018092 -1.800000 -30.600000 89.400002
-0.026855 0.010986 -0.968750 -0.011706 0.024477 0.015963 -7.800000 -31.799999 92.400002
-0.023682 0.009521 -0.965576 -0.013835 0.027670 0.019156 -11.700000 -32.700001 94.500000
-0.025635 0.010498 -0.977051 -0.011706 0.027670 0.018092 -13.800000 -31.200001 95.400002
-0.030762 0.015381 -0.986572 -0.013835 0.025541 0.019156 -12.300000 -30.299999 93.900002
-0.022705 0.010986 -0.974854 -0.013835 0.023413 0.021284 -8.100000 -30.900000 92.699997
-0.026367 0.011475 -0.967529 -0.014899 0.027670 0.015963 -4.200000 -31.200001 90.599998
-0.027588 0.006836 -0.974854 -0.013835 0.024477 0.015963 -2.100000 -32.700001 88.500000
-0.034912 0.016846 -0.973145 -0.014899 0.026606 0.017028 -0.300000 -30.900000 89.699997
-0.031494 0.016357 -0.974854 -0.010642 0.023413 0.018092 -1.500000 -30.900000 89.099998
-0.023193 0.011719 -0.964600 -0.013835 0.024477 0.018092 -1.500000 -32.700001 89.699997
-0.025879 0.010742 -0.977051 -0.009578 0.027670 0.020220 -3.900000 -32.099998 91.500000
-0.026123 0.011475 -0.972900 -0.012771 0.024477 0.019156 -9.300000 -32.700001 94.500000
-0.021729 0.006348 -0.976562 -0.236258 0.012771 0.035119 -14.100000 -33.299999 95.699997
-0.063477 0.238281 -1.287109 0.032991 0.027670 -0.013835 -15.000000 -31.799999 97.199997
-0.084473 -0.016113 -0.953613 -0.006385 0.084074 0.018092 -12.300000 -32.099998 95.099998
-0.061768 0.078369 -0.876953 0.014899 0.028734 0.024477 -5.700000 -30.299999 93.300003
-0.037109 0.041260 -0.998535 -0.030863 0.034055 0.018092 -0.900000 -30.299999 89.699997
-0.031250 -0.009033 -0.949707 -0.017028 -0.008514 0.025541 3.300000 -32.099998 86.699997
-0.020752 0.001709 -1.005615 -0.019156 0.029798 0.012771 3.300000 -30.900000 85.500000
-0.040039 0.017578 -0.936523 -0.001064 0.029798 0.017028 5.400000 -31.200001 84.000000
-0.031006 -0.007812 -0.966553 -0.022349 0.015963 0.012771 5.400000 -32.400002 84.000000
-0.022705 0.005371 -0.992432 -0.012771 0.023413 0.019156 6.300000 -31.500000 84.900002
-0.051025 0.018066 -0.961914 -0.006385 0.026606 0.019156 5.100000 -31.500000 83.699997
-0.021240 0.018555 -0.976807 -0.019156 0.025541 0.023413 5.400000 -33.000000 84.599998
-0.023438 0.007812 -0.976562 -0.014899 0.017028 0.017028 6.000000 -33.000000 84.599998
-0.024902 0.004150 -0.985107 -0.013835 0.027670 0.018092 6.300000 -33.299999 84.300003
-0.026367 0.006592 -0.970215 -0.009578 0.029798 0.021284 5.700000 -31.500000 82.500000
-0.028076 0.015625 -0.978027 -0.012771 0.025541 0.022349 5.700000 -33.299999 84.300003
-0.031006 0.011475 -0.975098 -0.015963 0.021284 0.019156 5.100000 -31.500000 86.099998
-0.025146 0.001953 -0.968018 -0.012771 0.029798 0.018092 4.500000 -32.700001 84.300003
-0.028809 0.011719 -0.974609 -0.013835 0.024477 0.018092 5.400000 -31.799999 84.000000
-0.030029 0.011475 -0.968018 -0.012771 0.022349 0.021284 4.500000 -32.099998 83.699997
-0.024902 0.012207 -0.972900 -0.013835 0.026606 0.018092 6.600000 -33.599998 84.000000
-0.029297 0.014648 -0.972168 -0.012771 0.027670 0.015963 4.800000 -32.400002 84.599998
-0.030762 0.007568 -0.975586 -0.014899 0.024477 0.018092 5.700000 -33.299999 84.900002
-0.026367 0.006592 -0.979980 -0.012771 0.022349 0.014899 5.400000 -33.000000 84.000000
-0.029541 0.012939 -0.977783 -0.012771 0.026606 0.018092 5.100000 -33.299999 83.099998
-0.029053 0.011963 -0.979248 -0.012771 0.025541 0.014899 4.500000 -32.099998 81.900002
-0.027344 0.011475 -0.962158 -0.012771 0.023413 0.021284 4.500000 -30.900000 78.300003
-0.025635 0.007568 -0.973145 -0.013835 0.025541 0.019156 5.400000 -27.600000 75.599998
-0.028809 0.019287 -0.970703 -0.015963 0.024477 0.019156 4.200000 -27.000000 73.199997
-0.027832 0.007080 -0.974365 -0.011706 0.022349 0.017028 4.200000 -27.000000 72.599998
-0.021484 0.009277 -0.979492 -0.014899 0.028734 0.018092 4.200000 -26.400000 72.000000
-0.024170 0.012207 -0.968018 -0.014899 0.025541 0.014899 5.100000 -23.100000 72.900002
-0.026123 0.012451 -0.980713 -0.013835 0.024477 0.018092 4.800000 -22.799999 70.199997
-0.019775 0.010254 -0.968994 -0.010642 0.025541 0.019156 4.800000 -21.600000 71.400002
-0.029053 0.019531 -0.983154 -0.013835 0.024477 0.020220 3.300000 -19.500000 69.900002
-0.031006 0.013428 -0.982178 -0.014899 0.023413 0.020220 3.300000 -17.100000 69.300003
-0.025391 0.013672 -0.978271 -0.013835 0.024477 0.020220 3.000000 -12.000000 71.400002
-0.036621 0.010010 -0.968506 -0.015963 0.024477 0.019156 3.300000 -8.100000 73.500000
-0.029541 0.013428 -0.967041 -0.010642 0.027670 0.019156 5.400000 -8.400000 76.800003
-0.029785 0.011475 -0.970947 -0.010642 0.024477 0.018092 7.800000 -6.000000 78.000000
-0.024170 0.015381 -0.977051 -0.013835 0.025541 0.017028 8.700000 -5.100000 80.099998
-0.028809 0.013916 -0.974365 -0.015963 0.024477 0.020220 9.000000 -3.000000 82.199997
-0.032471 0.003906 -0.968018 -0.017028 0.023413 0.020220 9.300000 -0.300000 79.500000
-0.020996 0.009521 -0.973877 -0.014899 0.023413 0.019156 11.400000 0.600000 84.000000
-0.024170 0.010986 -0.971924 -0.013835 0.025541 0.020220 12.000000 2.400000 84.000000
-0.029297 0.013428 -0.966553 -0.010642 0.020220 0.018092 13.200000 5.400000 82.199997
-0.028809 0.010742 -0.967773 -0.019156 0.025541 0.015963 14.100000 5.100000 82.500000
-0.021973 0.014648 -0.979492 -0.009578 0.021284 0.019156 18.000000 7.800000 81.000000
-0.032471 0.008545 -0.968018 -0.009578 0.022349 0.020220 15.000000 9.600000 78.599998
-0.028076 0.014648 -0.965332 -0.017028 0.025541 0.021284 15.300000 5.700000 76.500000
-0.028809 0.008301 -0.970459 -0.012771 0.026606 0.020220 16.500000 6.300000 74.699997
-0.024902 0.015137 -0.974365 -0.011706 0.023413 0.013835 15.600000 3.600000 73.800003
-0.032471 0.006104 -0.971680 -0.014899 0.022349 0.019156 15.900000 4.500000 74.699997
-0.032227 0.005615 -0.974609 -0.012771 0.023413 0.019156 16.200001 4.800000 76.800003
-0.030518 0.004150 -0.978760 -0.014899 0.026606 0.015963 16.799999 5.400000 76.199997
-0.024414 0.010254 -0.981201 -0.009578 0.022349 0.019156 15.900000 4.500000 76.500000
-0.022461 0.009033 -0.976318 -0.012771 0.025541 0.018092 15.000000 6.000000 77.400002
-0.034912 0.013916 -0.976562 -0.014899 0.026606 0.018092 15.900000 3.900000 77.699997
-0.024902 0.012207 -0.968750 -0.014899 0.022349 0.020220 15.600000 3.000000 76.800003
-0.027100 0.012451 -0.972412 -0.011706 0.026606 0.017028 13.800000 1.800000 79.199997
-0.021484 0.014160 -0.975830 -0.014899 0.023413 0.021284 11.400000 2.400000 79.800003
-0.028564 0.010498 -0.968506 -0.012771 0.024477 0.021284 12.300000 1.500000 79.500000
-0.026611 0.011475 -0.970459 -0.013835 0.024477 0.018092 11.400000 -1.800000 78.000000
