0.000000 0.000000 36182799015596785664.000000 -0.015963 0.023413 0.020220 12.300000 26.100000 -3.900000
0.016113 0.018066 1.020996 -0.014899 0.026606 0.017028 13.500000 26.700001 -5.100000
0.015137 0.018066 1.030762 -0.019156 0.018092 0.015963 11.400000 25.200001 -3.600000
0.011230 0.026123 1.018311 -0.014899 0.021284 0.020220 12.000000 25.799999 -3.600000
0.017822 0.020752 1.021484 -0.013835 0.023413 0.021284 11.700000 26.700001 -3.900000
0.015625 0.015869 1.015381 -0.013835 0.024477 0.020220 12.000000 26.400000 -4.200000
0.020264 0.023438 1.025391 -0.014899 0.023413 0.015963 12.300000 25.500000 -4.500000
0.018311 0.023193 1.017578 -0.013835 0.023413 0.020220 10.800000 25.799999 -3.600000
0.012207 0.016113 1.027100 -0.015963 0.020220 0.014899 10.800000 25.200001 -3.600000
0.014893 0.017334 1.024902 -0.012771 0.022349 0.020220 12.900000 24.900000 -3.900000
0.012695 0.022949 1.032715 -0.013835 0.019156 0.019156 12.300000 26.100000 -3.300000
0.013428 0.021973 1.017334 -0.009578 0.022349 0.014899 13.500000 26.100000 -3.300000
0.014893 0.015137 1.018311 -0.011706 0.024477 0.020220 12.300000 24.900000 -3.900000
0.017090 0.019043 1.022705 -0.010642 0.022349 0.020220 12.600000 25.200001 -4.800000
0.010742 0.026123 1.027100 -0.023413 0.022349 0.018092 12.600000 26.400000 -4.200000
0.016846 0.018066 1.027100 -0.008514 0.022349 0.018092 12.600000 26.400000 -4.200000
0.013916 0.020508 1.023438 -0.019156 0.021284 0.017028 12.600000 25.200001 -4.200000
0.019287 0.021729 1.031006 -0.002128 0.022349 0.015963 13.200000 25.799999 -4.800000
0.010742 0.027100 1.032715 -0.010642 0.022349 0.021284 11.700000 24.900000 -3.900000
0.008789 -0.016357 1.028564 -0.008514 0.023413 0.080881 13.200000 25.799999 -3.600000
0.007812 0.002197 1.023438 0.017028 0.030863 0.170276 12.600000 26.400000 -4.200000
0.028564 0.046143 1.031006 0.012771 0.024477 0.098973 12.900000 24.900000 -5.100000
0.014893 0.033447 1.025146 -0.010642 0.023413 0.064918 12.300000 25.500000 -3.900000
0.016357 0.027100 1.030029 0.004257 0.023413 0.031927 13.800000 24.600000 -5.400000
0.015625 0.033203 1.022949 -0.056404 0.019156 0.020220 12.000000 26.400000 -3.600000
0.012207 0.020264 1.021729 -0.038312 0.018092 0.017028 13.800000 27.600000 -3.600000
0.017578 0.010498 1.024658 -0.003193 0.025541 0.017028 13.200000 26.400000 -4.800000
0.020020 0.024658 1.011719 -0.007450 0.022349 0.014899 14.100000 26.700001 -5.100000
0.017334 0.027344 1.025879 -0.028734 0.021284 0.018092 12.300000 24.900000 -3.900000
0.015625 0.023193 1.024902 -0.045762 0.019156 0.019156 13.200000 25.799999 -3.600000
0.019287 0.017578 1.024902 -0.030863 0.021284 0.012771 12.300000 24.900000 -5.100000
0.009766 0.022217 1.024658 -0.037248 0.021284 0.015963 13.500000 24.299999 -5.100000
0.019287 0.016846 1.031738 -0.029798 0.018092 0.017028 12.900000 26.700001 -5.700000
0.015625 0.017578 1.014648 -0.019156 0.019156 0.019156 12.900000 25.500000 -3.300000
0.011230 0.027588 1.015381 -0.040441 0.018092 0.021284 13.500000 24.299999 -3.300000
0.016357 0.016846 1.021484 -0.052147 0.017028 0.019156 12.900000 26.100000 -3.900000
0.030029 -0.019775 1.089844 0.004257 0.021284 0.015963 13.500000 25.500000 -3.300000
0.010254 0.012207 1.017090 -0.024477 0.023413 0.017028 12.300000 27.299999 -3.300000
0.017822 0.013672 1.024414 -0.018092 0.024477 0.020220 12.300000 27.900000 -3.900000
0.011230 0.020264 1.024902 -0.017028 0.025541 0.018092 14.700000 27.299999 -3.900000
0.016357 0.017822 1.022461 -0.018092 0.024477 0.020220 13.500000 24.900000 -6.300000
-0.019043 0.026123 1.032715 -0.020220 0.022349 0.034055 12.900000 26.100000 -3.300000
0.017090 0.012695 1.050293 -0.029798 0.024477 0.009578 14.700000 24.900000 -5.100000
0.008057 0.007324 1.016113 -0.020220 0.023413 0.006385 11.400000 26.400000 -4.800000
0.009033 0.001953 1.037354 -0.013835 0.024477 -0.007450 12.600000 24.600000 -4.800000
0.004639 0.015381 1.011230 -0.009578 0.023413 -0.018092 13.500000 25.500000 -4.500000
0.025146 0.021973 1.027344 -0.019156 0.026606 -0.022349 12.600000 24.000000 -4.800000
0.005371 0.018066 1.038574 -0.010642 0.022349 -0.019156 13.200000 24.000000 -1.800000
0.009766 0.005615 1.021240 -0.005321 0.020220 0.004257 14.100000 25.500000 -3.300000
0.005371 0.006836 1.015869 -0.003193 0.025541 0.032991 12.900000 27.299999 -4.500000
0.018311 0.034424 1.007324 -0.014899 0.024477 0.022349 12.900000 26.100000 -3.300000
0.000244 0.019043 1.025391 -0.005321 0.028734 0.024477 11.700000 26.700001 -4.500000
0.021484 0.012695 1.000488 -0.020220 0.022349 0.021284 12.000000 26.400000 -4.800000
0.014160 0.020020 1.026367 -0.035119 0.015963 0.005321 12.600000 25.200001 -4.200000
0.003906 0.022705 1.019775 0.004257 0.024477 -0.001064 12.900000 24.900000 -3.300000
0.010010 0.001953 1.025146 -0.017028 0.021284 0.011706 14.400000 25.799999 -5.400000
0.017090 0.010498 1.028320 -0.023413 0.022349 0.020220 12.000000 27.000000 -3.600000
0.020508 0.042969 0.999268 -0.017028 0.021284 -0.004257 12.600000 25.200001 -4.200000
0.017822 -0.000488 1.020996 -0.024477 0.022349 0.008514 13.200000 25.799999 -3.600000
0.030029 0.022217 1.014648 -0.011706 0.025541 0.001064 12.300000 23.700001 -5.100000
0.026123 0.014893 1.030029 -0.018092 0.020220 0.001064 11.400000 25.200001 -4.200000
0.021484 0.028809 1.022949 -0.014899 0.023413 -0.015963 12.300000 25.500000 -3.900000
0.018311 0.009766 1.022461 -0.020220 0.022349 -0.025541 11.700000 24.900000 -4.500000
0.025879 0.003662 1.028564 -0.015963 0.023413 -0.011706 12.300000 26.100000 -3.300000
0.024658 0.011963 1.030762 -0.020220 0.021284 0.003193 14.100000 24.900000 -3.900000
0.018799 0.019531 1.044434 -0.018092 0.021284 0.003193 14.400000 25.799999 -4.800000
0.006836 0.008301 1.025391 -0.015963 0.024477 0.006385 11.700000 26.700001 -3.900000
0.021729 0.006836 1.039551 -0.013835 0.023413 0.019156 12.600000 26.400000 -4.800000
0.010742 0.013184 1.015869 -0.022349 0.021284 0.017028 12.900000 25.500000 -3.900000
-0.004395 0.039307 1.022949 -0.003193 0.027670 0.015963 12.300000 26.100000 -4.500000
0.011230 0.008057 1.004639 -0.011706 0.024477 0.006385 12.300000 26.700001 -4.500000
0.004150 0.003906 1.037354 -0.022349 0.022349 0.009578 12.000000 25.200001 -4.200000
0.002197 0.016846 1.029785 -0.009578 0.025541 -0.014899 12.600000 25.799999 -3.600000
0.010254 0.018311 1.022217 -0.023413 0.019156 -0.020220 12.600000 26.400000 -3.600000
0.008057 0.007324 0.999023 -0.046826 0.019156 0.005321 12.300000 25.500000 -4.500000
0.019287 0.010986 1.031006 -0.012771 0.027670 0.023413 13.200000 24.600000 -4.800000
0.007324 0.020508 1.003418 0.013835 0.026606 0.020220 13.500000 26.100000 -4.500000
0.036865 0.010010 1.030518 0.009578 0.026606 0.024477 12.300000 26.100000 -5.100000
0.002441 0.020996 1.030762 0.003193 0.024477 0.020220 12.300000 26.100000 -3.900000
0.020752 0.022461 1.008057 -0.025541 0.021284 0.006385 12.300000 27.299999 -3.900000
0.009033 0.016357 1.031982 -0.010642 0.023413 -0.001064 12.600000 25.799999 -4.800000
-0.007568 0.017090 1.015137 -0.010642 0.022349 0.005321 15.000000 25.200001 -4.800000
0.024170 0.003906 1.043701 -0.015963 0.022349 0.022349 12.000000 26.400000 -4.800000
0.010742 0.022705 1.017822 0.005321 0.024477 0.025541 13.500000 25.500000 -3.900000
0.024170 0.034180 1.027588 -0.023413 0.021284 0.014899 10.800000 25.799999 -3.600000
0.006348 0.026611 1.030762 -0.004257 0.023413 0.008514 11.400000 25.200001 -3.600000
0.018311 0.017090 1.032959 -0.021284 0.018092 0.015963 12.900000 25.500000 -6.300000
0.006592 0.028320 1.000000 -0.018092 0.026606 0.011706 14.700000 26.100000 -4.500000
0.002441 0.024658 0.997803 -0.006385 0.025541 0.012771 11.700000 27.299999 -4.500000
0.004639 0.032715 0.973877 -0.008514 0.026606 0.019156 12.300000 25.500000 -4.500000
0.004395 0.015869 0.996582 -0.014899 0.022349 0.007450 12.300000 24.299999 -3.900000
0.014648 0.031982 1.031494 -0.002128 0.024477 -0.001064 11.700000 24.900000 -4.500000
0.019043 0.038818 1.006592 -0.020220 0.025541 -0.028734 12.300000 26.100000 -4.500000
0.039062 0.013916 1.022705 -0.019156 0.024477 -0.003193 12.000000 26.400000 -3.600000
0.008545 0.024658 0.987793 -0.012771 0.026606 0.001064 11.100000 27.299999 -5.100000
0.022705 0.007080 1.051758 -0.032991 0.025541 0.001064 12.900000 26.100000 -4.500000
0.031494 0.006104 1.003662 -0.018092 0.027670 0.025541 12.300000 24.900000 -4.500000
0.004395 0.016357 1.006592 -0.003193 0.027670 0.022349 11.400000 24.000000 -3.600000
0.020264 0.021729 1.009033 -0.013835 0.023413 -0.009578 12.900000 26.100000 -4.500000
0.014893 0.011230 1.016357 -0.020220 0.025541 0.007450 12.600000 26.400000 -3.600000
0.013184 0.023438 1.002197 -0.019156 0.025541 -0.004257 12.000000 24.600000 -4.200000
0.002930 0.038086 0.988770 -0.003193 0.025541 -0.007450 11.700000 26.100000 -4.500000
0.012451 0.007324 1.024170 -0.022349 0.024477 -0.007450 11.700000 26.700001 -3.900000
0.011719 0.007568 1.008057 -0.009578 0.021284 0.013835 12.600000 27.600000 -3.600000
0.003906 0.026855 1.034180 -0.019156 0.020220 0.028734 11.100000 23.700001 -4.500000
0.023193 0.008545 1.001709 -0.006385 0.023413 0.025541 10.800000 24.600000 -4.800000
0.030273 0.014404 1.009766 -0.024477 0.021284 0.022349 12.900000 26.700001 -3.900000
0.010010 0.024658 1.028564 -0.027670 0.023413 0.019156 12.600000 26.400000 -3.600000
0.007812 0.016113 1.020264 -0.022349 0.025541 0.026606 11.700000 26.100000 -4.500000
0.021973 0.008789 1.031494 -0.017028 0.021284 0.037248 12.600000 26.400000 -3.600000
0.012695 0.017578 1.020020 -0.021284 0.024477 0.040441 12.600000 26.400000 -5.400000
0.022461 0.023926 1.019043 -0.015963 0.024477 0.025541 12.900000 24.900000 -5.700000
0.017822 0.012451 1.010986 -0.019156 0.023413 0.029798 13.200000 26.400000 -4.800000
0.014648 0.008545 1.026611 -0.009578 0.020220 0.034055 12.900000 26.100000 -5.100000
0.022461 0.008301 1.021240 -0.014899 0.022349 0.019156 11.700000 26.100000 -5.100000
0.015625 0.013672 1.028320 -0.015963 0.020220 0.017028 13.200000 25.799999 -4.200000
0.013916 0.012207 1.024414 -0.012771 0.021284 0.019156 12.000000 25.799999 -4.800000
0.010498 0.017334 1.018066 -0.002128 0.021284 0.018092 12.000000 25.799999 -4.200000
0.010498 0.030762 1.023438 -0.017028 0.022349 -0.002128 12.300000 24.299999 -4.500000
0.012695 0.020264 1.023926 0.027670 0.028734 0.015963 13.200000 25.200001 -6.000000
0.009033 0.029785 1.016602 -0.025541 0.023413 0.020220 11.700000 27.900000 -4.500000
0.011475 0.014893 1.021484 -0.010642 0.021284 0.017028 12.300000 26.700001 -5.100000
0.011230 0.010498 1.020752 -0.011706 0.024477 0.019156 12.600000 24.000000 -4.200000
0.010498 0.022217 1.013916 -0.022349 0.023413 0.021284 12.000000 26.400000 -3.600000
0.014893 0.006348 1.026611 -0.009578 0.023413 0.020220 12.300000 26.100000 -3.300000
0.017334 0.020752 1.019043 -0.024477 0.023413 0.022349 11.400000 28.799999 -5.400000
0.010742 0.018066 1.020020 -0.011706 0.021284 0.018092 12.000000 26.400000 -4.200000
0.014404 0.014648 1.017578 -0.009578 0.022349 0.020220 13.200000 25.799999 -4.800000
0.010498 0.023193 1.032715 -0.017028 0.024477 0.015963 12.600000 27.000000 -4.800000
0.010010 0.016113 1.023193 -0.013835 0.020220 0.020220 13.800000 26.400000 -4.200000
0.013672 0.024658 1.022461 -0.018092 0.023413 0.020220 11.700000 25.500000 -4.500000
0.012207 0.018799 1.026855 -0.018092 0.023413 0.019156 11.700000 26.700001 -5.100000
0.013428 0.011719 1.025879 -0.012771 0.022349 0.021284 13.200000 25.799999 -4.200000
0.010498 0.022217 1.025391 -0.013835 0.025541 0.018092 13.200000 24.000000 -4.800000
0.014893 0.022949 1.018066 -0.009578 0.024477 0.017028 10.200000 26.400000 -4.800000
0.010254 0.017334 1.019775 -0.014899 0.020220 0.019156 13.800000 25.799999 -4.800000
0.008789 0.022217 1.028320 -0.019156 0.023413 0.017028 13.200000 27.000000 -4.200000
0.012207 0.020020 1.022705 -0.013835 0.021284 0.020220 13.200000 24.000000 -4.200000
0.015137 0.014893 1.020996 -0.017028 0.023413 0.017028 13.500000 26.700001 -5.100000
0.007324 0.015137 1.023193 -0.010642 0.024477 0.018092 14.400000 28.200001 -4.200000
0.013184 0.017578 1.022949 -0.014899 0.023413 0.020220 12.300000 26.100000 -3.900000
0.012939 0.019531 1.021484 -0.012771 0.022349 0.018092 10.800000 26.400000 -3.600000
0.012695 0.016846 1.024170 -0.010642 0.022349 0.018092 13.500000 26.700001 -5.100000
0.016602 0.016602 1.017822 -0.015963 0.023413 0.014899 12.300000 26.100000 -3.900000
0.008789 0.014648 1.013916 -0.014899 0.018092 0.018092 10.800000 26.400000 -3.600000
0.008789 0.018555 1.019043 -0.017028 0.021284 0.018092 12.000000 25.799999 -5.400000
0.010010 0.015625 1.013428 -0.018092 0.023413 0.020220 13.200000 24.000000 -4.800000
0.009033 0.015869 1.017090 -0.014899 0.023413 0.019156 12.000000 24.000000 -2.400000
0.007812 0.017578 1.018555 -0.018092 0.022349 0.015963 11.700000 26.700001 -3.900000
0.010742 0.014648 1.026855 -0.017028 0.022349 0.020220 11.400000 27.600000 -4.200000
0.014160 0.018799 1.017334 -0.017028 0.023413 0.020220 11.700000 24.900000 -3.900000
0.010254 0.018311 1.026855 -0.018092 0.022349 0.015963 14.100000 24.900000 -3.300000
0.009766 0.016113 1.014160 -0.015963 0.023413 0.017028 12.000000 25.799999 -4.200000
0.008789 0.014404 1.024414 -0.012771 0.021284 0.017028 12.600000 25.799999 -5.400000
0.013184 0.017578 1.023682 -0.012771 0.023413 0.020220 12.600000 25.799999 -3.600000
0.013184 0.014160 1.020996 -0.014899 0.023413 0.019156 12.300000 26.100000 -4.500000
0.006592 0.015869 1.023438 -0.017028 0.021284 0.019156 12.600000 24.600000 -4.200000
0.010986 0.019043 1.023438 -0.015963 0.023413 0.018092 12.600000 25.799999 -3.600000
0.013672 0.020508 1.021973 -0.014899 0.020220 0.014899 12.000000 26.400000 -5.400000
0.003662 0.022705 1.024170 -0.015963 0.022349 0.015963 11.700000 24.900000 -3.300000
0.015625 0.017822 1.025146 -0.015963 0.024477 0.021284 12.300000 24.299999 -3.300000
0.005615 0.016846 1.028564 -0.014899 0.022349 0.018092 10.800000 27.000000 -4.200000
0.014648 0.023193 1.013916 -0.017028 0.022349 0.014899 12.300000 24.900000 -3.900000
0.005859 0.021484 1.024902 -0.017028 0.024477 0.020220 12.600000 25.799999 -3.000000
0.015137 0.015869 1.024414 -0.014899 0.022349 0.020220 14.100000 25.500000 -3.300000
0.013672 0.018799 1.026123 -0.015963 0.022349 0.017028 12.300000 26.100000 -4.500000
0.009521 0.022217 1.009277 -0.017028 0.022349 0.019156 12.600000 26.400000 -4.800000
0.015381 0.019043 1.021973 -0.017028 0.024477 0.019156 12.300000 27.299999 -3.300000
0.015381 0.021973 1.025879 -0.015963 0.023413 0.019156 12.000000 26.400000 -4.800000
0.008789 0.028564 1.019043 -0.018092 0.022349 0.015963 11.700000 25.500000 -3.300000
0.015869 0.016357 1.017822 -0.012771 0.023413 0.019156 12.900000 26.100000 -5.100000
0.008789 0.020508 1.026367 -0.017028 0.021284 0.020220 11.400000 24.600000 -3.000000
0.008545 0.013184 1.028809 -0.021284 0.024477 0.019156 11.100000 26.700001 -5.700000
0.010010 0.020020 1.019043 -0.014899 0.020220 0.020220 11.100000 26.100000 -4.500000
0.013672 0.017090 1.018799 -0.012771 0.022349 0.019156 12.300000 26.100000 -5.100000
0.015625 0.013672 1.012939 -0.013835 0.021284 0.019156 12.000000 26.400000 -2.400000
0.010742 0.027588 1.019775 -0.009578 0.022349 0.018092 12.300000 26.700001 -5.100000
0.010986 0.016602 1.026367 -0.013835 0.025541 0.017028 12.000000 25.799999 -3.600000
0.013916 0.017334 1.014893 -0.014899 0.023413 0.017028 12.000000 25.799999 -3.600000
0.010010 0.017578 1.014648 -0.013835 0.021284 0.015963 11.400000 25.200001 -3.600000
0.013916 0.018311 1.016602 -0.017028 0.025541 0.017028 11.700000 26.100000 -3.900000
0.010498 0.018066 1.017334 -0.017028 0.024477 0.019156 13.500000 24.900000 -5.700000
0.011230 0.018311 1.023926 -0.014899 0.023413 0.018092 12.300000 26.100000 -5.100000
0.020264 0.016357 1.022949 -0.017028 0.019156 0.018092 11.700000 24.900000 -5.100000
0.015625 0.016602 1.024414 -0.018092 0.021284 0.019156 12.900000 24.299999 -4.500000
0.013916 0.018555 1.024658 -0.011706 0.024477 0.015963 12.900000 25.500000 -4.500000
0.015625 0.013184 1.029297 -0.015963 0.025541 0.020220 11.100000 26.700001 -2.700000
0.010010 0.019775 1.025879 -0.015963 0.022349 0.018092 12.600000 26.400000 -4.200000
0.018066 0.019287 1.015137 -0.011706 0.021284 0.020220 12.000000 25.200001 -4.200000
0.009521 0.017334 1.023682 -0.015963 0.024477 0.019156 11.700000 24.900000 -4.500000
0.008301 0.019531 1.022461 -0.014899 0.021284 0.019156 11.400000 27.000000 -6.600000
0.017090 0.017334 1.008789 -0.017028 0.022349 0.021284 11.400000 27.000000 -5.400000
0.016357 0.014404 1.019043 -0.018092 0.023413 0.019156 11.400000 27.000000 -4.200000
0.011230 0.020508 1.020996 -0.020220 0.020220 0.021284 12.300000 25.500000 -5.100000
0.011719 0.012939 1.028809 -0.014899 0.021284 0.018092 12.600000 25.799999 -4.800000
0.013916 0.006104 1.018555 -0.014899 0.021284 0.019156 13.200000 25.799999 -6.000000
0.014404 0.009277 1.023193 -0.012771 0.022349 0.020220 12.000000 25.200001 -4.800000
0.011230 0.015625 1.020020 -0.015963 0.021284 0.017028 12.600000 25.799999 -4.800000
0.014648 0.020996 1.031006 -0.011706 0.027670 0.017028 11.700000 26.700001 -4.500000
0.011963 0.023682 1.020508 -0.017028 0.021284 0.018092 11.400000 26.400000 -3.600000
0.015625 0.017578 1.023438 -0.014899 0.023413 0.018092 11.700000 24.900000 -4.500000
0.006592 0.017334 1.013184 -0.015963 0.021284 0.019156 12.300000 25.500000 -3.900000
0.010498 0.019531 1.022217 -0.013835 0.023413 0.021284 11.700000 25.500000 -3.900000
0.011230 0.016602 1.020020 -0.011706 0.023413 0.018092 11.400000 27.000000 -3.000000
0.012451 0.021973 1.021240 -0.015963 0.021284 0.018092 11.700000 25.500000 -5.700000
0.009766 0.021240 1.017822 -0.019156 0.021284 0.019156 12.900000 26.100000 -5.100000
0.012451 0.014160 1.018799 -0.017028 0.022349 0.017028 11.400000 25.799999 -3.600000
0.011719 0.014648 1.023926 -0.019156 0.022349 0.017028 12.900000 24.299999 -4.500000
0.006348 0.019775 1.020020 -0.015963 0.021284 0.017028 12.600000 25.200001 -3.600000
0.016357 0.021973 1.021240 -0.014899 0.026606 0.019156 12.300000 25.500000 -4.500000
0.012451 0.022217 1.019775 -0.014899 0.021284 0.015963 12.900000 26.100000 -5.700000
0.016602 0.019287 1.020508 -0.017028 0.023413 0.017028 10.800000 25.799999 -3.600000
0.013672 0.020508 1.025879 -0.013835 0.024477 0.019156 13.500000 24.900000 -4.500000
0.015869 0.013672 1.018555 -0.013835 0.022349 0.018092 12.900000 24.900000 -4.500000
0.020020 0.020508 1.022461 -0.013835 0.022349 0.018092 13.200000 24.000000 -4.800000
0.008057 0.017090 1.026855 -0.015963 0.020220 0.017028 14.700000 25.500000 -5.100000
0.015137 0.015625 1.018066 -0.017028 0.024477 0.015963 11.700000 26.100000 -5.100000
0.009033 0.018066 1.009521 -0.014899 0.023413 0.017028 12.300000 26.100000 -3.900000
0.015625 0.020508 1.023926 -0.015963 0.021284 0.021284 12.000000 25.799999 -4.200000
0.006836 0.018555 1.020996 -0.009578 0.019156 0.018092 10.800000 27.600000 -4.200000
0.012695 0.013184 1.015869 -0.014899 0.021284 0.018092 12.600000 24.000000 -5.400000
0.008545 0.015869 1.016113 -0.015963 0.022349 0.018092 12.900000 26.700001 -5.100000
0.012207 0.013428 1.021240 -0.014899 0.023413 0.019156 12.900000 26.100000 -3.900000
0.008789 0.011475 1.028564 -0.013835 0.022349 0.017028 11.700000 26.100000 -4.500000
0.021484 0.017334 1.020264 -0.015963 0.024477 0.015963 13.500000 27.299999 -3.300000
0.015869 0.018555 1.017090 -0.017028 0.022349 0.020220 11.700000 26.100000 -5.100000
0.008057 0.020996 1.026611 -0.013835 0.020220 0.017028 13.200000 24.000000 -4.200000
0.018311 0.021240 1.028320 -0.017028 0.021284 0.021284 13.200000 26.400000 -3.000000
0.012451 0.019287 1.016602 -0.014899 0.018092 0.017028 10.800000 26.400000 -3.000000
0.009277 0.016113 1.020752 -0.012771 0.023413 0.015963 13.500000 25.500000 -3.900000
0.012695 0.015869 1.023438 -0.015963 0.021284 0.018092 12.900000 26.700001 -4.500000
0.013672 0.021973 1.013672 -0.014899 0.023413 0.020220 12.600000 26.400000 -3.600000
0.010254 0.020996 1.022949 -0.013835 0.023413 0.019156 12.900000 27.299999 -3.900000
0.009277 0.017578 1.014404 -0.017028 0.021284 0.015963 12.000000 27.000000 -6.000000
0.012451 0.024658 1.025635 -0.014899 0.022349 0.020220 14.400000 25.799999 -4.800000
0.011719 0.022705 1.028076 -0.013835 0.023413 0.019156 13.200000 24.000000 -4.200000
0.012451 0.018311 1.022705 -0.018092 0.025541 0.017028 12.000000 25.200001 -4.800000
0.006592 0.014893 1.026611 -0.015963 0.024477 0.019156 12.300000 25.500000 -4.500000
0.007080 0.013428 1.026367 -0.014899 0.022349 0.019156 12.900000 26.100000 -3.900000
0.013428 0.018311 1.018311 -0.018092 0.021284 0.017028 13.500000 26.700001 -3.900000
0.010986 0.015869 1.016846 -0.013835 0.022349 0.017028 13.200000 27.000000 -5.400000
0.016357 0.020264 1.020020 -0.013835 0.021284 0.020220 12.300000 26.100000 -5.700000
0.017578 0.019043 1.024170 -0.019156 0.020220 0.018092 13.200000 26.400000 -2.400000
0.016357 0.014893 1.030762 -0.015963 0.027670 0.019156 12.300000 24.900000 -3.900000
0.014648 0.016846 1.018799 -0.015963 0.023413 0.019156 12.600000 24.600000 -3.600000
0.012695 0.019531 1.025879 -0.015963 0.021284 0.018092 12.600000 25.799999 -4.200000
0.009766 0.015137 1.018799 -0.017028 0.022349 0.020220 12.900000 26.100000 -4.500000
0.014893 0.017578 1.020508 -0.012771 0.025541 0.020220 13.200000 25.799999 -4.800000
0.009277 0.015381 1.025146 -0.012771 0.023413 0.019156 11.100000 26.100000 -4.500000
0.010986 0.019775 1.020264 -0.013835 0.022349 0.018092 11.700000 26.700001 -3.900000
0.012451 0.017334 1.032471 -0.013835 0.021284 0.019156 12.600000 26.400000 -4.800000
0.007812 0.023193 1.026367 -0.014899 0.022349 0.020220 12.300000 26.100000 -4.500000
0.015869 0.018555 1.023682 -0.017028 0.023413 0.018092 12.900000 25.500000 -5.100000
0.016113 0.015381 1.027344 -0.012771 0.022349 0.020220 12.600000 26.400000 -4.200000
0.014648 0.020752 1.021973 -0.014899 0.023413 0.018092 10.800000 26.400000 -3.000000
0.010742 0.011963 1.024414 -0.014899 0.024477 0.022349 12.600000 24.600000 -4.800000
0.009277 0.012939 1.008057 -0.012771 0.017028 0.018092 12.600000 25.799999 -4.800000
0.010986 0.015381 1.029785 -0.013835 0.022349 0.022349 13.200000 26.400000 -3.600000
0.011475 0.018555 1.013428 -0.013835 0.021284 0.021284 11.100000 26.100000 -3.300000
0.012939 0.018799 1.024414 -0.017028 0.021284 0.018092 10.800000 26.400000 -4.800000
0.012207 0.019531 1.035645 -0.013835 0.020220 0.019156 14.100000 25.500000 -4.500000
0.011475 0.014160 1.024902 -0.011706 0.021284 0.018092 12.900000 23.700001 -5.100000
0.010498 0.019775 1.025879 -0.013835 0.023413 0.014899 12.300000 25.500000 -6.300000
0.017090 0.020996 1.016357 -0.014899 0.020220 0.018092 11.700000 26.700001 -3.300000
0.014404 0.017822 1.025879 -0.014899 0.024477 0.018092 12.000000 25.200001 -5.400000
0.014893 0.015869 1.016846 -0.015963 0.023413 0.018092 9.900000 24.299999 -3.300000
0.010986 0.018066 1.018799 -0.018092 0.021284 0.019156 12.900000 23.700001 -5.100000
0.014893 0.023193 1.025879 -0.013835 0.022349 0.021284 13.200000 25.200001 -4.200000
0.014160 0.025146 1.029053 -0.017028 0.022349 0.019156 12.300000 26.100000 -4.500000
0.009766 0.015137 1.017822 -0.013835 0.019156 0.018092 12.600000 26.400000 -3.600000
0.016602 0.021484 1.022705 -0.013835 0.022349 0.017028 11.700000 25.500000 -3.900000
0.010986 0.021484 1.022461 -0.014899 0.025541 0.021284 10.200000 25.200001 -3.600000
0.007812 0.021484 1.030518 -0.013835 0.021284 0.015963 12.600000 27.000000 -3.000000
0.002686 0.020508 1.018555 -0.015963 0.022349 0.019156 11.700000 25.500000 -4.500000
0.011719 0.014893 1.017822 -0.015963 0.023413 0.017028 12.600000 24.600000 -4.200000
0.015381 0.022705 1.019775 -0.013835 0.020220 0.019156 13.200000 25.200001 -4.200000
0.011963 0.020264 1.021484 -0.017028 0.022349 0.018092 13.200000 26.400000 -4.200000
0.011963 0.021240 1.015381 -0.015963 0.022349 0.018092 11.700000 25.500000 -3.900000
0.017090 0.018555 1.026123 -0.015963 0.023413 0.020220 13.200000 25.799999 -4.200000
0.014648 0.020264 1.024414 -0.014899 0.021284 0.017028 10.800000 27.000000 -3.600000
0.011719 0.016846 1.025635 -0.017028 0.023413 0.019156 11.700000 24.900000 -4.500000
0.009521 0.021729 1.026123 -0.013835 0.024477 0.019156 13.800000 25.200001 -3.000000
0.008545 0.015869 1.020264 -0.015963 0.022349 0.019156 13.200000 25.799999 -4.800000
0.012695 0.016846 1.013916 -0.014899 0.021284 0.020220 12.600000 26.400000 -5.400000
0.015625 0.015381 1.025391 -0.015963 0.021284 0.021284 10.800000 25.799999 -3.000000
0.014404 0.016846 1.024658 -0.017028 0.021284 0.015963 13.800000 27.000000 -2.400000
0.013428 0.021729 1.011963 -0.011706 0.023413 0.017028 12.000000 25.799999 -4.800000
0.010254 0.019531 1.031250 -0.019156 0.022349 0.020220 10.500000 26.100000 -5.100000
0.013184 0.016113 1.004883 -0.017028 0.022349 0.017028 11.100000 25.500000 -3.300000
0.008789 0.022217 1.024414 -0.015963 0.022349 0.022349 12.300000 25.500000 -4.500000
0.011475 0.016357 1.016357 -0.017028 0.022349 0.019156 12.600000 24.600000 -5.400000
0.010498 0.018311 1.012939 -0.017028 0.021284 0.015963 12.600000 25.799999 -4.200000
0.011475 0.024414 1.030518 -0.014899 0.023413 0.019156 11.100000 25.500000 -5.100000
0.014893 0.026855 1.023926 -0.013835 0.022349 0.017028 12.900000 24.900000 -4.500000
0.008545 0.015625 1.023926 -0.014899 0.023413 0.020220 12.300000 24.299999 -3.900000
0.009277 0.018799 1.019531 -0.014899 0.023413 0.019156 13.500000 26.700001 -2.100000
0.016602 0.020752 1.030762 -0.015963 0.021284 0.021284 14.100000 26.100000 -6.900000
0.010010 0.011475 1.020020 -0.012771 0.021284 0.020220 11.700000 24.900000 -5.100000
0.010742 0.018799 1.023438 -0.019156 0.024477 0.017028 11.700000 26.100000 -3.900000
0.014893 0.015381 1.022705 -0.010642 0.024477 0.014899 12.300000 26.700001 -3.900000
