-0.003174 0.081299 -0.961182 -0.010642 0.023413 0.019156 -30.299999 -4.500000 83.699997
-0.004639 0.080566 -0.981201 -0.012771 0.023413 0.019156 -30.299999 -6.900000 84.300003
0.003906 0.078857 -0.971436 -0.012771 0.021284 0.015963 -29.400000 -7.200000 83.400002
0.001953 0.083496 -0.961426 -0.013835 0.026606 0.017028 -30.000000 -4.800000 86.400002
-0.000244 0.086426 -0.963623 -0.013835 0.025541 0.018092 -30.000000 -4.800000 84.000000
-0.001709 0.081543 -0.964355 -0.017028 0.022349 0.019156 -30.299999 -7.500000 83.699997
-0.000977 0.082764 -0.964355 -0.013835 0.024477 0.017028 -30.000000 -5.400000 84.599998
0.003418 0.081055 -0.971680 -0.011706 0.021284 0.020220 -29.700001 -6.900000 84.300003
-0.001709 0.078613 -0.966064 -0.011706 0.023413 0.019156 -28.799999 -5.400000 84.599998
-0.004883 0.087158 -0.965088 -0.017028 0.023413 0.017028 -28.799999 -4.800000 85.199997
0.002930 0.085693 -0.959473 -0.013835 0.025541 0.014899 -30.299999 -6.300000 83.699997
-0.001709 0.076660 -0.970459 -0.017028 0.024477 0.012771 -30.299999 -4.500000 84.900002
0.001465 0.072998 -0.965088 -0.015963 0.022349 0.019156 -30.299999 -6.300000 83.099998
-0.002686 0.079102 -0.965088 -0.008514 0.022349 0.019156 -30.299999 -6.300000 84.300003
-0.003418 0.071777 -0.966797 -0.013835 0.026606 0.015963 -29.400000 -6.000000 84.000000
-0.004883 0.087158 -0.975830 -0.015963 0.022349 0.015963 -29.100000 -6.300000 83.099998
0.001953 0.082520 -0.956299 -0.015963 0.025541 0.014899 -29.100000 -6.300000 84.900002
-0.003418 0.085938 -0.969727 -0.013835 0.023413 0.019156 -29.400000 -6.000000 84.599998
-0.003662 0.076416 -0.958496 -0.012771 0.023413 0.017028 -28.799999 -5.400000 84.000000
-0.004150 0.080566 -0.958008 -0.014899 0.021284 0.018092 -28.799999 -6.000000 84.599998
-0.006104 0.082031 -0.960693 -0.011706 0.023413 0.018092 -29.100000 -5.100000 85.500000
-0.002930 0.089600 -0.958252 -0.015963 0.022349 0.019156 -29.400000 -4.200000 84.000000
0.000732 0.076904 -0.966309 -0.019156 0.024477 0.019156 -30.600000 -4.800000 84.000000
0.003662 0.085205 -0.966797 -0.009578 0.023413 0.020220 -28.500000 -5.700000 84.300003
-0.006104 0.077393 -0.973145 -0.013835 0.025541 0.018092 -29.700001 -5.700000 84.300003
-0.003174 0.081787 -0.966309 -0.014899 0.022349 0.019156 -28.799999 -7.800000 85.800003
0.002197 0.075928 -0.968994 -0.014899 0.022349 0.014899 -29.100000 -5.700000 84.900002
-0.002197 0.085449 -0.970947 -0.014899 0.021284 0.014899 -28.500000 -5.700000 81.900002
-0.007568 0.076904 -0.969971 -0.012771 0.023413 0.020220 -28.500000 -5.100000 83.099998
0.000977 0.080078 -0.967773 -0.013835 0.024477 0.021284 -29.100000 -5.700000 83.099998
-0.008301 0.083496 -0.964355 -0.012771 0.025541 0.015963 -28.799999 -5.400000 85.199997
-0.007812 0.084229 -0.963379 -0.011706 0.021284 0.021284 -30.000000 -5.400000 84.599998
-0.006592 0.083740 -0.965332 -0.009578 0.024477 0.018092 -29.400000 -6.000000 85.199997
-0.003906 0.087158 -0.964355 -0.010642 0.024477 0.021284 -28.500000 -7.500000 85.500000
-0.002930 0.074707 -0.971191 -0.017028 0.022349 0.050019 -28.500000 -6.300000 84.900002
-0.012451 0.062988 -0.973389 -0.040441 -0.002128 0.186239 -29.100000 -4.500000 85.500000
-0.008057 0.085449 -0.952881 -0.010642 0.015963 0.190496 -30.299999 -5.700000 85.500000
-0.014160 0.121826 -0.971924 -0.001064 0.018092 0.120257 -28.799999 -5.400000 84.000000
-0.001709 0.112061 -0.974854 -0.017028 0.029798 -0.011706 -29.700001 -5.100000 85.500000
-0.003174 0.115479 -0.955322 -0.005321 0.036184 -0.105358 -29.400000 -5.400000 84.599998
0.003174 0.071777 -0.959961 -0.006385 0.036184 -0.128771 -30.000000 -5.400000 83.400002
0.011963 0.062988 -0.964600 -0.009578 0.034055 -0.101101 -30.299999 -5.700000 83.699997
0.010010 0.071533 -0.957520 -0.030863 0.035119 -0.081945 -29.100000 -5.700000 83.699997
-0.003906 0.086914 -0.968750 -0.017028 0.027670 -0.050019 -30.000000 -6.000000 82.199997
0.006348 0.084229 -0.937988 0.003193 0.026606 -0.036184 -30.000000 -4.800000 84.000000
0.006836 0.088379 -0.957275 -0.030863 0.032991 -0.061725 -27.299999 -5.700000 84.300003
-0.013184 0.090576 -0.966553 -0.027670 0.031927 -0.135156 -29.100000 -8.100000 84.300003
0.001465 0.100342 -0.983154 -0.013835 0.041505 -0.208588 -27.900000 -5.100000 84.300003
0.003174 0.095947 -0.974609 -0.013835 0.053211 -0.277763 -29.100000 -5.700000 83.099998
-0.002686 0.082764 -0.971680 -0.021284 0.059597 -0.373543 -28.799999 -7.800000 82.800003
-0.004883 0.077881 -0.977051 -0.017028 0.061725 -0.474644 -30.000000 -7.200000 85.199997
-0.002441 0.088867 -0.948975 -0.011706 0.060661 -0.488479 -29.400000 -9.000000 85.199997
0.000732 0.076904 -0.958984 -0.017028 0.059597 -0.444846 -29.700001 -9.900000 83.099998
0.001465 0.062988 -0.959961 -0.011706 0.052147 -0.374607 -30.299999 -8.100000 82.500000
-0.000244 0.050781 -0.959229 -0.008514 0.042569 -0.252221 -30.600000 -9.000000 87.000000
-0.005615 0.065918 -0.976562 -0.003193 0.039376 -0.160698 -31.200001 -7.800000 84.000000
-0.000977 0.077148 -0.946533 -0.013835 0.031927 -0.094716 -28.799999 -9.600000 83.400002
-0.005615 0.055664 -0.963379 -0.040441 0.045762 -0.036184 -29.100000 -10.500000 84.900002
-0.012207 0.105957 -0.957764 -0.002128 0.030863 -0.025541 -28.200001 -8.400000 83.400002
0.015137 0.089600 -0.910889 -0.023413 0.026606 -0.055340 -29.700001 -10.500000 86.099998
-0.004395 0.102051 -0.978271 -0.009578 0.027670 -0.122386 -29.700001 -10.500000 84.300003
-0.006592 0.085449 -0.972168 -0.006385 0.032991 -0.142606 -31.500000 -10.500000 83.099998
0.002930 0.090332 -0.969727 -0.014899 0.037248 -0.183047 -30.000000 -10.200000 85.199997
0.005615 0.060791 -0.971191 -0.005321 0.040441 -0.234129 -30.000000 -10.800000 84.000000
0.003906 0.093506 -0.993408 -0.011706 0.051083 -0.315010 -28.500000 -11.700000 84.900002
-0.008789 0.082275 -0.956787 -0.028734 0.047890 -0.390570 -30.299999 -11.100000 84.900002
-0.006836 0.106689 -0.960693 -0.012771 0.068110 -0.456552 -30.600000 -12.600000 85.199997
-0.006348 0.064697 -0.924805 0.008514 0.062789 -0.521470 -28.799999 -12.000000 85.199997
0.006592 0.089844 -0.948486 -0.004257 0.096844 -0.565103 -30.299999 -14.100000 85.500000
-0.011230 0.084717 -0.962158 -0.012771 0.061725 -0.561910 -29.100000 -13.500000 84.900002
-0.011230 0.070068 -0.968018 -0.021284 0.059597 -0.539562 -29.100000 -14.700000 85.500000
0.004150 0.046387 -0.998291 -0.013835 0.058532 -0.515085 -29.100000 -16.500000 86.699997
0.010498 0.043945 -0.992676 0.010642 0.061725 -0.452295 -28.799999 -16.799999 83.400002
-0.019775 0.074219 -0.978516 -0.017028 0.038312 -0.373543 -28.200001 -18.600000 83.400002
0.001221 0.073730 -0.946289 -0.012771 0.038312 -0.295854 -27.900000 -17.100000 83.099998
-0.007812 0.060303 -0.998047 -0.013835 0.045762 -0.246900 -28.500000 -19.500000 85.500000
-0.003662 0.086914 -0.957764 -0.014899 0.032991 -0.228808 -28.500000 -18.900000 86.099998
0.024658 0.063721 -0.978271 -0.005321 0.042569 -0.224551 -28.500000 -18.900000 84.900002
-0.000977 0.076416 -0.957275 -0.009578 0.036184 -0.172404 -27.600000 -21.000000 84.599998
-0.005615 0.079590 -0.953369 -0.010642 0.032991 -0.185175 -28.200001 -19.799999 85.199997
0.003418 0.081299 -0.967285 -0.004257 0.036184 -0.236258 -27.600000 -19.799999 84.599998
-0.006592 0.096436 -0.990723 -0.020220 0.045762 -0.290533 -27.600000 -19.200001 85.800003
-0.011963 0.084961 -0.950684 0.000000 0.038312 -0.335231 -27.600000 -21.600000 85.199997
-0.020020 0.105225 -0.988281 -0.011706 0.051083 -0.374607 -26.400000 -21.000000 82.199997
-0.018066 0.069580 -0.965820 -0.013835 0.056404 -0.383121 -27.000000 -21.600000 82.800003
-0.018066 0.113770 -0.978027 -0.006385 0.054275 -0.415047 -25.799999 -22.200001 85.199997
0.022461 0.068359 -0.947021 -0.019156 0.055340 -0.470387 -26.700001 -23.100000 82.500000
-0.002441 0.070312 -0.976074 -0.004257 0.065982 -0.509763 -25.200001 -24.000000 82.800003
0.002686 0.044434 -0.952148 -0.015963 0.059597 -0.492736 -24.600000 -23.400000 83.400002
-0.010742 0.105713 -0.960938 0.003193 0.070239 -0.526791 -24.600000 -24.600000 82.199997
-0.006592 0.128418 -0.967285 -0.010642 0.070239 -0.660883 -24.000000 -23.400000 82.800003
-0.016602 0.073242 -0.979736 -0.001064 0.077688 -0.681104 -25.200001 -25.200001 83.400002
-0.003906 0.078857 -0.968750 -0.017028 0.073431 -0.688553 -22.799999 -24.600000 82.199997
-0.006836 0.072021 -0.954346 0.004257 0.089395 -0.751342 -24.000000 -27.600000 83.400002
-0.005127 0.051514 -0.970215 0.007450 0.088331 -0.785398 -22.500000 -27.299999 83.699997
-0.015137 0.045654 -0.973877 -0.005321 0.083009 -0.731122 -21.900000 -26.700001 81.900002
-0.013672 0.047119 -1.022217 -0.003193 0.076624 -0.618314 -21.000000 -28.799999 83.400002
-0.024658 0.064453 -1.007568 -0.026606 0.052147 -0.467194 -20.400000 -30.600000 81.599998
-0.025146 0.040039 -0.996338 -0.012771 0.047890 -0.236258 -20.700001 -29.700001 82.500000
-0.013672 0.046143 -0.989746 -0.001064 0.030863 -0.051083 -19.200001 -29.400000 81.000000
-0.008301 0.062988 -0.960205 -0.014899 0.015963 0.047890 -17.700001 -29.700001 81.900002
0.014404 0.057129 -0.965332 -0.023413 0.003193 0.100037 -20.100000 -30.299999 81.900002
-0.001465 0.094971 -0.950195 -0.013835 0.047890 0.039376 -19.500000 -29.100000 82.500000
-0.023682 0.101807 -1.033691 -0.011706 0.015963 -0.091523 -18.900000 -28.500000 82.500000
-0.022705 0.080078 -0.985107 -0.019156 0.020220 -0.189432 -19.500000 -29.700001 82.500000
-0.003418 0.124756 -0.976074 0.006385 0.050019 -0.334166 -17.400000 -30.000000 82.199997
-0.025635 0.088379 -0.968750 0.012771 0.057468 -0.478901 -19.799999 -30.000000 79.800003
0.024170 0.083252 -0.966553 -0.018092 0.068110 -0.633213 -19.799999 -30.000000 81.599998
0.006104 0.077881 -0.968506 0.002128 0.067046 -0.775819 -15.600000 -28.799999 81.599998
0.008789 0.085449 -0.955811 0.015963 0.106422 -0.805618 -14.400000 -31.799999 81.599998
-0.031250 0.096191 -0.973877 0.011706 0.106422 -0.810939 -15.900000 -31.500000 80.699997
-0.022949 0.053955 -0.941406 -0.012771 0.078753 -0.705581 -15.900000 -32.099998 80.699997
0.000244 0.044434 -0.945557 -0.005321 0.083009 -0.603415 -15.300000 -32.700001 80.099998
-0.024658 0.074219 -0.969482 -0.012771 0.052147 -0.508699 -14.400000 -33.000000 81.599998
-0.036621 0.061279 -1.026855 -0.018092 0.073431 -0.495928 -13.500000 -32.700001 80.099998
-0.035156 0.061279 -0.942871 -0.001064 0.031927 -0.459745 -13.500000 -31.500000 80.099998
-0.031738 0.078369 -0.996582 -0.003193 0.061725 -0.399084 -14.700000 -31.500000 81.900002
0.002197 0.078125 -1.029297 -0.009578 0.050019 -0.371414 -12.000000 -33.599998 81.000000
-0.019531 0.096191 -1.059570 -0.011706 0.052147 -0.374607 -13.500000 -32.700001 80.699997
-0.004150 0.116211 -0.965820 -0.001064 0.043633 -0.435268 -12.000000 -34.799999 81.000000
0.019287 0.080078 -0.909668 -0.012771 0.043633 -0.569360 -12.600000 -33.000000 81.000000
-0.024902 0.074707 -1.005615 -0.010642 0.102166 -0.664076 -11.700000 -33.900002 80.099998
-0.011230 0.068848 -0.979492 -0.013835 0.052147 -0.687489 -10.200000 -36.000000 79.800003
-0.003418 0.034912 -0.956787 -0.007450 0.070239 -0.696003 -9.900000 -35.700001 80.099998
-0.004150 0.058838 -0.960693 0.001064 0.079817 -0.696003 -9.600000 -36.000000 80.400002
-0.016602 0.092285 -1.002441 0.000000 0.061725 -0.639599 -7.200000 -36.599998 80.400002
0.012451 0.021973 -0.953125 -0.007450 0.067046 -0.525727 -7.800000 -34.799999 79.199997
-0.049316 0.072754 -0.939453 -0.001064 0.042569 -0.427818 -6.600000 -37.799999 79.800003
-0.042236 0.071777 -1.013184 -0.012771 0.038312 -0.398020 -7.500000 -36.299999 81.900002
-0.030518 0.083252 -0.991211 -0.015963 0.064918 -0.427818 -6.000000 -36.000000 81.000000
-0.045166 0.121094 -1.018311 -0.005321 0.059597 -0.542754 -4.500000 -37.500000 80.699997
-0.049316 0.102783 -1.062256 -0.005321 0.068110 -0.545947 -5.400000 -37.200001 80.400002
-0.024414 0.024414 -0.978516 -0.028734 0.058532 -0.451231 -3.900000 -36.900002 78.900002
-0.063232 0.066162 -1.015137 -0.018092 0.041505 -0.374607 -4.200000 -38.400002 80.400002
0.019531 0.061035 -0.999756 0.002128 0.050019 -0.426754 -4.500000 -36.900002 80.099998
-0.014404 0.061279 -0.970215 -0.010642 0.051083 -0.401213 -1.800000 -38.400002 81.000000
0.021729 0.031250 -0.952393 -0.007450 0.051083 -0.342680 -3.600000 -36.599998 81.000000
-0.003174 0.112305 -0.999756 -0.030863 0.052147 -0.425690 -1.200000 -36.599998 81.000000
-0.010010 0.056641 -0.985107 -0.024477 0.040441 -0.446974 -2.100000 -37.500000 81.900002
-0.015869 0.080811 -1.010010 0.018092 0.069175 -0.392699 -1.800000 -37.200001 81.000000
-0.033203 0.089600 -0.947754 -0.017028 0.052147 -0.441653 -0.600000 -37.200001 79.800003
-0.021973 0.018066 -0.994873 -0.002128 0.051083 -0.321396 0.300000 -36.900002 80.099998
-0.029785 0.066650 -0.946533 -0.017028 0.030863 -0.278827 -0.900000 -37.500000 83.099998
0.001709 0.119629 -0.962158 -0.010642 0.052147 -0.471451 0.600000 -36.599998 81.000000
-0.012207 0.049316 -0.983398 -0.013835 0.063853 -0.458681 0.600000 -37.799999 81.000000
-0.040283 0.044434 -1.007080 -0.018092 0.050019 -0.383121 0.900000 -38.099998 81.300003
-0.010254 0.115479 -0.995605 0.007450 0.055340 -0.527855 1.500000 -37.500000 80.699997
0.006592 0.044678 -0.882812 -0.011706 0.060661 -0.618314 2.700000 -36.299999 81.900002
-0.002197 0.055664 -0.953857 0.000000 0.069175 -0.620443 3.600000 -37.200001 81.000000
-0.019287 0.002197 -0.964844 -0.023413 0.045762 -0.559782 3.600000 -37.799999 81.000000
-0.000977 0.000244 -0.904785 -0.011706 0.054275 -0.394827 4.200000 -37.200001 81.000000
-0.018555 0.070068 -0.953125 -0.023413 0.041505 -0.443782 4.200000 -36.599998 81.000000
-0.026123 0.055176 -0.881592 -0.008514 0.072367 -0.586388 6.300000 -37.500000 80.699997
-0.034424 0.032227 -0.979004 -0.005321 0.063853 -0.472516 7.500000 -36.900002 82.500000
0.009277 0.072266 -0.944336 -0.008514 0.050019 -0.429947 6.600000 -36.599998 81.000000
-0.005859 0.067383 -0.958740 -0.010642 0.068110 -0.496993 6.900000 -36.900002 81.300003
-0.017822 0.076172 -0.816162 0.014899 0.105358 -0.575745 8.100000 -36.299999 80.699997
-0.075439 0.105469 -1.038818 -0.002128 0.054275 -0.611929 9.000000 -37.200001 81.599998
0.013184 0.014404 -0.926514 -0.010642 0.071303 -0.540626 8.700000 -36.900002 80.699997
-0.041748 0.045898 -1.017822 -0.017028 0.051083 -0.502314 9.900000 -36.299999 81.900002
-0.042480 0.070557 -0.971191 -0.003193 0.070239 -0.519341 11.400000 -38.400002 81.000000
0.000732 0.041016 -0.952637 -0.004257 0.064918 -0.547011 9.900000 -36.900002 80.699997
0.002686 0.068604 -0.950684 0.002128 0.068110 -0.521470 11.400000 -36.000000 82.800003
0.001221 0.065430 -0.995605 -0.003193 0.046826 -0.482094 12.300000 -36.299999 81.300003
0.022705 0.081055 -0.989990 -0.013835 0.061725 -0.518277 12.300000 -36.900002 81.300003
-0.016846 0.068115 -0.953857 -0.002128 0.052147 -0.557653 12.900000 -36.900002 81.900002
0.007324 0.023682 -0.960205 -0.017028 0.063853 -0.515085 13.800000 -36.599998 80.400002
0.010498 0.052246 -0.943604 -0.003193 0.061725 -0.460809 15.000000 -35.400002 81.000000
-0.025635 0.090820 -0.974854 -0.001064 0.065982 -0.526791 14.700000 -35.700001 82.500000
-0.027100 0.045166 -0.977295 -0.005321 0.071303 -0.588516 15.300000 -35.099998 81.300003
0.013184 0.045654 -0.958252 0.004257 0.048954 -0.559782 18.299999 -35.700001 81.300003
-0.021240 0.018066 -0.983154 -0.010642 0.068110 -0.448038 15.600000 -34.799999 80.400002
-0.004639 0.044922 -0.954102 -0.012771 0.055340 -0.389506 17.400000 -33.599998 82.199997
-0.019043 0.016113 -0.976562 -0.017028 0.036184 -0.244772 17.100000 -35.099998 79.500000
-0.010010 0.043457 -0.948730 -0.009578 0.038312 -0.192625 16.799999 -33.000000 81.000000
-0.016357 0.059570 -0.959229 -0.011706 0.034055 -0.277763 18.000000 -35.400002 81.599998
-0.008789 0.083252 -1.010254 -0.004257 0.036184 -0.271377 19.200001 -33.599998 80.400002
-0.009521 0.043701 -0.966797 -0.011706 0.032991 -0.167083 20.400000 -33.599998 81.599998
-0.036621 0.032471 -0.943359 -0.018092 0.034055 -0.154313 18.600000 -34.799999 81.599998
0.004395 0.051514 -0.966064 0.005321 0.014899 -0.188368 18.900000 -35.700001 80.699997
0.012695 0.053467 -0.967773 -0.001064 0.050019 -0.128771 18.900000 -32.099998 80.699997
-0.010742 0.038574 -0.953369 -0.027670 0.057468 -0.209652 18.900000 -32.700001 80.699997
0.000977 0.085693 -0.978516 -0.029798 0.021284 -0.189432 18.600000 -32.400002 81.000000
0.012939 0.063965 -0.985352 -0.011706 0.034055 -0.137285 18.600000 -32.400002 81.000000
-0.042236 0.032227 -0.964844 0.001064 0.043633 -0.197946 21.000000 -33.000000 81.000000
-0.009766 0.079102 -0.972168 -0.009578 0.042569 -0.306497 19.200001 -31.799999 82.199997
-0.005371 0.107178 -1.003174 -0.019156 0.039376 -0.443782 20.700001 -32.700001 83.099998
-0.005127 0.084961 -1.000488 -0.011706 0.072367 -0.611929 20.400000 -33.599998 80.400002
0.000977 0.073486 -0.983154 0.001064 0.083009 -0.709838 21.600000 -31.799999 82.199997
0.004395 0.040283 -0.896973 -0.017028 0.063853 -0.605544 22.200001 -31.799999 82.199997
0.024902 0.038574 -0.947021 -0.002128 0.086202 -0.465066 22.200001 -29.400000 81.599998
0.016113 0.041992 -0.968262 -0.023413 0.063853 -0.310753 24.000000 -30.000000 81.000000
-0.000977 0.037109 -0.961670 -0.006385 0.040441 -0.218166 24.600000 -30.600000 82.800003
-0.027344 0.046387 -0.986572 -0.009578 0.036184 -0.211781 22.500000 -30.299999 82.500000
-0.016846 0.034912 -0.948730 -0.008514 0.040441 -0.294790 24.299999 -31.500000 80.699997
0.002930 0.075439 -0.959717 0.000000 0.062789 -0.375671 22.200001 -29.400000 82.199997
-0.009277 0.062988 -0.994141 0.005321 0.039376 -0.429947 24.900000 -30.900000 81.900002
0.001221 0.061035 -0.944336 -0.019156 0.071303 -0.550204 23.700001 -29.100000 82.500000
0.000488 0.073242 -0.966309 0.028734 0.088331 -0.673654 25.799999 -29.400000 82.199997
-0.008789 0.074219 -0.975586 -0.027670 0.097909 -0.765177 24.900000 -28.500000 81.300003
0.018066 0.108398 -0.979492 -0.014899 0.044697 -0.886499 26.700001 -27.900000 81.300003
0.041992 0.011230 -0.974854 -0.004257 0.081945 -0.683232 27.600000 -27.000000 81.000000
0.012207 0.010254 -0.989258 -0.011706 0.041505 -0.409726 27.600000 -26.400000 80.400002
0.014893 0.027832 -0.972412 -0.003193 0.040441 -0.221359 27.000000 -26.400000 82.800003
-0.006104 0.056152 -0.972656 -0.010642 0.041505 -0.223487 27.900000 -25.500000 82.500000
-0.000977 0.067383 -0.974854 -0.019156 0.042569 -0.351194 29.100000 -26.100000 81.900002
-0.001953 0.081055 -0.969971 -0.010642 0.061725 -0.512956 28.799999 -25.799999 82.800003
-0.005859 0.081299 -0.992920 -0.011706 0.065982 -0.666204 28.799999 -26.400000 82.199997
0.003906 0.025635 -0.979736 -0.007450 0.067046 -0.614057 27.600000 -24.600000 81.599998
0.010498 -0.014893 -1.002686 -0.004257 0.063853 -0.355451 29.100000 -24.900000 81.900002
-0.018555 -0.026855 -0.977539 -0.008514 0.021284 0.055340 28.799999 -22.799999 82.199997
-0.005371 0.043457 -0.974121 -0.017028 0.012771 0.056404 29.700001 -24.299999 81.300003
-0.009277 0.030518 -0.968506 -0.015963 0.014899 0.142606 26.400000 -24.000000 82.199997
0.007324 0.021729 -0.979980 -0.014899 0.008514 0.289469 28.500000 -23.100000 83.099998
0.004883 0.027832 -0.965820 -0.021284 0.000000 0.408662 30.299999 -25.500000 82.500000
0.007568 0.024902 -0.954102 -0.019156 -0.014899 0.505507 28.799999 -25.200001 81.599998
-0.017578 0.036865 -0.978760 -0.009578 -0.015963 0.506571 28.799999 -26.400000 82.199997
0.003174 0.041748 -0.972168 -0.017028 -0.010642 0.489543 28.799999 -25.799999 83.400002
-0.011719 0.062012 -0.973633 -0.015963 0.003193 0.432075 27.900000 -25.500000 80.699997
-0.003174 0.059326 -0.960449 -0.019156 -0.006385 0.335231 27.299999 -26.100000 81.300003
0.000977 0.058350 -0.979736 -0.017028 0.014899 0.272441 27.000000 -26.400000 83.400002
-0.004150 0.062744 -0.971191 -0.019156 0.010642 0.214973 27.299999 -26.700001 80.699997
-0.003174 0.057373 -0.964111 -0.019156 0.012771 0.164955 27.900000 -27.299999 83.699997
0.000244 0.046875 -0.971680 -0.019156 0.014899 0.114936 25.799999 -27.600000 82.199997
-0.003418 0.048584 -0.980957 -0.010642 0.020220 0.089395 26.100000 -26.100000 81.900002
-0.003906 0.050049 -0.967529 -0.014899 0.019156 0.072367 27.600000 -24.600000 82.199997
-0.005127 0.055420 -0.975342 -0.012771 0.022349 0.063853 24.600000 -26.400000 82.199997
-0.010498 0.045654 -0.972656 -0.014899 0.021284 0.054275 26.700001 -27.299999 82.500000
-0.001221 0.045898 -0.975586 -0.010642 0.018092 0.059597 25.500000 -27.299999 83.099998
-0.004883 0.046875 -0.974121 -0.013835 0.020220 0.085138 26.700001 -26.100000 81.300003
-0.007080 0.040039 -0.970703 -0.015963 0.012771 0.116000 27.900000 -27.299999 80.699997
-0.000732 0.052002 -0.964844 -0.013835 0.017028 0.103230 25.799999 -27.000000 82.199997
-0.006348 0.054688 -0.969971 -0.013835 0.022349 0.078753 26.400000 -27.600000 81.000000
-0.003418 0.062500 -0.959717 -0.014899 0.024477 0.039376 25.799999 -27.000000 80.400002
-0.007324 0.037354 -0.970459 -0.013835 0.024477 0.020220 28.500000 -29.700001 82.500000
-0.003906 0.053711 -0.972900 -0.011706 0.024477 0.018092 26.100000 -27.900000 81.900002
-0.003662 0.052979 -0.972412 -0.014899 0.022349 0.017028 25.200001 -27.600000 83.400002
-0.006592 0.041748 -0.978516 -0.012771 0.022349 0.019156 26.400000 -28.799999 81.599998
-0.004639 0.048584 -0.967529 -0.015963 0.025541 0.015963 26.100000 -28.500000 83.099998
0.001953 0.054443 -0.963867 -0.012771 0.019156 0.015963 26.100000 -26.700001 82.500000
-0.001953 0.046875 -0.971680 -0.015963 0.025541 0.015963 25.799999 -26.400000 82.199997
-0.008057 0.044678 -0.966797 -0.012771 0.023413 0.020220 26.100000 -28.500000 83.099998
-0.009033 0.047607 -0.969727 -0.017028 0.024477 0.020220 25.799999 -28.799999 81.599998
-0.004150 0.038330 -0.976074 -0.017028 0.026606 0.015963 26.400000 -27.600000 82.199997
-0.004639 0.054443 -0.968018 -0.015963 0.021284 0.019156 27.000000 -27.000000 81.599998
-0.009033 0.047119 -0.967529 -0.012771 0.027670 0.019156 27.600000 -27.600000 82.800003
-0.003418 0.038818 -0.978516 -0.014899 0.023413 0.018092 27.000000 -27.000000 82.800003
-0.006836 0.045410 -0.969238 -0.013835 0.024477 0.019156 26.100000 -27.299999 80.699997
-0.001709 0.047119 -0.966309 -0.015963 0.023413 0.020220 26.400000 -27.600000 84.599998
-0.006104 0.055664 -0.976562 -0.017028 0.024477 0.017028 25.799999 -27.000000 81.000000
-0.006104 0.050049 -0.973877 -0.015963 0.021284 0.019156 26.100000 -27.900000 81.900002
-0.002441 0.045410 -0.963379 -0.014899 0.024477 0.017028 27.299999 -27.299999 81.300003
-0.009033 0.045166 -0.969238 -0.012771 0.023413 0.019156 26.100000 -27.900000 81.900002
-0.001709 0.056152 -0.971924 -0.011706 0.023413 0.013835 25.200001 -28.200001 81.599998
-0.000732 0.047119 -0.966797 -0.017028 0.024477 0.018092 26.400000 -26.400000 82.800003
-0.009033 0.050293 -0.973877 -0.012771 0.024477 0.017028 28.200001 -27.600000 82.199997
-0.009033 0.054443 -0.971436 -0.014899 0.025541 0.018092 26.400000 -27.000000 81.599998
-0.006104 0.044434 -0.971680 -0.012771 0.022349 0.020220 24.600000 -28.200001 82.800003
0.000488 0.047119 -0.971680 -0.013835 0.024477 0.018092 27.000000 -28.200001 81.599998
-0.004639 0.041260 -0.962891 -0.010642 0.024477 0.018092 27.600000 -27.000000 81.599998
-0.002930 0.047607 -0.966553 -0.013835 0.023413 0.014899 26.700001 -27.900000 81.300003
-0.000488 0.051758 -0.964844 -0.019156 0.026606 0.020220 27.299999 -27.900000 82.500000
-0.008545 0.047607 -0.964111 -0.014899 0.024477 0.019156 27.000000 -28.200001 82.199997
-0.004639 0.042725 -0.972168 -0.014899 0.020220 0.015963 27.299999 -27.299999 82.500000
0.001953 0.050049 -0.960693 -0.013835 0.022349 0.018092 27.000000 -28.200001 82.199997
-0.009766 0.049805 -0.968018 -0.010642 0.023413 0.017028 26.100000 -27.299999 81.300003
-0.004395 0.042236 -0.974854 -0.012771 0.022349 0.014899 27.000000 -26.400000 81.599998
-0.006592 0.050049 -0.976074 -0.013835 0.023413 0.018092 25.799999 -27.600000 82.199997
-0.002441 0.052002 -0.968750 -0.013835 0.022349 0.019156 27.000000 -27.600000 83.400002
-0.002441 0.045410 -0.966309 -0.013835 0.021284 0.017028 26.700001 -27.900000 81.300003
-0.006104 0.052490 -0.970703 -0.011706 0.022349 0.018092 26.400000 -28.799999 81.599998
-0.005615 0.050537 -0.964844 -0.013835 0.024477 0.015963 27.900000 -27.299999 82.500000
-0.001465 0.045166 -0.975342 -0.018092 0.024477 0.015963 26.100000 -27.299999 82.500000
-0.000977 0.046143 -0.968994 -0.014899 0.022349 0.019156 25.799999 -28.799999 81.000000
0.002686 0.052002 -0.972168 -0.015963 0.024477 0.018092 26.700001 -26.700001 83.099998
-0.003174 0.049072 -0.974121 -0.012771 0.023413 0.017028 26.100000 -26.700001 81.300003
-0.002930 0.041016 -0.971191 -0.014899 0.024477 0.017028 26.700001 -29.100000 82.500000
-0.008301 0.046387 -0.969727 -0.013835 0.023413 0.018092 26.100000 -27.299999 81.900002
-0.006836 0.053711 -0.975098 -0.011706 0.025541 0.019156 24.600000 -25.799999 82.199997
-0.002930 0.042969 -0.975830 -0.012771 0.024477 0.019156 26.700001 -28.500000 81.300003
-0.006104 0.050049 -0.963867 -0.014899 0.022349 0.020220 26.700001 -27.900000 81.300003
-0.004395 0.042480 -0.968994 -0.011706 0.025541 0.019156 26.400000 -28.200001 81.599998
-0.009766 0.041260 -0.973389 -0.012771 0.024477 0.018092 26.100000 -25.500000 83.099998
-0.002686 0.047607 -0.972412 -0.012771 0.022349 0.019156 26.400000 -27.600000 82.199997
-0.008301 0.052002 -0.964844 -0.012771 0.024477 0.018092 26.700001 -26.700001 81.900002
-0.008301 0.043457 -0.971924 -0.011706 0.024477 0.017028 26.100000 -27.900000 81.900002
-0.008789 0.048096 -0.966064 -0.015963 0.025541 0.020220 27.600000 -27.600000 80.400002
-0.003906 0.049805 -0.968262 -0.012771 0.024477 0.015963 26.100000 -27.299999 81.900002
-0.003906 0.053711 -0.982910 -0.010642 0.025541 0.018092 27.600000 -27.000000 82.800003
0.000244 0.045654 -0.976318 -0.015963 0.022349 0.019156 27.000000 -27.600000 82.800003
-0.006104 0.052246 -0.963379 -0.010642 0.022349 0.019156 25.500000 -26.700001 80.699997
-0.007324 0.047607 -0.979980 -0.013835 0.024477 0.018092 26.100000 -27.299999 81.300003
-0.004639 0.055176 -0.968750 -0.013835 0.023413 0.014899 26.700001 -27.299999 81.900002
-0.003174 0.051025 -0.978516 -0.014899 0.023413 0.014899 27.600000 -28.200001 81.000000
-0.005127 0.049561 -0.963379 -0.013835 0.021284 0.020220 26.400000 -28.200001 81.599998
-0.001953 0.044434 -0.976074 -0.014899 0.022349 0.015963 27.299999 -27.299999 82.500000
-0.002686 0.052734 -0.970459 -0.015963 0.025541 0.019156 26.100000 -27.900000 82.500000
-0.003418 0.045410 -0.968262 -0.013835 0.023413 0.019156 25.200001 -25.799999 82.199997
-0.006836 0.053711 -0.966553 -0.009578 0.023413 0.017028 25.799999 -27.600000 82.199997
-0.003662 0.047119 -0.963379 -0.013835 0.024477 0.020220 26.700001 -26.700001 81.300003
