-0.018066 -0.036865 -0.982422 -0.013835 0.021284 0.019156 33.900002 -15.900000 81.900002
-0.022217 -0.040771 -0.983643 -0.013835 0.020220 0.018092 33.599998 -15.000000 82.800003
-0.008789 -0.046875 -0.955566 -0.006385 0.017028 0.019156 34.500000 -15.300000 82.500000
-0.023193 -0.035645 -0.982178 -0.021284 0.025541 0.018092 34.799999 -14.400000 83.400002
-0.023926 -0.036865 -0.988037 -0.017028 0.018092 0.018092 35.099998 -14.700000 82.500000
-0.025635 -0.026611 -0.978516 -0.012771 0.017028 0.019156 35.099998 -15.300000 81.900002
-0.021240 -0.031494 -0.979248 -0.015963 0.017028 0.017028 35.700001 -16.500000 83.099998
-0.017578 -0.031494 -0.976074 -0.008514 0.020220 0.017028 34.200001 -15.000000 83.400002
-0.019531 -0.037354 -0.977295 -0.014899 0.021284 0.017028 36.599998 -15.600000 82.800003
-0.021729 -0.038818 -0.983154 -0.014899 0.020220 0.018092 34.500000 -14.100000 83.099998
-0.021973 -0.035645 -0.978516 -0.017028 0.020220 0.015963 34.200001 -14.400000 82.800003
-0.021973 -0.036377 -0.972900 -0.018092 0.020220 0.017028 34.200001 -13.800000 82.800003
-0.020996 -0.037354 -0.979980 -0.017028 0.019156 0.017028 32.700001 -13.500000 83.099998
-0.021973 -0.025146 -0.985840 -0.012771 0.023413 0.020220 34.200001 -13.800000 82.800003
-0.020508 -0.039062 -0.977051 -0.015963 0.019156 0.018092 34.799999 -14.400000 81.599998
-0.019043 -0.034668 -0.978271 -0.012771 0.019156 0.019156 33.599998 -14.400000 83.400002
-0.020752 -0.031982 -0.979736 -0.011706 0.021284 0.018092 34.200001 -15.000000 82.199997
-0.020020 -0.031982 -0.985840 -0.010642 0.018092 0.020220 35.400002 -13.800000 81.599998
-0.019043 -0.040039 -0.977051 -0.012771 0.019156 0.018092 34.200001 -15.000000 83.400002
-0.015869 -0.045898 -0.985107 -0.014899 0.020220 0.020220 35.099998 -15.300000 81.900002
-0.018555 -0.036133 -0.979248 -0.013835 0.020220 0.017028 34.200001 -15.000000 83.400002
-0.019531 -0.038574 -0.978271 -0.011706 0.019156 0.020220 34.799999 -15.600000 81.599998
-0.021973 -0.035645 -0.969238 -0.011706 0.020220 0.019156 34.500000 -15.900000 81.300003
-0.022949 -0.041992 -0.976562 -0.013835 0.022349 0.018092 33.900002 -14.700000 81.900002
-0.020264 -0.038330 -0.970215 -0.014899 0.020220 0.018092 33.599998 -15.000000 83.400002
-0.021484 -0.035889 -0.981934 -0.014899 0.018092 0.021284 35.099998 -14.100000 83.699997
-0.019287 -0.031250 -0.980469 -0.017028 0.021284 0.019156 33.900002 -14.700000 82.500000
-0.015625 -0.032715 -0.988037 -0.011706 0.021284 0.019156 34.200001 -14.400000 84.000000
-0.014160 -0.032227 -0.977783 -0.014899 0.020220 0.018092 34.500000 -14.100000 83.699997
-0.016113 -0.038818 -0.973633 -0.014899 0.022349 0.017028 35.400002 -15.600000 84.000000
-0.017822 -0.038330 -0.978027 -0.012771 0.020220 0.020220 34.200001 -17.400000 81.000000
-0.019531 -0.036865 -0.982666 -0.010642 0.020220 0.019156 34.200001 -14.400000 82.800003
-0.018799 -0.029297 -0.968262 -0.008514 0.020220 0.018092 34.799999 -13.800000 82.800003
-0.020752 -0.038818 -0.983154 -0.014899 0.019156 0.019156 35.099998 -14.100000 81.300003
-0.017822 -0.040039 -0.983154 -0.015963 0.017028 0.014899 33.599998 -15.000000 83.400002
-0.020752 -0.038330 -0.983154 -0.014899 0.019156 0.019156 36.000000 -14.400000 83.400002
-0.021240 -0.034180 -0.968506 -0.008514 0.020220 0.017028 33.900002 -14.100000 81.900002
-0.013184 -0.036377 -0.973633 -0.009578 0.020220 0.014899 34.200001 -14.400000 82.800003
-0.023926 -0.036377 -0.986572 -0.014899 0.020220 0.020220 33.900002 -15.900000 82.500000
-0.022705 -0.035156 -0.981689 -0.015963 0.020220 0.017028 33.599998 -15.000000 82.800003
-0.119141 -0.188232 -0.972900 -0.012771 0.067046 0.238386 34.500000 -15.300000 83.699997
-0.011719 -0.001221 -0.985596 -0.012771 0.024477 0.113872 35.700001 -15.900000 82.500000
-0.031494 -0.016357 -0.956055 -0.008514 0.020220 0.068110 33.900002 -14.700000 82.500000
-0.057129 -0.055664 -1.017822 -0.017028 0.017028 0.102166 33.000000 -16.200001 81.599998
-0.038330 -0.026123 -0.971191 -0.004257 0.025541 0.068110 33.299999 -14.700000 83.099998
-0.023926 -0.020508 -0.965576 -0.005321 0.026606 0.051083 34.500000 -15.300000 82.500000
-0.068604 -0.047852 -0.952637 -0.007450 -0.014899 0.053211 34.799999 -16.200001 83.400002
-0.038330 -0.027588 -0.929688 -0.035119 0.029798 0.022349 35.099998 -15.900000 82.500000
-0.019287 -0.031494 -0.946289 -0.015963 0.022349 -0.024477 35.400002 -15.000000 81.599998
-0.044434 -0.056641 -1.028320 -0.005321 0.006385 0.001064 34.200001 -18.000000 81.599998
-0.066650 -0.043945 -0.988525 -0.022349 0.027670 0.018092 34.500000 -14.700000 83.099998
-0.035889 -0.015869 -1.022217 0.008514 0.017028 -0.058532 35.700001 -15.900000 81.900002
-0.014648 -0.012207 -0.922119 -0.026606 0.017028 -0.034055 35.700001 -15.900000 81.900002
-0.040283 -0.053467 -1.010986 -0.004257 0.010642 -0.036184 33.900002 -14.700000 82.500000
-0.036865 -0.024170 -0.952637 -0.018092 0.031927 -0.059597 33.900002 -14.100000 80.699997
-0.022461 -0.040771 -1.005615 -0.013835 0.037248 -0.019156 32.700001 -17.100000 83.099998
-0.047852 -0.030762 -1.043457 -0.005321 0.002128 -0.031927 36.000000 -15.600000 81.599998
-0.036133 -0.059570 -0.974854 -0.038312 -0.001064 -0.031927 33.900002 -14.700000 82.500000
-0.022461 -0.041260 -1.022705 0.005321 -0.005321 -0.044697 33.599998 -13.200000 82.199997
-0.042969 -0.017334 -0.989502 -0.007450 0.013835 -0.052147 35.400002 -13.800000 83.400002
-0.058838 -0.040527 -1.028809 -0.045762 0.019156 -0.015963 34.799999 -15.600000 81.599998
-0.041748 -0.051025 -0.974609 -0.010642 0.012771 -0.055340 33.599998 -13.800000 82.199997
-0.028076 -0.053711 -1.014160 0.007450 0.026606 -0.058532 35.400002 -13.200000 82.199997
-0.042480 -0.045410 -0.991211 -0.045762 0.008514 -0.042569 34.200001 -13.800000 80.400002
-0.020020 -0.022949 -0.960205 -0.030863 0.014899 -0.053211 34.200001 -14.400000 81.599998
-0.052490 -0.016357 -0.982666 -0.024477 0.028734 -0.039376 34.200001 -14.400000 82.800003
0.002686 -0.029053 -0.937500 -0.036184 0.052147 -0.059597 33.599998 -14.400000 81.599998
-0.032715 -0.031006 -0.954834 -0.015963 0.002128 -0.048954 36.599998 -14.400000 81.000000
-0.014893 -0.036133 -0.956299 -0.017028 0.022349 -0.057468 33.599998 -14.400000 81.599998
-0.026611 -0.042725 -0.980713 -0.002128 0.002128 -0.087266 34.500000 -15.300000 82.500000
0.011230 -0.035645 -1.013184 0.006385 -0.009578 -0.074496 34.200001 -14.400000 81.000000
-0.009766 -0.014404 -1.002686 -0.020220 0.022349 -0.098973 33.900002 -14.100000 83.099998
-0.012695 -0.050049 -0.982910 -0.023413 0.002128 -0.072367 34.200001 -12.600000 81.599998
0.013916 -0.020752 -0.961182 0.001064 0.014899 -0.089395 34.200001 -15.000000 82.199997
-0.041260 -0.039795 -0.983154 -0.007450 0.028734 -0.041505 34.200001 -11.400000 81.599998
-0.017090 -0.055664 -0.909668 -0.014899 0.039376 -0.012771 33.900002 -12.900000 81.900002
0.004639 -0.020752 -0.979980 -0.012771 0.018092 -0.064918 34.200001 -13.200000 81.000000
-0.009277 -0.027344 -0.960449 -0.036184 0.029798 -0.064918 35.400002 -12.600000 82.199997
0.002441 -0.059570 -0.944824 -0.009578 0.030863 -0.020220 33.599998 -14.400000 80.400002
-0.006592 -0.026855 -0.983398 -0.018092 0.038312 -0.044697 33.299999 -14.100000 82.500000
-0.065918 -0.035400 -0.950684 -0.020220 0.009578 -0.013835 31.200001 -14.400000 83.400002
-0.032227 -0.065918 -1.000732 -0.013835 0.020220 -0.026606 33.599998 -13.200000 80.400002
-0.004883 -0.059570 -0.974854 -0.005321 0.048954 -0.040441 33.599998 -12.000000 81.599998
-0.020752 -0.019531 -0.940674 -0.022349 0.022349 -0.075560 34.200001 -13.200000 82.199997
0.000000 -0.045898 -0.969727 -0.021284 0.025541 -0.074496 33.900002 -12.900000 81.300003
-0.009277 -0.026123 -1.008057 -0.009578 0.027670 -0.054275 32.700001 -11.700000 80.699997
0.001953 -0.007324 -0.966309 -0.006385 0.013835 -0.081945 33.599998 -10.800000 81.599998
-0.028076 -0.037109 -1.006348 -0.012771 0.021284 -0.116000 33.000000 -12.000000 83.400002
-0.000732 -0.070312 -0.964600 -0.021284 0.013835 -0.112808 33.900002 -12.900000 82.500000
-0.025879 -0.064453 -0.994385 -0.003193 0.035119 -0.064918 34.500000 -11.100000 81.900002
0.006836 -0.022217 -0.955566 0.002128 0.008514 -0.091523 34.200001 -12.000000 81.000000
0.034912 -0.055664 -0.991943 -0.010642 0.013835 -0.069175 34.500000 -11.700000 81.300003
0.032227 -0.031494 -1.005615 -0.009578 0.024477 -0.035119 34.500000 -11.100000 81.300003
-0.010254 -0.061279 -0.977051 -0.006385 0.032991 -0.034055 34.500000 -11.700000 83.099998
0.015869 -0.031982 -0.990479 -0.020220 0.019156 -0.043633 33.599998 -11.400000 80.400002
0.029297 -0.037109 -0.991455 -0.010642 0.024477 -0.054275 34.500000 -11.700000 80.699997
0.042480 -0.039551 -0.973145 -0.014899 0.011706 -0.024477 33.599998 -12.000000 82.199997
0.036621 -0.022461 -0.970215 -0.018092 0.021284 -0.024477 33.900002 -10.500000 81.900002
0.029053 -0.041992 -0.986084 -0.010642 0.008514 0.028734 33.299999 -11.700000 81.300003
-0.002686 -0.021484 -1.012939 -0.011706 0.014899 0.012771 35.700001 -12.300000 81.300003
-0.023438 -0.056396 -0.974121 -0.017028 0.031927 0.007450 35.099998 -12.300000 83.099998
-0.025146 -0.054932 -0.967041 -0.011706 0.014899 0.013835 35.700001 -10.500000 81.300003
-0.014893 -0.041260 -0.990723 -0.010642 0.017028 0.019156 34.200001 -12.000000 82.199997
-0.023438 -0.033691 -0.980957 -0.013835 0.025541 0.020220 33.299999 -11.100000 81.300003
-0.017578 -0.043213 -0.975586 -0.014899 0.015963 0.020220 34.500000 -12.300000 81.300003
-0.012207 -0.039551 -0.989014 -0.015963 0.019156 0.018092 33.900002 -9.900000 81.900002
-0.020264 -0.035400 -0.968262 -0.015963 0.021284 0.018092 35.099998 -11.700000 80.699997
-0.017578 -0.038330 -0.973633 -0.015963 0.015963 0.014899 35.400002 -11.400000 80.400002
-0.019287 -0.037109 -0.976074 -0.015963 0.021284 0.018092 33.599998 -12.600000 83.400002
-0.023926 -0.045166 -0.976562 -0.014899 0.017028 0.017028 34.500000 -11.700000 83.099998
-0.018799 -0.033691 -0.971924 -0.014899 0.018092 0.021284 35.700001 -11.100000 81.900002
-0.017578 -0.043213 -0.994385 -0.013835 0.018092 0.019156 34.799999 -13.200000 79.800003
-0.017822 -0.043701 -0.968262 -0.011706 0.020220 0.019156 33.299999 -11.700000 82.500000
-0.012939 -0.031250 -0.978760 -0.012771 0.015963 0.017028 34.799999 -11.400000 80.400002
-0.014160 -0.042725 -0.984375 -0.017028 0.024477 0.017028 34.500000 -10.500000 81.900002
-0.021729 -0.036621 -0.981934 -0.017028 0.023413 0.020220 33.900002 -11.100000 82.500000
-0.016357 -0.040771 -0.973877 -0.017028 0.023413 0.018092 33.599998 -12.000000 82.199997
-0.017334 -0.036377 -0.978271 -0.010642 0.017028 0.017028 33.900002 -12.300000 81.300003
-0.013672 -0.042969 -0.976807 -0.012771 0.018092 0.018092 33.900002 -9.900000 81.900002
-0.014648 -0.032959 -0.979248 -0.012771 0.020220 0.020220 35.099998 -11.700000 81.300003
-0.020996 -0.031006 -0.976562 -0.013835 0.019156 0.017028 33.599998 -10.800000 81.599998
-0.019043 -0.035645 -0.970459 -0.013835 0.022349 0.020220 34.200001 -11.400000 81.000000
-0.015869 -0.038086 -0.981689 -0.013835 0.020220 0.015963 34.799999 -12.600000 82.199997
-0.013428 -0.036621 -0.982422 -0.015963 0.019156 0.018092 33.299999 -12.900000 80.099998
-0.017334 -0.042969 -0.967285 -0.013835 0.017028 0.018092 33.599998 -10.800000 81.000000
-0.019043 -0.038330 -0.965332 -0.014899 0.019156 0.020220 33.599998 -12.000000 82.800003
-0.019775 -0.033203 -0.974609 -0.011706 0.024477 0.017028 34.200001 -10.800000 82.800003
-0.023682 -0.038086 -0.972900 -0.011706 0.020220 0.017028 34.200001 -10.200000 82.199997
-0.020508 -0.036133 -0.974121 -0.015963 0.020220 0.017028 34.200001 -12.000000 80.400002
-0.018799 -0.041504 -0.987305 -0.015963 0.021284 0.020220 33.000000 -10.800000 81.000000
-0.017334 -0.037598 -0.970947 -0.013835 0.021284 0.020220 34.500000 -12.300000 81.900002
-0.019043 -0.037109 -0.968750 -0.012771 0.020220 0.021284 34.200001 -10.800000 79.800003
-0.016602 -0.040527 -0.976074 -0.015963 0.017028 0.020220 33.900002 -11.700000 83.099998
-0.018066 -0.040771 -0.986816 -0.014899 0.022349 0.017028 33.900002 -11.700000 81.900002
-0.017090 -0.036865 -0.985840 -0.013835 0.023413 0.022349 32.700001 -11.100000 81.300003
-0.015381 -0.039551 -0.979492 -0.013835 0.024477 0.017028 33.900002 -11.700000 81.900002
-0.016602 -0.037842 -0.985107 -0.011706 0.022349 0.020220 33.599998 -11.400000 81.000000
-0.021973 -0.043701 -0.976074 -0.013835 0.020220 0.017028 35.400002 -10.800000 82.199997
-0.016846 -0.038818 -0.977539 -0.015963 0.019156 0.018092 33.900002 -9.300000 79.500000
-0.017334 -0.029297 -0.970215 -0.013835 0.021284 0.021284 33.000000 -10.200000 82.800003
-0.022705 -0.034180 -0.969482 -0.010642 0.022349 0.020220 33.599998 -10.800000 82.800003
-0.015381 -0.042969 -0.976807 -0.014899 0.019156 0.017028 33.900002 -11.100000 82.500000
-0.017334 -0.034668 -0.979980 -0.012771 0.022349 0.019156 35.700001 -10.500000 80.699997
-0.014404 -0.041016 -0.983154 -0.013835 0.020220 0.019156 34.200001 -10.200000 82.199997
-0.020020 -0.036621 -0.981689 -0.013835 0.021284 0.019156 34.500000 -10.500000 81.900002
-0.023193 -0.035156 -0.981934 -0.010642 0.019156 0.017028 34.500000 -11.100000 80.099998
-0.015381 -0.038818 -0.981934 -0.011706 0.019156 0.020220 34.500000 -11.700000 81.300003
-0.019287 -0.034668 -0.979492 -0.017028 0.023413 0.018092 33.599998 -12.000000 80.400002
-0.021484 -0.037354 -0.978516 -0.012771 0.019156 0.018092 35.099998 -10.500000 82.500000
-0.024170 -0.035889 -0.976562 -0.011706 0.019156 0.020220 34.500000 -13.500000 80.699997
-0.021240 -0.037598 -0.981445 -0.013835 0.022349 0.018092 34.799999 -10.200000 82.800003
-0.026611 -0.043945 -0.980957 -0.014899 0.019156 0.018092 34.799999 -12.600000 82.199997
-0.024170 -0.045166 -0.975586 -0.014899 0.018092 0.022349 32.099998 -11.100000 80.699997
-0.010742 -0.033447 -0.974365 -0.012771 0.021284 0.018092 34.200001 -10.200000 81.599998
-0.018066 -0.031494 -0.967529 -0.014899 0.021284 0.020220 32.700001 -11.700000 81.300003
-0.022949 -0.034668 -0.977051 -0.013835 0.019156 0.018092 33.299999 -11.700000 81.900002
-0.018799 -0.037109 -0.965332 -0.013835 0.021284 0.019156 32.400002 -10.800000 81.599998
-0.019287 -0.047119 -0.983643 -0.012771 0.023413 0.020220 34.500000 -11.700000 80.699997
-0.018799 -0.046875 -0.971680 -0.017028 0.020220 0.020220 35.400002 -9.600000 81.000000
-0.014404 -0.034424 -0.975098 -0.011706 0.018092 0.015963 33.000000 -11.400000 81.000000
-0.016113 -0.044678 -0.974121 -0.011706 0.020220 0.015963 35.700001 -11.100000 83.699997
-0.016602 -0.042969 -0.984619 -0.013835 0.017028 0.019156 36.000000 -11.400000 82.199997
-0.018066 -0.033203 -0.982666 -0.011706 0.022349 0.018092 32.700001 -11.100000 81.300003
-0.026367 -0.040527 -0.972900 -0.014899 0.024477 0.023413 33.000000 -10.200000 81.000000
-0.035889 -0.093994 -0.970215 -0.010642 0.023413 0.246900 34.799999 -12.000000 81.000000
-0.012939 -0.018311 -0.978516 -0.010642 0.019156 0.195817 34.200001 -10.800000 81.599998
-0.015625 -0.031494 -0.988525 -0.017028 0.020220 0.111744 33.000000 -10.800000 80.400002
-0.017822 -0.028076 -0.971924 -0.011706 0.023413 0.052147 33.900002 -12.300000 81.900002
-0.023926 -0.037842 -0.978271 -0.015963 0.019156 0.020220 33.299999 -12.300000 81.900002
-0.020752 -0.031006 -0.980957 -0.012771 0.022349 0.017028 33.900002 -12.900000 80.699997
-0.025391 -0.039307 -0.980225 -0.013835 0.022349 0.019156 34.200001 -10.200000 81.000000
-0.020264 -0.037598 -0.975586 -0.015963 0.019156 0.020220 33.000000 -12.600000 82.199997
-0.026611 -0.071289 -0.981689 -0.011706 0.020220 0.140478 34.200001 -12.600000 81.599998
-0.017090 -0.041016 -0.977295 -0.012771 0.021284 0.150056 35.700001 -12.300000 81.300003
-0.017334 -0.032227 -0.979004 -0.011706 0.025541 0.106422 33.000000 -11.400000 81.599998
-0.022705 -0.043945 -0.968018 -0.010642 0.020220 0.100037 33.000000 -13.200000 81.000000
-0.016846 -0.027100 -0.977539 -0.010642 0.022349 0.076624 34.200001 -12.600000 80.400002
-0.021973 -0.046875 -0.980713 -0.014899 0.020220 0.075560 33.900002 -11.700000 82.500000
-0.022949 -0.041504 -0.978516 -0.012771 0.020220 0.077688 33.599998 -12.600000 82.800003
-0.015381 -0.037598 -0.979004 -0.013835 0.022349 0.084074 34.200001 -11.400000 82.199997
-0.019531 -0.036865 -0.976074 -0.013835 0.021284 0.090459 34.500000 -11.700000 80.099998
-0.017822 -0.036133 -0.976807 -0.014899 0.020220 0.074496 34.500000 -12.900000 81.300003
-0.023193 -0.060791 -0.974609 -0.013835 0.020220 0.135156 33.299999 -12.300000 82.500000
-0.021484 -0.045898 -0.971680 -0.015963 0.022349 0.156441 32.700001 -13.500000 80.699997
-0.024414 -0.035400 -0.974121 -0.014899 0.020220 0.158569 32.400002 -12.000000 82.199997
-0.021240 -0.027100 -0.980713 -0.013835 0.022349 0.126643 33.900002 -13.500000 80.699997
-0.018066 -0.044922 -0.972412 -0.013835 0.022349 0.131964 34.500000 -14.100000 81.900002
-0.023682 -0.050781 -0.987549 -0.011706 0.022349 0.161762 32.099998 -12.900000 82.500000
-0.021729 -0.039062 -0.984375 -0.014899 0.023413 0.155377 33.900002 -15.300000 81.900002
-0.024902 -0.039551 -0.969482 -0.011706 0.023413 0.136221 32.099998 -15.300000 80.699997
-0.023193 -0.045898 -0.978027 -0.013835 0.019156 0.137285 33.299999 -13.500000 82.500000
-0.016602 -0.051758 -0.974854 -0.011706 0.023413 0.163891 33.599998 -14.400000 81.599998
-0.024170 -0.054199 -0.966309 -0.009578 0.025541 0.199010 33.000000 -14.400000 81.000000
-0.021973 -0.047852 -0.973145 -0.011706 0.020220 0.223487 35.099998 -14.700000 82.500000
-0.020996 -0.029785 -0.976318 -0.010642 0.022349 0.213909 33.900002 -14.700000 81.900002
-0.015869 -0.035645 -0.979980 -0.009578 0.023413 0.219230 32.099998 -14.700000 81.300003
-0.025391 -0.041016 -0.969727 -0.009578 0.021284 0.221359 33.299999 -14.700000 82.500000
-0.018799 -0.018066 -0.970947 -0.015963 0.021284 0.175597 32.700001 -16.500000 80.699997
-0.020752 -0.043701 -0.971680 -0.012771 0.022349 0.172404 32.400002 -15.600000 82.199997
-0.027344 -0.048828 -0.974609 -0.009578 0.027670 0.196881 33.000000 -15.600000 81.599998
-0.023682 -0.033447 -0.994385 -0.008514 0.022349 0.180918 31.500000 -14.100000 80.099998
-0.024902 -0.032959 -0.985107 -0.009578 0.022349 0.146863 32.400002 -15.000000 81.599998
-0.031006 -0.040039 -0.982666 -0.011706 0.021284 0.153248 31.500000 -15.300000 81.300003
-0.029297 -0.035400 -0.974365 -0.012771 0.022349 0.150056 31.200001 -16.200001 81.000000
-0.019775 -0.041260 -0.976562 -0.011706 0.021284 0.172404 30.900000 -16.500000 83.099998
-0.023438 -0.030518 -0.973145 -0.011706 0.022349 0.153248 31.799999 -15.000000 81.000000
-0.022705 -0.040527 -0.967773 -0.014899 0.022349 0.151120 31.799999 -17.400000 82.800003
-0.021729 -0.044189 -0.974365 -0.009578 0.027670 0.171340 33.900002 -17.700001 81.900002
-0.021240 -0.038818 -0.976074 -0.011706 0.021284 0.159634 33.000000 -15.600000 81.599998
-0.025391 -0.047852 -0.985596 -0.014899 0.025541 0.169212 31.799999 -16.799999 81.000000
-0.028076 -0.033203 -0.971191 -0.013835 0.024477 0.177725 32.099998 -15.900000 82.500000
-0.019287 -0.020020 -0.983154 -0.011706 0.022349 0.146863 32.400002 -16.200001 80.400002
-0.024170 -0.044678 -0.969971 -0.012771 0.023413 0.143670 32.099998 -15.900000 81.900002
-0.018799 -0.038330 -0.972900 -0.012771 0.024477 0.147927 32.099998 -18.900000 80.699997
-0.022461 -0.046143 -0.989746 -0.010642 0.022349 0.171340 31.500000 -17.700001 81.300003
-0.023193 -0.043457 -0.977539 -0.012771 0.022349 0.190496 32.099998 -17.700001 80.699997
-0.024170 -0.042480 -0.974609 -0.014899 0.024477 0.195817 30.900000 -16.500000 79.500000
-0.025879 -0.038330 -0.972168 -0.013835 0.021284 0.184111 31.500000 -18.299999 81.300003
-0.024414 -0.044434 -0.973145 -0.013835 0.027670 0.208588 32.099998 -18.299999 81.900002
-0.017334 -0.046875 -0.972168 -0.014899 0.018092 0.234129 32.099998 -18.900000 83.699997
-0.020508 -0.022461 -0.980225 -0.018092 0.018092 0.169212 30.299999 -17.700001 81.900002
-0.023926 -0.038086 -0.960938 -0.014899 0.021284 0.160698 30.000000 -19.799999 82.199997
-0.018555 -0.041260 -0.986328 -0.012771 0.022349 0.166019 30.000000 -19.200001 83.400002
-0.018555 -0.040771 -0.978271 -0.009578 0.021284 0.162826 30.900000 -20.100000 81.900002
-0.020996 -0.043213 -0.976074 -0.010642 0.020220 0.208588 32.099998 -19.500000 82.500000
-0.019287 -0.045898 -0.973877 -0.010642 0.023413 0.235194 31.799999 -19.200001 82.199997
-0.018066 -0.029541 -0.973877 -0.010642 0.025541 0.235194 30.600000 -18.600000 82.199997
-0.031982 -0.032471 -0.976807 -0.008514 0.025541 0.206460 31.500000 -19.500000 81.900002
-0.031006 -0.025879 -0.969238 -0.012771 0.022349 0.179854 30.900000 -20.100000 81.900002
-0.029785 -0.035645 -0.983154 -0.005321 0.022349 0.148991 30.000000 -20.400000 83.400002
-0.022949 -0.047119 -0.973145 -0.008514 0.022349 0.178790 30.299999 -19.500000 81.300003
-0.028320 -0.032715 -0.979248 -0.013835 0.021284 0.208588 30.900000 -19.500000 83.699997
-0.022705 -0.038330 -0.971924 -0.007450 0.022349 0.229872 29.100000 -20.100000 83.099998
-0.027588 -0.035889 -0.978027 -0.012771 0.024477 0.252221 29.100000 -21.299999 80.699997
-0.023682 -0.025146 -0.981934 -0.006385 0.028734 0.241579 30.000000 -21.000000 81.000000
-0.017090 -0.043945 -0.962646 -0.015963 0.020220 0.262863 27.600000 -21.000000 82.199997
-0.022705 -0.029297 -0.980713 -0.009578 0.028734 0.232001 29.400000 -19.799999 82.199997
-0.028809 -0.031006 -0.978271 -0.010642 0.027670 0.205395 29.100000 -20.700001 82.500000
-0.023926 -0.025391 -0.968262 -0.012771 0.018092 0.166019 27.600000 -22.200001 82.199997
-0.027344 -0.020264 -0.983398 -0.008514 0.019156 0.157505 28.500000 -23.100000 80.699997
-0.025146 -0.062500 -0.972900 -0.011706 0.020220 0.217102 28.500000 -23.700001 83.099998
-0.019287 -0.046631 -0.979004 -0.008514 0.025541 0.315010 28.200001 -21.000000 82.800003
-0.021973 -0.048340 -0.973633 -0.009578 0.017028 0.380992 28.500000 -22.500000 82.500000
-0.024902 -0.027100 -0.962891 -0.009578 0.024477 0.372478 29.100000 -23.700001 81.300003
-0.016846 -0.039307 -0.974121 -0.010642 0.024477 0.369286 29.100000 -22.500000 81.900002
-0.018555 -0.029053 -0.970215 -0.011706 0.023413 0.327781 28.799999 -22.799999 80.400002
-0.026367 -0.015625 -0.977295 -0.008514 0.019156 0.219230 26.700001 -22.500000 81.300003
-0.021973 -0.028076 -0.978516 -0.015963 0.022349 0.153248 28.799999 -23.400000 83.400002
-0.035400 -0.021729 -0.978271 -0.013835 0.020220 0.093652 26.400000 -22.200001 81.599998
-0.024902 -0.036621 -0.977783 -0.011706 0.020220 0.062789 27.299999 -23.100000 81.300003
-0.026611 -0.036133 -0.981689 -0.010642 0.017028 0.060661 27.299999 -23.100000 82.500000
-0.031738 -0.050049 -0.972656 -0.011706 0.020220 0.107487 26.400000 -24.000000 81.599998
-0.032471 -0.049561 -0.980469 -0.010642 0.024477 0.152184 27.000000 -24.600000 81.599998
-0.024170 -0.048096 -0.981201 -0.010642 0.019156 0.178790 26.100000 -23.100000 80.099998
-0.023438 -0.025635 -0.982666 -0.008514 0.021284 0.159634 27.000000 -25.200001 81.599998
-0.025879 -0.028564 -0.981201 -0.009578 0.022349 0.116000 25.200001 -24.000000 82.199997
-0.026123 -0.037842 -0.973877 -0.013835 0.021284 0.091523 27.000000 -24.600000 82.199997
-0.034912 -0.044678 -0.978271 -0.013835 0.024477 0.118129 26.100000 -23.700001 81.300003
-0.025391 -0.041748 -0.974121 -0.011706 0.020220 0.157505 25.200001 -25.200001 81.000000
-0.029053 -0.036865 -0.992920 -0.014899 0.024477 0.144735 26.700001 -26.100000 83.099998
-0.027588 -0.028564 -0.968750 -0.011706 0.022349 0.114936 27.000000 -24.000000 81.599998
-0.023438 -0.042236 -0.981934 -0.013835 0.021284 0.094716 27.600000 -24.000000 82.199997
-0.031982 -0.042236 -0.978516 -0.011706 0.019156 0.101101 26.100000 -24.900000 81.900002
-0.030762 -0.039795 -0.975586 -0.012771 0.020220 0.127707 25.200001 -24.000000 81.000000
-0.030518 -0.029785 -0.981201 -0.015963 0.025541 0.101101 27.000000 -25.200001 81.599998
-0.028809 -0.018555 -0.970703 -0.012771 0.021284 0.012771 26.100000 -24.900000 81.300003
-0.026855 -0.044678 -0.990723 -0.012771 0.019156 0.015963 26.700001 -26.100000 82.500000
-0.024902 -0.037354 -0.976807 -0.015963 0.022349 0.019156 25.500000 -22.500000 83.099998
-0.026611 -0.027344 -0.982178 -0.018092 0.017028 0.020220 28.200001 -25.200001 82.199997
-0.026611 -0.033936 -0.980225 -0.017028 0.021284 0.017028 24.900000 -24.299999 81.300003
-0.032715 -0.041748 -0.962646 -0.013835 0.019156 0.015963 26.700001 -24.900000 81.300003
-0.029785 -0.041504 -0.972656 -0.010642 0.021284 0.018092 26.100000 -24.900000 83.099998
-0.024170 -0.036865 -0.975586 -0.013835 0.020220 0.021284 26.100000 -25.500000 81.300003
-0.030518 -0.036865 -0.977783 -0.014899 0.019156 0.019156 27.000000 -23.400000 83.400002
-0.026367 -0.040527 -0.973389 -0.015963 0.023413 0.020220 26.700001 -25.500000 81.900002
-0.027344 -0.038574 -0.983398 -0.012771 0.020220 0.018092 27.600000 -24.600000 81.599998
-0.029053 -0.037354 -0.979248 -0.014899 0.021284 0.019156 27.299999 -24.299999 82.500000
-0.027832 -0.036865 -0.981689 -0.014899 0.019156 0.020220 27.299999 -24.299999 82.500000
-0.027588 -0.041504 -0.974854 -0.010642 0.019156 0.019156 25.799999 -25.799999 82.800003
-0.033936 -0.040527 -0.976318 -0.013835 0.020220 0.020220 27.000000 -25.799999 82.199997
-0.028809 -0.033203 -0.980713 -0.014899 0.019156 0.015963 25.799999 -25.799999 81.599998
-0.027832 -0.044922 -0.972168 -0.013835 0.020220 0.019156 25.500000 -24.900000 81.900002
-0.031250 -0.041016 -0.977539 -0.018092 0.018092 0.017028 25.500000 -23.700001 83.099998
-0.025391 -0.039551 -0.984131 -0.015963 0.023413 0.020220 26.100000 -25.500000 81.900002
-0.028076 -0.034424 -0.985840 -0.013835 0.020220 0.018092 26.100000 -24.900000 83.699997
-0.025146 -0.041260 -0.977051 -0.011706 0.022349 0.020220 24.900000 -25.500000 80.699997
-0.024170 -0.033203 -0.975342 -0.015963 0.020220 0.020220 27.600000 -25.799999 81.000000
-0.031738 -0.036133 -0.979492 -0.015963 0.019156 0.017028 27.000000 -25.799999 82.800003
-0.029053 -0.037598 -0.964600 -0.017028 0.021284 0.018092 28.500000 -25.500000 81.300003
-0.032471 -0.042236 -0.978027 -0.015963 0.021284 0.018092 25.500000 -23.700001 81.900002
-0.029541 -0.032471 -0.968018 -0.017028 0.020220 0.020220 24.600000 -23.400000 80.400002
-0.034668 -0.036377 -0.990234 -0.012771 0.021284 0.015963 26.400000 -23.400000 80.400002
-0.028809 -0.038574 -0.977051 -0.015963 0.021284 0.015963 25.799999 -25.200001 80.400002
-0.026611 -0.038574 -0.972168 -0.013835 0.022349 0.020220 25.799999 -25.200001 80.400002
-0.032471 -0.039062 -0.978027 -0.011706 0.021284 0.021284 24.900000 -23.700001 82.500000
-0.035156 -0.030518 -0.973145 -0.010642 0.021284 0.018092 26.400000 -24.000000 81.000000
-0.022949 -0.027100 -0.979736 -0.012771 0.022349 0.022349 26.700001 -24.299999 82.500000
-0.028320 -0.037354 -0.969727 -0.014899 0.023413 0.018092 26.700001 -24.900000 81.900002
-0.034668 -0.025635 -0.992432 -0.011706 0.021284 0.017028 26.100000 -24.299999 82.500000
-0.025146 -0.035400 -0.987061 -0.010642 0.017028 0.017028 25.200001 -22.799999 82.800003
