-0.029053 -0.010986 -0.990234 -0.015963 0.022349 0.022349 -9.000000 18.600000 75.000000
-0.031494 -0.003906 -0.979004 -0.018092 0.025541 0.019156 -6.900000 17.100000 76.500000
-0.028564 0.001953 -0.974121 -0.015963 0.021284 0.015963 -7.800000 18.000000 75.000000
-0.031494 -0.003662 -0.981934 -0.015963 0.024477 0.019156 -8.700000 17.700001 76.500000
-0.034180 0.000977 -0.976807 -0.013835 0.026606 0.017028 -8.100000 17.100000 76.500000
-0.029541 0.000977 -0.972656 -0.013835 0.023413 0.019156 -8.400000 18.600000 74.400002
-0.031982 -0.008057 -0.983887 -0.012771 0.021284 0.019156 -8.100000 17.700001 74.699997
-0.031494 -0.001221 -0.983643 -0.015963 0.022349 0.020220 -8.100000 17.100000 74.099998
-0.030029 -0.006104 -0.980713 -0.014899 0.024477 0.017028 -8.700000 19.500000 74.699997
-0.030762 -0.003174 -0.968750 -0.013835 0.023413 0.020220 -7.500000 17.700001 75.300003
-0.038330 -0.009033 -0.976074 -0.009578 0.023413 0.018092 -8.400000 19.799999 76.199997
-0.022217 -0.004150 -0.983154 -0.012771 0.022349 0.019156 -7.800000 19.200001 75.599998
-0.032959 -0.002930 -0.970703 -0.012771 0.022349 0.017028 -8.100000 18.299999 77.099998
-0.031006 -0.001709 -0.974609 -0.013835 0.023413 0.019156 -7.200000 18.600000 75.000000
-0.031250 0.000244 -0.980713 -0.013835 0.022349 0.018092 -9.000000 18.000000 76.199997
-0.030762 -0.003418 -0.976807 -0.014899 0.023413 0.018092 -7.200000 16.799999 76.199997
-0.026123 -0.002441 -0.983398 -0.013835 0.022349 0.017028 -9.300000 19.500000 74.699997
-0.033691 0.000244 -0.974609 -0.013835 0.023413 0.019156 -6.900000 17.700001 77.699997
-0.026855 -0.003906 -0.970703 -0.014899 0.025541 0.019156 -9.000000 17.400000 77.400002
-0.039307 -0.001953 -0.975830 -0.013835 0.023413 0.019156 -7.800000 18.600000 76.199997
-0.035400 -0.002441 -0.978516 -0.011706 0.024477 0.020220 -7.200000 16.799999 74.400002
-0.022705 -0.000244 -0.974854 -0.013835 0.025541 0.017028 -9.300000 18.900000 74.699997
-0.031250 -0.005371 -0.973145 -0.014899 0.022349 0.015963 -9.000000 18.000000 75.599998
-0.029541 -0.008789 -0.969482 -0.011706 0.024477 0.018092 -8.100000 16.500000 77.099998
-0.024902 -0.004150 -0.977051 -0.012771 0.023413 0.020220 -8.700000 18.299999 76.500000
-0.031738 -0.003418 -0.971924 -0.012771 0.024477 0.019156 -8.400000 17.400000 75.000000
-0.037109 -0.009521 -0.970459 -0.010642 0.022349 0.019156 -9.000000 16.200001 75.599998
-0.036133 -0.002930 -0.969727 -0.011706 0.024477 0.019156 -8.400000 18.000000 76.199997
-0.030029 -0.009033 -0.975342 -0.012771 0.021284 0.014899 -8.700000 16.500000 75.300003
-0.028076 -0.007812 -0.981201 -0.012771 0.022349 0.020220 -7.800000 17.400000 75.000000
-0.031250 -0.017334 -0.977539 -0.013835 0.021284 0.019156 -8.100000 17.100000 75.300003
-0.038818 -0.007324 -0.987305 -0.012771 0.021284 0.017028 -6.900000 19.500000 75.900002
-0.031494 -0.002686 -0.977539 -0.014899 0.024477 0.018092 -9.300000 17.700001 77.099998
-0.033203 -0.011230 -0.985352 -0.012771 0.024477 0.017028 -9.000000 17.400000 76.800003
-0.035400 -0.003174 -0.974609 -0.013835 0.023413 0.018092 -7.800000 18.600000 76.800003
-0.031250 -0.004150 -0.975098 -0.012771 0.023413 0.018092 -7.800000 19.200001 74.400002
-0.035156 -0.008789 -0.982666 -0.011706 0.022349 0.018092 -8.700000 18.299999 76.500000
-0.032227 -0.003906 -0.970703 -0.012771 0.022349 0.020220 -9.300000 16.500000 76.500000
-0.031982 -0.010742 -0.979492 -0.013835 0.020220 0.018092 -7.200000 19.200001 75.000000
-0.029541 -0.005371 -0.973877 -0.013835 0.022349 0.020220 -7.200000 18.000000 76.199997
-0.027100 -0.008057 -0.974854 -0.014899 0.020220 0.020220 -8.400000 19.200001 75.599998
-0.029053 -0.005371 -0.977539 -0.014899 0.023413 0.017028 -9.900000 18.299999 75.300003
-0.038574 -0.001709 -0.979980 -0.012771 0.024477 0.019156 -6.600000 18.000000 75.599998
-0.029297 -0.007812 -0.977539 -0.012771 0.020220 0.020220 -7.800000 18.600000 73.800003
-0.031006 0.001709 -0.970703 0.174533 0.034055 -0.012771 -7.800000 18.600000 75.000000
-0.049072 0.021484 -0.962158 -0.047890 0.096844 0.010642 -8.400000 17.400000 75.000000
-0.084473 0.020264 -0.854980 0.023413 0.072367 0.034055 -9.600000 17.400000 77.400002
-0.066895 -0.005127 -0.905029 0.001064 -0.018092 0.013835 -9.000000 17.400000 75.599998
-0.021973 -0.081299 -1.004883 -0.017028 -0.028734 0.006385 -8.700000 18.900000 75.300003
0.009766 -0.017090 -1.055664 -0.024477 0.008514 0.036184 -6.900000 17.700001 75.300003
-0.032715 0.037598 -0.973877 -0.007450 0.062789 0.030863 -8.100000 17.100000 75.300003
-0.064453 0.029541 -0.924316 -0.019156 0.041505 0.013835 -7.200000 17.400000 75.599998
-0.031738 0.001953 -0.992432 -0.034055 -0.006385 0.015963 -8.700000 17.100000 76.500000
-0.019043 -0.010986 -1.006836 -0.015963 0.039376 0.015963 -8.100000 18.900000 76.500000
-0.049072 0.013916 -0.940430 -0.009578 0.047890 0.021284 -8.700000 17.100000 75.900002
-0.043213 0.017334 -0.949463 -0.019156 0.008514 0.023413 -7.800000 17.400000 75.000000
-0.018555 -0.015869 -1.002930 -0.019156 0.004257 0.017028 -9.000000 18.000000 75.599998
-0.016357 -0.016602 -0.993896 -0.013835 0.029798 0.019156 -9.000000 16.799999 76.800003
-0.048584 0.003906 -0.958984 -0.012771 0.029798 0.021284 -9.600000 18.600000 75.000000
-0.034180 0.006836 -0.980713 -0.018092 0.009578 0.020220 -9.000000 16.799999 76.199997
-0.015137 -0.009766 -0.993408 -0.015963 0.020220 0.017028 -9.000000 18.600000 74.400002
-0.031738 -0.005127 -0.974609 -0.009578 0.032991 0.015963 -8.700000 16.500000 77.099998
-0.036865 -0.002686 -0.957520 -0.013835 0.021284 0.018092 -6.900000 19.500000 75.300003
-0.030029 -0.002686 -0.964355 -0.012771 0.014899 0.019156 -10.200000 18.000000 74.400002
-0.028809 -0.010498 -0.985840 -0.011706 0.020220 0.019156 -8.400000 18.600000 76.199997
-0.032471 -0.008545 -0.973877 -0.008514 0.028734 0.019156 -7.800000 18.000000 76.199997
-0.035889 -0.007080 -0.962158 -0.012771 0.020220 0.018092 -8.700000 18.299999 75.300003
-0.028320 -0.005615 -0.977539 -0.013835 0.018092 0.018092 -8.400000 18.600000 75.000000
-0.025391 -0.007812 -0.988037 -0.010642 0.022349 0.020220 -8.400000 17.400000 74.400002
-0.031738 -0.004395 -0.972168 -0.013835 0.026606 0.020220 -7.500000 16.500000 75.300003
-0.027344 -0.008545 -0.977783 -0.014899 0.017028 0.017028 -7.500000 21.299999 75.300003
-0.032715 -0.010742 -0.985840 -0.014899 0.024477 0.015963 -7.500000 18.299999 74.699997
-0.033691 -0.008545 -0.974121 -0.010642 0.025541 0.018092 -7.200000 17.400000 76.800003
-0.039551 -0.001709 -0.970703 -0.013835 0.025541 0.018092 -7.200000 17.400000 76.199997
-0.031250 -0.010254 -0.973145 -0.017028 0.019156 0.019156 -9.000000 16.799999 74.400002
-0.039307 -0.009766 -0.977783 -0.014899 0.024477 0.020220 -7.500000 17.700001 75.300003
-0.032959 -0.003662 -0.970703 -0.013835 0.021284 0.022349 -8.700000 19.500000 75.300003
-0.033203 -0.009277 -0.975098 -0.017028 0.022349 0.020220 -7.800000 18.000000 76.199997
-0.031006 -0.011230 -0.969971 -0.010642 0.025541 0.020220 -8.700000 17.700001 75.300003
-0.037598 -0.000732 -0.975586 -0.017028 0.024477 0.019156 -8.400000 17.400000 76.199997
-0.032227 -0.008057 -0.979492 -0.012771 0.022349 0.018092 -9.300000 17.100000 75.300003
-0.032227 -0.004639 -0.981934 -0.013835 0.022349 0.017028 -9.900000 18.299999 76.500000
-0.031982 -0.006104 -0.966064 -0.015963 0.024477 0.015963 -9.900000 16.500000 75.300003
-0.033447 -0.006836 -0.966797 -0.012771 0.022349 0.018092 -8.100000 18.299999 76.500000
-0.036377 0.001953 -0.983154 -0.013835 0.025541 0.017028 -7.800000 18.000000 76.800003
-0.032959 -0.001709 -0.972656 -0.011706 0.021284 0.018092 -7.800000 18.600000 74.400002
-0.028809 -0.005371 -0.974365 -0.012771 0.023413 0.021284 -8.400000 18.000000 76.800003
-0.031494 -0.005371 -0.961182 -0.014899 0.021284 0.018092 -8.700000 17.100000 74.699997
-0.028320 -0.003906 -0.976807 -0.011706 0.024477 0.017028 -8.700000 17.100000 75.900002
-0.027832 -0.005127 -0.968018 -0.015963 0.023413 0.018092 -8.400000 18.000000 75.599998
-0.032227 0.001221 -0.974121 -0.014899 0.020220 0.022349 -6.900000 16.500000 75.900002
-0.031250 -0.004150 -0.974854 -0.010642 0.023413 0.021284 -7.500000 17.700001 75.300003
-0.034424 -0.002197 -0.981445 -0.010642 0.023413 0.017028 -7.800000 19.200001 74.400002
-0.031006 -0.010986 -0.977051 -0.013835 0.021284 0.017028 -6.900000 18.900000 75.900002
-0.033936 -0.004395 -0.974854 -0.011706 0.021284 0.018092 -9.000000 18.600000 75.000000
-0.034912 -0.004883 -0.978760 -0.013835 0.021284 0.017028 -9.300000 19.500000 76.500000
-0.029297 -0.004639 -0.971191 -0.014899 0.025541 0.019156 -9.000000 17.400000 75.599998
-0.034668 -0.005127 -0.975586 -0.013835 0.023413 0.019156 -7.500000 18.299999 75.300003
-0.033447 -0.003418 -0.984619 -0.014899 0.022349 0.021284 -9.600000 18.000000 74.400002
-0.037109 -0.004639 -0.966064 -0.009578 0.020220 0.018092 -9.300000 18.900000 74.099998
-0.035156 -0.008789 -0.977783 -0.012771 0.022349 0.019156 -8.100000 18.299999 76.500000
-0.032471 -0.008057 -0.982178 -0.014899 0.023413 0.018092 -8.400000 18.000000 75.599998
-0.035400 0.000732 -0.977295 -0.015963 0.024477 0.019156 -8.400000 18.000000 76.199997
-0.034424 -0.004883 -0.985107 -0.012771 0.018092 0.019156 -7.500000 17.700001 75.300003
-0.032471 -0.005127 -0.974609 -0.011706 0.021284 0.019156 -7.200000 17.400000 75.599998
-0.033936 -0.007324 -0.974854 -0.017028 0.022349 0.020220 -8.700000 18.900000 75.300003
-0.031006 -0.010010 -0.984131 -0.010642 0.024477 0.022349 -8.400000 18.000000 74.400002
-0.030029 -0.006592 -0.973389 -0.014899 0.023413 0.020220 -8.700000 17.100000 75.300003
-0.033203 -0.006104 -0.983887 -0.012771 0.024477 0.019156 -8.100000 18.900000 74.699997
-0.028320 -0.002197 -0.978027 -0.012771 0.021284 0.020220 -7.800000 18.000000 76.199997
-0.035156 -0.007568 -0.974609 -0.014899 0.023413 0.021284 -9.900000 20.100000 75.900002
-0.028809 -0.011475 -0.970947 -0.012771 0.024477 0.017028 -8.100000 17.100000 75.300003
-0.034912 -0.006104 -0.978027 -0.014899 0.021284 0.018092 -7.200000 18.600000 74.400002
-0.036621 -0.004639 -0.982422 -0.010642 0.020220 0.017028 -9.300000 16.500000 76.500000
-0.027344 -0.003174 -0.984619 -0.015963 0.023413 0.017028 -8.400000 18.000000 76.199997
-0.029297 -0.006836 -0.975098 -0.012771 0.022349 0.019156 -9.600000 18.600000 75.599998
-0.034180 -0.000488 -0.979980 -0.009578 0.021284 0.019156 -8.100000 18.299999 76.500000
0.074707 0.421875 -1.574707 -0.173469 0.019156 0.018092 -9.600000 18.000000 75.599998
-0.078857 0.079346 -1.110596 0.001064 0.023413 0.060661 -8.100000 18.900000 75.900002
-0.008545 0.035156 -0.963135 0.000000 0.056404 0.029798 -7.200000 19.200001 76.800003
-0.066895 -0.033203 -0.899414 0.006385 0.017028 -0.008514 -6.900000 18.299999 75.900002
-0.040283 -0.097900 -0.956055 -0.001064 -0.012771 0.001064 -7.200000 18.600000 76.800003
-0.006592 -0.024414 -1.033447 -0.014899 0.000000 0.032991 -7.500000 18.299999 75.300003
-0.007812 0.000977 -1.001709 -0.031927 0.036184 0.011706 -6.900000 18.900000 74.099998
-0.048584 0.013916 -0.954834 -0.020220 0.052147 0.022349 -8.400000 17.400000 76.199997
-0.050049 0.038574 -0.949463 -0.009578 0.026606 0.025541 -7.200000 18.600000 76.199997
-0.027344 0.003662 -0.992920 -0.022349 0.004257 0.022349 -8.700000 17.100000 77.099998
-0.025146 0.017090 -0.983398 -0.019156 0.040441 0.023413 -9.000000 19.200001 76.199997
-0.041260 0.017090 -0.953613 -0.019156 0.011706 0.018092 -8.100000 18.900000 77.099998
-0.028564 -0.013672 -0.997803 -0.020220 0.011706 0.015963 -7.200000 18.000000 77.400002
-0.024902 -0.003418 -0.987061 -0.015963 0.035119 0.017028 -7.800000 17.400000 76.800003
-0.046631 -0.004883 -0.964600 -0.013835 0.023413 0.022349 -7.200000 17.400000 76.199997
-0.025146 -0.001709 -1.000977 -0.015963 0.012771 0.018092 -8.700000 17.100000 75.900002
-0.026367 -0.005615 -0.991211 -0.013835 0.028734 0.019156 -9.600000 19.200001 76.199997
-0.037598 0.001465 -0.966553 -0.011706 0.028734 0.015963 -9.900000 18.900000 75.300003
-0.028564 -0.010254 -0.979248 -0.013835 0.015963 0.018092 -7.800000 18.000000 76.199997
-0.022705 -0.010498 -0.993896 -0.015963 0.024477 0.018092 -9.000000 18.600000 73.800003
-0.042725 -0.009766 -0.968018 -0.013835 0.023413 0.018092 -8.400000 18.000000 74.400002
-0.033936 -0.010010 -0.980469 -0.012771 0.021284 0.020220 -7.500000 17.100000 76.500000
-0.031494 -0.004883 -0.989258 -0.012771 0.023413 0.019156 -8.400000 19.200001 74.400002
-0.033691 -0.008545 -0.977295 -0.012771 0.024477 0.014899 -8.400000 19.200001 76.199997
-0.035156 -0.001709 -0.969482 -0.012771 0.019156 0.018092 -10.200000 18.000000 76.800003
-0.029053 -0.007324 -0.990479 -0.015963 0.024477 0.020220 -8.100000 17.700001 75.900002
-0.031982 -0.005859 -0.983154 -0.012771 0.022349 0.021284 -10.200000 18.600000 73.800003
-0.029053 0.000977 -0.969238 -0.012771 0.018092 0.021284 -9.900000 17.700001 75.900002
-0.023193 -0.002930 -0.971680 -0.010642 0.020220 0.017028 -9.600000 18.000000 76.199997
-0.027832 -0.009766 -0.964844 -0.011706 0.025541 0.018092 -7.500000 17.700001 75.900002
-0.031250 -0.002197 -0.968506 -0.015963 0.020220 0.015963 -8.400000 19.200001 77.400002
-0.032471 -0.004639 -0.979492 -0.012771 0.021284 0.018092 -9.000000 17.400000 76.800003
-0.033447 -0.011230 -0.975342 -0.013835 0.021284 0.015963 -8.700000 17.100000 75.300003
-0.032959 -0.008545 -0.975098 -0.014899 0.021284 0.019156 -8.700000 18.900000 74.099998
-0.034180 -0.006836 -0.981934 -0.013835 0.019156 0.020220 -7.800000 18.000000 75.000000
-0.030029 -0.003418 -0.985596 -0.012771 0.022349 0.017028 -8.100000 17.100000 75.900002
-0.029053 0.003174 -0.966309 -0.011706 0.023413 0.020220 -8.400000 16.200001 76.800003
-0.027100 -0.008545 -0.970703 -0.010642 0.023413 0.018092 -9.000000 17.400000 76.199997
-0.029053 -0.005859 -0.979492 -0.012771 0.024477 0.017028 -8.700000 18.900000 75.300003
-0.032959 -0.002686 -0.971680 -0.014899 0.022349 0.020220 -8.700000 16.500000 75.900002
-0.034912 -0.004150 -0.982178 -0.010642 0.021284 0.020220 -9.000000 18.000000 75.599998
-0.031982 0.001465 -0.978516 -0.015963 0.024477 0.018092 -9.000000 19.200001 75.000000
-0.033447 -0.008057 -0.982910 -0.015963 0.023413 0.019156 -8.400000 16.799999 75.599998
-0.028809 -0.003418 -0.979980 -0.012771 0.022349 0.017028 -7.800000 19.799999 76.199997
-0.028320 0.000244 -0.969971 -0.009578 0.020220 0.018092 -9.300000 18.299999 75.300003
-0.031494 -0.007324 -0.978271 -0.013835 0.025541 0.020220 -9.000000 18.600000 75.000000
-0.027832 -0.006104 -0.979004 -0.013835 0.022349 0.021284 -7.200000 17.400000 75.599998
-0.026611 -0.011719 -0.974854 -0.012771 0.023413 0.019156 -6.300000 18.299999 76.500000
-0.032715 -0.009277 -0.972168 -0.013835 0.022349 0.017028 -6.600000 16.799999 75.000000
-0.033691 -0.003174 -0.974365 -0.014899 0.024477 0.018092 -8.400000 18.000000 76.800003
-0.031494 -0.004150 -0.967773 -0.014899 0.020220 0.020220 -8.100000 15.900000 75.900002
-0.035400 -0.003418 -0.975586 -0.015963 0.021284 0.015963 -9.600000 17.400000 75.000000
-0.033203 0.001953 -0.983154 -0.013835 0.020220 0.021284 -7.200000 18.000000 76.800003
-0.031738 -0.004883 -0.977783 -0.008514 0.024477 0.020220 -7.500000 18.299999 77.099998
-0.032471 -0.003906 -0.966553 -0.012771 0.021284 0.018092 -8.700000 18.299999 75.900002
-0.033936 -0.006836 -0.981445 -0.012771 0.021284 0.020220 -8.400000 18.000000 75.000000
-0.028809 -0.005371 -0.975830 -0.013835 0.024477 0.020220 -7.500000 17.100000 77.699997
-0.037354 -0.009033 -0.979980 -0.011706 0.024477 0.020220 -9.000000 17.400000 75.000000
-0.034912 -0.002197 -0.973145 -0.015963 0.024477 0.015963 -7.800000 18.600000 75.599998
-0.177979 -0.153564 -0.789307 -0.419304 0.032991 -0.038312 -8.400000 19.200001 76.199997
0.055664 0.014648 -0.921143 -0.011706 0.042569 0.029798 -8.400000 18.600000 75.599998
-0.084717 0.107178 -0.903320 0.028734 0.113872 0.026606 -9.300000 17.100000 76.500000
-0.088379 0.042969 -0.853760 -0.003193 -0.002128 0.023413 -7.800000 18.600000 76.800003
-0.011475 -0.031250 -1.086670 -0.031927 -0.042569 0.007450 -7.200000 16.799999 76.800003
0.023193 -0.042480 -1.088135 -0.014899 0.020220 0.015963 -7.800000 19.200001 75.000000
-0.059814 -0.000244 -0.932129 0.008514 0.075560 0.024477 -9.000000 19.200001 75.599998
-0.072021 0.021729 -0.913574 -0.014899 0.029798 0.019156 -9.900000 18.299999 75.900002
-0.007324 -0.018066 -1.027588 -0.024477 -0.013835 0.013835 -8.400000 18.600000 76.199997
-0.006836 -0.026855 -1.025146 -0.006385 0.032991 0.019156 -9.600000 18.000000 75.599998
-0.059814 0.004639 -0.924805 -0.012771 0.043633 0.018092 -7.800000 16.799999 76.199997
-0.028320 -0.000977 -0.974121 -0.019156 0.000000 0.019156 -7.500000 17.100000 75.900002
-0.013184 -0.015381 -1.010742 -0.009578 0.035119 0.020220 -7.800000 18.000000 76.199997
-0.045654 -0.003418 -0.955811 -0.010642 0.045762 0.014899 -9.000000 16.799999 76.199997
-0.051270 -0.002197 -0.955322 -0.018092 0.017028 0.015963 -6.300000 17.100000 75.900002
-0.015869 -0.010254 -0.994385 -0.014899 0.011706 0.019156 -7.200000 18.000000 76.199997
-0.032471 -0.002930 -0.971191 -0.009578 0.037248 0.019156 -7.200000 19.200001 75.599998
-0.053467 0.004150 -0.954590 -0.013835 0.032991 0.020220 -6.900000 17.700001 75.900002
-0.038574 -0.004883 -0.960205 -0.015963 0.015963 0.018092 -9.600000 18.600000 75.000000
-0.022949 -0.004395 -0.991943 -0.013835 0.010642 0.019156 -7.800000 18.600000 75.599998
-0.023682 -0.008545 -0.987061 -0.011706 0.028734 0.018092 -9.900000 17.100000 75.300003
-0.042969 -0.001221 -0.957275 -0.013835 0.025541 0.018092 -8.400000 18.600000 76.199997
-0.032959 0.001221 -0.979492 -0.015963 0.014899 0.019156 -10.200000 18.600000 75.000000
-0.021484 -0.009766 -0.994385 -0.013835 0.025541 0.018092 -7.800000 18.000000 76.800003
-0.040527 -0.007324 -0.964355 -0.011706 0.028734 0.017028 -9.900000 17.700001 75.900002
-0.030762 -0.003662 -0.968262 -0.011706 0.015963 0.020220 -8.100000 18.299999 74.699997
-0.020020 -0.014893 -0.986084 -0.014899 0.020220 0.018092 -8.100000 18.299999 75.300003
-0.034912 -0.003662 -0.968750 -0.013835 0.026606 0.018092 -8.700000 17.700001 74.699997
-0.033203 -0.005859 -0.979736 -0.010642 0.021284 0.020220 -8.100000 18.299999 76.500000
-0.032959 -0.005371 -0.978516 -0.012771 0.018092 0.019156 -7.500000 17.100000 77.099998
-0.028076 -0.003906 -0.987061 -0.014899 0.022349 0.019156 -6.900000 19.500000 75.300003
-0.036865 -0.008545 -0.965332 -0.014899 0.025541 0.017028 -9.600000 16.799999 74.400002
-0.032715 0.000488 -0.964844 -0.011706 0.020220 0.020220 -8.700000 17.700001 75.300003
-0.033691 -0.004395 -0.976807 -0.011706 0.020220 0.015963 -9.300000 16.500000 75.900002
-0.035156 -0.008789 -0.976562 -0.012771 0.023413 0.020220 -9.000000 16.799999 75.599998
-0.034424 -0.007568 -0.959961 -0.009578 0.026606 0.015963 -9.600000 17.400000 74.400002
-0.031982 -0.007080 -0.979492 -0.013835 0.020220 0.020220 -9.000000 18.600000 73.800003
-0.030273 -0.008301 -0.979492 -0.014899 0.023413 0.015963 -7.800000 18.600000 75.000000
-0.029785 -0.004150 -0.973389 -0.012771 0.023413 0.017028 -10.800000 18.600000 76.199997
-0.035156 -0.002197 -0.976318 -0.013835 0.022349 0.019156 -9.300000 18.299999 74.699997
-0.032715 -0.001953 -0.979492 -0.017028 0.024477 0.018092 -9.000000 17.400000 75.000000
-0.033203 -0.010986 -0.980225 -0.011706 0.022349 0.018092 -8.400000 18.000000 74.400002
-0.035889 -0.003906 -0.970947 -0.013835 0.019156 0.018092 -8.100000 20.100000 75.900002
-0.026367 -0.005859 -0.979004 -0.015963 0.023413 0.015963 -8.700000 18.299999 75.300003
-0.031006 -0.005127 -0.974854 -0.011706 0.023413 0.018092 -8.700000 17.100000 75.300003
-0.035400 -0.005859 -0.977051 -0.012771 0.022349 0.017028 -8.400000 19.200001 76.199997
-0.031982 -0.005371 -0.973389 -0.012771 0.025541 0.021284 -6.900000 17.700001 74.699997
-0.023193 -0.005127 -0.976074 -0.012771 0.021284 0.019156 -9.900000 17.700001 76.500000
-0.035889 -0.008301 -0.973877 -0.015963 0.024477 0.018092 -7.200000 17.400000 76.199997
-0.027344 -0.002930 -0.979736 -0.012771 0.023413 0.018092 -7.800000 18.000000 76.199997
-0.030029 -0.007324 -0.976807 -0.018092 0.024477 0.019156 -8.400000 16.200001 75.000000
-0.029785 -0.007080 -0.977539 -0.014899 0.022349 0.019156 -7.500000 18.299999 74.699997
-0.037354 -0.003662 -0.979980 -0.014899 0.021284 0.018092 -9.000000 18.000000 74.400002
-0.037598 -0.006348 -0.972168 -0.014899 0.023413 0.014899 -7.500000 18.900000 77.099998
-0.040283 -0.002441 -0.968994 -0.011706 0.021284 0.018092 -7.500000 17.100000 74.699997
-0.035400 -0.005371 -0.972412 -0.012771 0.023413 0.020220 -7.500000 18.900000 75.900002
-0.028809 -0.007568 -0.984131 -0.012771 0.022349 0.019156 -7.200000 17.400000 76.800003
-0.031494 -0.011719 -0.981689 -0.012771 0.024477 0.020220 -7.800000 18.000000 76.199997
-0.032471 -0.007324 -0.972168 -0.011706 0.024477 0.020220 -7.500000 18.900000 75.900002
-0.032471 -0.008789 -0.978760 -0.012771 0.023413 0.020220 -9.900000 17.100000 76.500000
-0.033447 -0.005859 -0.975098 -0.015963 0.023413 0.019156 -6.600000 19.200001 75.000000
-0.031982 -0.008057 -0.979248 -0.017028 0.024477 0.015963 -9.300000 18.299999 75.900002
-0.031006 -0.005371 -0.979248 -0.012771 0.023413 0.019156 -7.800000 17.400000 75.599998
-0.030518 -0.002441 -0.980469 -0.011706 0.025541 0.018092 -8.100000 18.299999 74.099998
-0.036133 -0.005859 -0.976807 -0.011706 0.024477 0.019156 -7.200000 18.000000 76.800003
-0.029297 -0.009033 -0.970703 0.061725 -0.003193 -0.336295 -8.400000 16.799999 75.000000
0.034424 -0.124756 -0.913086 -0.178790 0.003193 -0.293726 -8.100000 18.299999 74.699997
-0.014404 -0.121582 -0.947998 0.005321 -0.018092 -0.003193 -9.300000 17.700001 75.300003
-0.022949 -0.085693 -1.002441 0.013835 0.036184 0.005321 -8.700000 17.700001 75.300003
-0.069336 -0.031982 -0.928711 0.002128 0.045762 0.018092 -9.300000 17.700001 77.099998
-0.052979 -0.003906 -0.942139 -0.019156 0.026606 0.020220 -9.000000 18.000000 73.800003
-0.016113 -0.006836 -1.007812 -0.027670 0.002128 0.020220 -9.300000 18.299999 75.300003
-0.006592 0.005615 -1.013672 -0.017028 0.025541 0.023413 -9.000000 17.400000 75.000000
-0.048828 0.022461 -0.959961 -0.011706 0.040441 0.024477 -7.800000 18.600000 73.800003
-0.040771 0.005859 -0.958252 -0.019156 0.012771 0.021284 -7.800000 18.600000 78.000000
-0.010498 -0.009033 -1.005127 -0.021284 0.011706 0.014899 -8.700000 17.700001 74.699997
-0.027100 -0.013672 -0.993408 -0.007450 0.035119 0.017028 -8.100000 17.700001 76.500000
-0.050781 0.001221 -0.947998 -0.011706 0.023413 0.020220 -9.300000 18.299999 75.900002
-0.031006 -0.006836 -0.986084 -0.013835 0.013835 0.017028 -8.400000 18.000000 75.599998
-0.025391 -0.019287 -0.992676 -0.013835 0.024477 0.015963 -10.500000 17.700001 75.900002
-0.035645 -0.009521 -0.966309 -0.012771 0.022349 0.020220 -7.500000 18.299999 75.300003
-0.028809 -0.002686 -0.991699 -0.017028 0.018092 0.015963 -8.100000 18.299999 77.099998
-0.022949 -0.010742 -0.989258 -0.012771 0.021284 0.014899 -9.900000 17.100000 75.900002
-0.034424 -0.006348 -0.976074 -0.011706 0.027670 0.019156 -8.700000 18.299999 76.500000
-0.033691 0.002441 -0.968750 -0.014899 0.022349 0.018092 -8.100000 18.900000 75.300003
-0.029541 -0.008301 -0.980957 -0.013835 0.019156 0.015963 -9.000000 18.600000 75.599998
-0.030518 -0.008057 -0.980225 -0.012771 0.023413 0.017028 -8.100000 18.299999 77.099998
-0.033203 -0.007324 -0.964111 -0.013835 0.020220 0.020220 -9.000000 18.600000 76.800003
-0.021973 -0.018066 -0.959229 -0.015963 0.018092 0.015963 -9.000000 16.799999 76.800003
-0.030029 0.000000 -0.982178 -0.013835 0.021284 0.019156 -8.700000 16.500000 77.099998
-0.026855 -0.006836 -0.967285 -0.009578 0.023413 0.020220 -7.200000 17.400000 75.599998
-0.039307 -0.005615 -0.974854 -0.015963 0.022349 0.020220 -8.100000 17.100000 75.900002
-0.028809 -0.003906 -0.973633 -0.013835 0.020220 0.018092 -7.200000 17.400000 75.000000
-0.044189 -0.009766 -0.986084 -0.010642 0.024477 0.020220 -9.300000 17.100000 75.900002
-0.032471 -0.003418 -0.979004 -0.012771 0.023413 0.017028 -9.300000 17.700001 74.699997
-0.036377 -0.004883 -0.973389 -0.013835 0.021284 0.020220 -7.200000 16.799999 75.000000
-0.027100 -0.013184 -0.971924 -0.011706 0.019156 0.015963 -9.000000 18.000000 75.599998
-0.027588 -0.010010 -0.986328 -0.012771 0.024477 0.020220 -7.800000 18.000000 75.599998
-0.035645 -0.004883 -0.972412 -0.011706 0.025541 0.019156 -7.800000 18.600000 75.599998
-0.027588 -0.004639 -0.983643 -0.010642 0.024477 0.019156 -8.400000 19.200001 75.000000
-0.031250 -0.008301 -0.970947 -0.011706 0.021284 0.017028 -8.700000 19.500000 76.500000
-0.033691 -0.003906 -0.976562 -0.012771 0.023413 0.019156 -9.000000 18.600000 75.000000
-0.026367 -0.004639 -0.978516 -0.015963 0.024477 0.017028 -9.300000 18.900000 77.699997
-0.032715 -0.002686 -0.976807 -0.013835 0.022349 0.019156 -10.500000 17.100000 75.300003
-0.031006 -0.008545 -0.977539 -0.009578 0.021284 0.019156 -8.100000 18.299999 75.300003
-0.030518 -0.010254 -0.977051 -0.014899 0.024477 0.019156 -9.000000 17.400000 76.199997
-0.031982 -0.008057 -0.970215 -0.014899 0.021284 0.020220 -9.000000 18.000000 75.599998
-0.031250 -0.002930 -0.972900 -0.012771 0.022349 0.019156 -8.400000 16.799999 76.800003
-0.029785 -0.004883 -0.971680 -0.010642 0.020220 0.018092 -10.200000 18.600000 76.199997
-0.028320 -0.002197 -0.977051 -0.014899 0.026606 0.018092 -8.400000 18.600000 75.000000
-0.031250 -0.006104 -0.979492 -0.015963 0.020220 0.015963 -8.100000 19.500000 76.500000
-0.029297 -0.004150 -0.973877 -0.010642 0.021284 0.018092 -9.000000 18.000000 74.400002
-0.031982 -0.003906 -0.985352 -0.013835 0.021284 0.021284 -8.400000 17.400000 76.800003
-0.037354 -0.005127 -0.982422 -0.012771 0.021284 0.021284 -7.200000 18.000000 75.599998
-0.032715 -0.007080 -0.975098 -0.012771 0.024477 0.018092 -8.400000 18.000000 75.599998
-0.030273 -0.006592 -0.973389 -0.014899 0.020220 0.019156 -9.000000 16.799999 75.599998
-0.033203 -0.009277 -0.985596 -0.013835 0.024477 0.018092 -8.700000 17.700001 75.300003
-0.039795 -0.005615 -0.979248 -0.012771 0.022349 0.017028 -9.000000 18.000000 76.199997
-0.036133 -0.009766 -0.977295 -0.010642 0.025541 0.017028 -7.200000 18.000000 76.800003
-0.029785 -0.003906 -0.969482 -0.014899 0.022349 0.018092 -9.600000 17.400000 76.199997
-0.036133 -0.003418 -0.972900 -0.011706 0.021284 0.018092 -8.100000 18.299999 75.300003
-0.030029 -0.014160 -0.979004 -0.013835 0.024477 0.019156 -9.600000 18.600000 74.400002
-0.028320 -0.004639 -0.977539 -0.013835 0.021284 0.020220 -8.100000 18.299999 75.900002
-0.031982 -0.005615 -0.970947 -0.012771 0.024477 0.015963 -9.300000 17.700001 75.900002
