0.040771 0.972900 0.167236 -0.012771 0.021284 0.022349 28.200001 -35.400002 48.000000
0.034668 0.979980 0.167236 -0.011706 0.022349 0.019156 29.100000 -38.099998 47.700001
0.040283 0.973389 0.160400 -0.017028 0.023413 0.020220 28.500000 -36.299999 46.500000
0.036133 0.976074 0.167725 -0.015963 0.023413 0.017028 30.299999 -38.700001 47.099998
0.041992 0.969482 0.162842 -0.013835 0.021284 0.018092 28.200001 -37.200001 45.599998
0.043945 0.967041 0.162842 -0.014899 0.021284 0.018092 28.500000 -37.500000 47.099998
0.038086 0.971680 0.162842 -0.011706 0.021284 0.019156 29.400000 -38.400002 48.000000
0.036621 0.979004 0.160400 -0.015963 0.024477 0.020220 28.200001 -37.799999 48.000000
0.036133 0.972900 0.163818 -0.012771 0.022349 0.018092 28.200001 -37.799999 48.599998
0.039307 0.975830 0.159668 -0.011706 0.025541 0.020220 29.400000 -39.000000 46.200001
0.041260 0.969482 0.151611 -0.013835 0.025541 0.020220 30.000000 -37.200001 46.799999
0.036621 0.977783 0.161865 -0.015963 0.022349 0.020220 28.799999 -39.000000 45.599998
0.039795 0.971924 0.162109 -0.012771 0.022349 0.020220 28.500000 -36.900002 45.900002
0.038574 0.969727 0.164062 -0.012771 0.022349 0.019156 29.400000 -39.000000 46.200001
0.037598 0.979004 0.165283 -0.012771 0.025541 0.020220 29.400000 -36.000000 46.799999
0.039307 0.976562 0.156738 -0.012771 0.021284 0.018092 29.400000 -37.200001 46.799999
0.039062 0.972168 0.155273 -0.012771 0.021284 0.021284 28.799999 -38.400002 46.799999
0.042236 0.975830 0.153320 -0.011706 0.023413 0.015963 28.799999 -37.799999 46.799999
0.038574 0.979004 0.170898 -0.013835 0.020220 0.022349 28.500000 -36.299999 49.500000
0.031982 0.978027 0.158447 -0.012771 0.021284 0.021284 28.500000 -36.900002 47.099998
0.043945 0.984375 0.164795 -0.011706 0.022349 0.020220 28.500000 -37.500000 47.099998
0.039551 0.979004 0.164062 -0.014899 0.020220 0.021284 30.299999 -37.500000 47.700001
0.034180 0.970459 0.160889 -0.012771 0.021284 0.019156 28.500000 -38.099998 45.900002
0.041992 0.975098 0.161865 -0.010642 0.025541 0.017028 29.100000 -37.500000 47.099998
0.036865 0.983154 0.166016 -0.014899 0.022349 0.018092 29.400000 -37.799999 47.400002
0.034180 0.976562 0.144043 -0.015963 0.021284 0.018092 28.200001 -36.599998 45.599998
0.040527 0.971191 0.154541 -0.014899 0.022349 0.020220 29.100000 -36.900002 46.500000
0.038086 0.977539 0.158203 -0.012771 0.024477 0.017028 29.700001 -38.099998 47.099998
0.042480 0.976074 0.151367 -0.010642 0.025541 0.019156 29.100000 -38.700001 47.700001
0.039795 0.972412 0.153320 -0.010642 0.025541 0.020220 29.100000 -37.500000 46.500000
0.027100 0.979980 0.158447 -0.013835 0.024477 0.019156 30.600000 -37.200001 46.799999
0.043701 0.973145 0.165771 -0.015963 0.022349 0.020220 27.000000 -37.200001 46.799999
0.040527 0.982666 0.168945 -0.019156 0.022349 0.019156 28.500000 -36.900002 46.500000
0.036621 0.972656 0.153809 -0.012771 0.026606 0.019156 29.100000 -37.500000 46.500000
0.041748 0.969971 0.162109 -0.014899 0.023413 0.017028 28.799999 -37.200001 47.400002
0.041992 0.976807 0.153809 -0.009578 0.024477 0.018092 27.299999 -36.900002 45.900002
-0.114502 0.953369 0.015137 -0.008514 0.097909 0.026606 27.900000 -38.099998 47.099998
-0.122070 0.997070 -0.022461 0.001064 0.114936 0.028734 28.500000 -37.500000 47.099998
-0.175781 1.009033 -0.042236 -0.001064 0.127707 0.022349 28.799999 -37.799999 48.000000
-0.210205 1.018066 -0.083496 -0.003193 0.120257 0.028734 28.500000 -35.700001 47.099998
-0.209717 1.007324 -0.052002 0.002128 0.157505 0.035119 27.299999 -34.500000 47.700001
-0.164795 1.020752 -0.023193 -0.003193 0.201138 0.032991 29.100000 -35.099998 45.299999
-0.122559 1.010010 0.012695 0.006385 0.266056 0.044697 27.900000 -33.900002 46.500000
-0.117188 1.029053 0.009766 0.014899 0.290533 0.047890 28.200001 -33.000000 44.400002
-0.142334 1.002686 -0.013428 0.006385 0.254350 0.053211 27.000000 -33.000000 45.000000
-0.089111 1.018555 0.011963 -0.010642 0.183047 0.043633 24.600000 -31.200001 43.799999
-0.048828 1.007324 0.054443 -0.026606 0.103230 0.024477 25.799999 -32.400002 43.200001
0.005615 0.979492 0.143799 -0.007450 0.031927 0.032991 27.000000 -33.599998 44.400002
0.141602 0.953857 0.215088 -0.015963 -0.057468 -0.002128 27.600000 -30.600000 43.799999
0.118896 0.965088 0.198730 -0.018092 -0.087266 0.034055 27.000000 -27.600000 40.799999
0.190186 0.955322 0.255615 -0.012771 -0.105358 0.006385 27.600000 -28.799999 38.400002
0.179932 0.942627 0.321289 -0.019156 -0.088331 -0.003193 27.299999 -26.700001 37.500000
0.231201 0.929443 0.354492 -0.021284 -0.050019 0.006385 26.400000 -28.200001 35.400002
0.265381 0.922607 0.386475 -0.018092 -0.061725 0.002128 25.799999 -30.000000 34.200001
0.278564 0.897217 0.401123 -0.020220 -0.065982 -0.001064 25.200001 -29.400000 34.200001
0.255371 0.904053 0.367920 -0.039376 -0.168147 0.054275 27.000000 -31.799999 33.000000
0.238037 0.901123 0.320312 -0.058532 -0.306497 0.087266 26.100000 -32.099998 32.700001
0.228516 0.923096 0.319092 -0.047890 -0.352258 0.034055 26.400000 -32.400002 36.000000
0.152588 0.962646 0.403076 -0.001064 0.025541 -0.040441 26.100000 -33.299999 34.500000
0.052979 0.985352 0.162109 -0.007450 0.026606 -0.013835 26.100000 -32.099998 33.299999
0.021729 0.934082 0.152588 -0.019156 0.025541 0.030863 27.000000 -33.000000 34.200001
0.041260 0.976074 0.149658 -0.004257 0.023413 -0.010642 28.200001 -33.000000 33.599998
0.050049 0.974365 0.165527 -0.013835 0.025541 0.009578 27.000000 -33.000000 33.599998
0.030029 0.981445 0.175049 -0.009578 0.026606 -0.003193 26.700001 -33.900002 33.900002
0.034668 0.971680 0.154053 -0.012771 0.025541 0.010642 25.799999 -33.599998 32.400002
0.037354 0.973145 0.160156 -0.012771 0.024477 0.015963 27.900000 -33.299999 33.900002
0.043213 0.977295 0.165771 -0.010642 0.024477 0.010642 27.000000 -32.400002 33.599998
0.041260 0.979492 0.165771 -0.013835 0.024477 0.015963 27.000000 -33.599998 33.599998
0.037109 0.976562 0.166748 -0.013835 0.023413 0.012771 26.400000 -33.599998 33.000000
0.035400 0.973389 0.164062 -0.011706 0.021284 0.013835 27.299999 -32.700001 35.099998
0.039062 0.973389 0.164795 -0.009578 0.022349 0.015963 26.400000 -34.200001 34.799999
0.043457 0.973389 0.161133 -0.013835 0.025541 0.014899 27.000000 -34.799999 34.799999
0.035156 0.960938 0.157471 -0.013835 0.021284 0.018092 27.900000 -34.500000 33.900002
0.042236 0.977295 0.161377 -0.013835 0.026606 0.013835 27.900000 -32.700001 33.900002
0.039307 0.976807 0.157227 -0.013835 0.024477 0.019156 28.200001 -34.200001 33.000000
0.040283 0.978271 0.159424 -0.012771 0.023413 0.017028 27.600000 -32.400002 34.799999
0.034424 0.976562 0.155518 -0.013835 0.022349 0.015963 25.500000 -32.700001 33.299999
0.036133 0.974121 0.173096 -0.019156 0.022349 0.022349 26.400000 -32.400002 33.599998
0.042480 0.963867 0.155029 -0.014899 0.022349 0.027670 25.200001 -33.599998 34.799999
0.037842 0.971191 0.161865 -0.017028 0.024477 0.022349 26.400000 -31.799999 34.200001
0.037109 0.973633 0.162109 -0.015963 0.022349 0.022349 27.600000 -33.000000 34.200001
0.032471 0.968018 0.160400 -0.017028 0.019156 0.037248 28.500000 -33.900002 34.500000
0.042725 0.972412 0.159912 -0.015963 0.023413 0.024477 27.600000 -34.799999 36.599998
0.043457 0.986816 0.167725 -0.015963 0.023413 0.012771 26.100000 -32.700001 34.500000
0.038086 0.973145 0.159668 -0.018092 0.022349 0.025541 28.799999 -32.400002 34.799999
0.035156 0.966797 0.159424 -0.013835 0.021284 0.027670 28.200001 -34.200001 33.000000
0.039062 0.974854 0.162598 -0.012771 0.019156 0.025541 27.600000 -33.000000 33.599998
0.043213 0.976562 0.149658 -0.013835 0.023413 0.035119 28.200001 -34.200001 33.000000
0.041748 0.969482 0.162109 -0.021284 0.019156 0.048954 29.100000 -33.900002 33.299999
0.040527 0.976074 0.164062 -0.017028 0.020220 0.036184 27.600000 -34.200001 33.599998
0.043945 0.972168 0.164307 -0.015963 0.022349 0.035119 25.500000 -33.299999 34.500000
0.044189 0.982666 0.155518 -0.012771 0.025541 0.029798 27.299999 -33.900002 34.500000
0.043457 0.961182 0.161133 -0.017028 0.021284 0.035119 27.000000 -31.799999 36.000000
0.039795 0.972168 0.158447 -0.015963 0.023413 0.031927 27.299999 -32.700001 33.299999
0.043213 0.985596 0.158691 -0.017028 0.023413 0.025541 27.600000 -33.599998 34.799999
0.045166 0.971924 0.151123 -0.018092 0.023413 0.042569 27.600000 -32.400002 33.599998
0.047607 0.978516 0.167480 -0.015963 0.021284 0.028734 26.700001 -34.500000 33.900002
0.041748 0.976318 0.157715 -0.015963 0.022349 0.032991 27.299999 -31.500000 33.299999
0.043457 0.977295 0.161377 -0.012771 0.025541 0.026606 27.900000 -33.299999 35.099998
0.049561 0.972900 0.156494 -0.012771 0.023413 0.026606 26.700001 -33.900002 33.299999
0.046387 0.979492 0.154541 -0.015963 0.022349 0.023413 27.000000 -33.599998 35.400002
0.046143 0.979248 0.157959 -0.012771 0.024477 0.019156 25.799999 -33.599998 34.200001
0.045898 0.971436 0.164795 -0.013835 0.024477 0.025541 26.400000 -33.000000 33.599998
0.048584 0.969971 0.157959 -0.011706 0.022349 0.017028 27.600000 -34.200001 33.599998
0.051270 0.966797 0.163818 -0.012771 0.023413 0.020220 26.400000 -34.200001 33.000000
0.052246 0.972900 0.162354 -0.012771 0.024477 0.023413 26.100000 -34.500000 32.700001
0.050049 0.971680 0.166992 -0.013835 0.021284 0.020220 26.700001 -33.900002 35.099998
0.048584 0.974365 0.162109 -0.013835 0.023413 0.022349 27.900000 -33.299999 33.299999
0.051025 0.974121 0.159668 -0.013835 0.022349 0.021284 27.600000 -34.200001 34.200001
0.048340 0.974609 0.155029 -0.012771 0.026606 0.017028 27.000000 -33.599998 35.400002
0.045898 0.977783 0.157227 -0.012771 0.021284 0.019156 25.799999 -33.599998 34.799999
0.049316 0.968506 0.159180 -0.013835 0.024477 0.015963 27.299999 -32.099998 32.700001
0.053955 0.973145 0.163818 -0.013835 0.053211 0.022349 26.100000 -32.099998 35.099998
0.114746 0.980225 0.236084 0.001064 0.171340 0.001064 26.400000 -32.400002 32.400002
0.093262 0.973389 0.200928 0.007450 0.166019 -0.008514 25.799999 -34.200001 33.000000
0.120117 0.972656 0.237061 0.010642 0.160698 -0.035119 27.000000 -33.000000 36.000000
0.132324 0.961914 0.239990 0.008514 0.167083 -0.048954 26.100000 -32.700001 33.299999
0.145752 0.979736 0.257080 0.005321 0.144735 -0.044697 27.000000 -31.799999 33.599998
0.177002 0.910645 0.300537 -0.015963 0.091523 0.050019 26.400000 -31.799999 35.400002
0.183594 0.946289 0.276855 -0.015963 -0.010642 0.018092 27.299999 -30.299999 33.299999
0.199463 0.952881 0.295654 -0.014899 -0.073431 0.007450 26.100000 -29.100000 33.299999
0.202637 0.971191 0.254395 -0.017028 -0.140478 0.013835 25.500000 -28.500000 34.500000
0.205566 0.937988 0.290283 -0.026606 -0.180918 -0.011706 28.200001 -25.200001 36.000000
0.168945 0.962402 0.276855 -0.034055 -0.199010 -0.021284 27.600000 -27.000000 35.400002
0.166504 0.944580 0.240967 -0.019156 -0.201138 -0.024477 29.100000 -26.700001 38.099998
0.141602 0.950439 0.292236 -0.037248 -0.159634 -0.002128 27.000000 -29.400000 40.200001
0.114746 0.957275 0.255127 -0.008514 -0.119193 -0.005321 27.600000 -28.799999 39.000000
0.076660 0.960449 0.198486 -0.028734 -0.134092 0.002128 27.000000 -30.600000 40.799999
0.105957 0.964355 0.257324 -0.029798 -0.043633 0.009578 26.700001 -32.099998 42.900002
0.048096 0.984619 0.180420 -0.017028 -0.018092 0.017028 24.900000 -32.700001 42.900002
0.029297 1.002197 0.184326 -0.008514 0.015963 0.023413 26.400000 -30.600000 42.599998
0.002930 0.974365 0.164307 -0.023413 0.044697 0.015963 29.700001 -30.900000 43.500000
-0.050537 0.959961 0.190918 -0.023413 0.106422 0.038312 29.100000 -33.299999 44.700001
-0.179932 0.941406 -0.001465 -0.004257 0.095780 0.055340 30.299999 -33.900002 46.500000
-0.207031 1.003418 -0.068848 -0.014899 0.121322 0.032991 28.799999 -37.200001 45.599998
-0.225098 1.006836 -0.110107 -0.015963 0.174533 0.070239 29.700001 -35.099998 45.900002
-0.191895 1.021729 -0.053955 -0.013835 0.228808 0.045762 29.400000 -38.400002 48.000000
-0.169189 1.014893 -0.064941 -0.018092 0.199010 0.038312 27.900000 -36.299999 47.099998
-0.141846 1.014893 -0.041748 -0.010642 0.142606 0.031927 28.500000 -38.099998 45.299999
-0.086670 1.018799 -0.025635 -0.010642 0.063853 0.026606 29.100000 -36.900002 48.299999
-0.057129 0.995117 0.038086 -0.012771 0.024477 0.014899 29.700001 -38.700001 47.099998
0.032471 0.979736 0.162109 -0.014899 0.022349 0.021284 28.200001 -37.799999 48.599998
0.040771 0.977539 0.166748 -0.014899 0.021284 0.021284 28.200001 -38.400002 46.799999
0.046387 0.971924 0.166260 -0.014899 0.021284 0.020220 28.500000 -39.299999 46.500000
0.038330 0.976074 0.152832 -0.014899 0.023413 0.017028 29.700001 -40.500000 46.500000
0.040283 0.971436 0.156494 -0.014899 0.022349 0.019156 27.900000 -38.700001 47.099998
0.039551 0.973633 0.164795 -0.017028 0.024477 0.017028 28.500000 -37.500000 47.700001
0.042725 0.974609 0.164062 -0.009578 0.022349 0.018092 29.100000 -38.099998 47.700001
0.035889 0.982910 0.161133 -0.009578 0.025541 0.018092 28.799999 -37.799999 47.400002
0.041260 0.983398 0.160889 -0.014899 0.023413 0.021284 28.200001 -37.799999 47.400002
0.042725 0.974854 0.156738 -0.015963 0.022349 0.018092 29.100000 -38.700001 47.700001
0.037842 0.972900 0.168945 -0.013835 0.023413 0.019156 27.600000 -38.400002 49.200001
0.037109 0.976807 0.165283 -0.012771 0.025541 0.017028 29.700001 -38.099998 47.099998
0.043945 0.976562 0.167480 -0.012771 0.023413 0.019156 28.799999 -39.000000 47.400002
0.043701 0.973633 0.160645 -0.015963 0.022349 0.018092 28.799999 -39.000000 48.000000
0.040527 0.976318 0.154053 -0.014899 0.021284 0.018092 27.299999 -38.099998 48.299999
0.040039 0.980713 0.157959 -0.015963 0.022349 0.018092 27.900000 -38.700001 47.700001
0.033691 0.972412 0.165527 -0.012771 0.024477 0.018092 28.799999 -37.799999 48.599998
0.051025 0.978271 0.158691 -0.015963 0.022349 0.019156 27.000000 -38.400002 46.799999
0.036377 0.973633 0.160889 -0.012771 0.022349 0.018092 29.100000 -39.299999 47.099998
0.040283 0.976318 0.154297 -0.013835 0.023413 0.019156 29.100000 -38.700001 47.099998
0.039795 0.972168 0.168701 -0.010642 0.025541 0.020220 28.200001 -38.400002 47.400002
0.040283 0.973633 0.156006 -0.014899 0.024477 0.017028 29.100000 -39.299999 47.700001
0.041260 0.980225 0.158691 -0.015963 0.024477 0.020220 29.100000 -38.700001 46.500000
0.039795 0.982178 0.162598 -0.018092 0.023413 0.017028 28.799999 -39.000000 48.599998
0.043945 0.968994 0.172607 -0.011706 0.024477 0.017028 28.500000 -38.700001 46.500000
0.035156 0.961670 0.162354 -0.013835 0.023413 0.019156 27.900000 -39.299999 47.700001
0.042236 0.973877 0.165771 -0.012771 0.022349 0.015963 29.100000 -37.500000 48.299999
0.037598 0.975098 0.162109 -0.011706 0.022349 0.018092 29.700001 -38.700001 48.299999
0.039062 0.972900 0.165771 -0.014899 0.019156 0.019156 29.400000 -37.200001 46.799999
0.036377 0.962891 0.148926 -0.012771 0.021284 0.019156 28.799999 -36.599998 47.400002
0.034424 0.985840 0.169434 -0.010642 0.022349 0.014899 29.400000 -37.200001 45.000000
0.032959 0.977295 0.160156 -0.014899 0.022349 0.021284 29.400000 -37.200001 46.799999
0.043457 0.980957 0.155762 -0.010642 0.022349 0.019156 29.400000 -37.200001 47.400002
0.041992 0.979248 0.167480 -0.012771 0.022349 0.018092 29.400000 -36.000000 46.200001
0.041260 0.979004 0.152832 -0.015963 0.020220 0.021284 28.500000 -34.500000 46.500000
0.038086 0.971436 0.157227 -0.015963 0.026606 0.019156 29.700001 -36.900002 47.099998
0.031494 0.972412 0.153076 -0.015963 0.023413 0.017028 30.900000 -36.900002 47.099998
0.036377 0.967529 0.167480 -0.014899 0.020220 0.018092 28.500000 -36.900002 48.900002
0.045654 0.977539 0.157715 -0.013835 0.024477 0.020220 26.400000 -36.599998 48.000000
0.040527 0.978760 0.162842 -0.013835 0.022349 0.021284 27.299999 -36.900002 48.900002
0.038574 0.975586 0.162842 -0.012771 0.024477 0.018092 28.500000 -37.500000 47.700001
0.040283 0.972900 0.166504 -0.010642 0.022349 0.018092 28.500000 -38.099998 47.700001
0.045410 0.977051 0.153564 -0.012771 0.022349 0.019156 28.799999 -36.599998 47.400002
0.041260 0.975342 0.153320 -0.011706 0.024477 0.018092 29.100000 -37.500000 48.900002
0.037109 0.975586 0.158447 -0.014899 0.021284 0.020220 29.400000 -37.200001 48.000000
0.044922 0.970215 0.149902 -0.017028 0.023413 0.018092 28.500000 -36.299999 47.700001
0.036377 0.971191 0.158447 -0.012771 0.022349 0.023413 27.600000 -37.799999 48.000000
0.035156 0.977051 0.146240 -0.012771 0.023413 0.014899 28.500000 -36.299999 48.900002
0.041260 0.970947 0.162109 -0.015963 0.026606 0.017028 28.500000 -37.500000 48.299999
0.037842 0.974365 0.157471 -0.017028 0.024477 0.020220 29.700001 -36.900002 47.700001
0.041016 0.976562 0.158447 -0.011706 0.020220 0.017028 28.799999 -37.200001 48.000000
0.044434 0.976318 0.167725 -0.011706 0.021284 0.017028 28.500000 -38.099998 48.299999
0.039307 0.980713 0.161865 -0.012771 0.024477 0.018092 29.700001 -36.900002 47.099998
0.038574 0.975342 0.153320 -0.012771 0.023413 0.018092 29.400000 -36.599998 48.000000
0.043945 0.973145 0.165527 -0.012771 0.022349 0.023413 28.500000 -37.500000 47.099998
0.040771 0.975586 0.160645 -0.013835 0.021284 0.019156 28.799999 -36.599998 46.200001
0.045654 0.976562 0.161377 -0.018092 0.022349 0.022349 30.299999 -36.299999 47.700001
0.041260 0.969971 0.152588 -0.017028 0.024477 0.017028 29.100000 -38.099998 47.700001
0.041748 0.975342 0.162354 -0.012771 0.024477 0.021284 28.799999 -37.200001 48.599998
0.038330 0.973877 0.152832 -0.012771 0.022349 0.019156 28.200001 -36.599998 48.599998
0.039062 0.974365 0.164551 -0.012771 0.025541 0.019156 29.100000 -36.299999 49.500000
0.036133 0.974121 0.158936 -0.009578 0.024477 0.018092 29.400000 -36.599998 48.599998
0.036865 0.978027 0.157715 -0.014899 0.026606 0.015963 29.400000 -38.400002 48.000000
0.041260 0.972168 0.161133 -0.013835 0.020220 0.018092 28.799999 -36.599998 50.400002
0.046631 0.972412 0.162598 -0.014899 0.023413 0.020220 28.799999 -37.799999 48.000000
0.039551 0.979248 0.153809 -0.011706 0.024477 0.017028 28.799999 -36.599998 48.000000
0.047363 0.969482 0.163818 -0.013835 0.021284 0.020220 27.600000 -37.799999 48.000000
0.039062 0.976807 0.162598 -0.012771 0.022349 0.018092 29.700001 -36.299999 48.900002
0.038086 0.974854 0.164307 -0.014899 0.021284 0.017028 29.700001 -37.500000 48.299999
0.041992 0.976074 0.160400 -0.011706 0.023413 0.019156 27.900000 -36.299999 46.500000
0.040527 0.970459 0.153076 -0.011706 0.024477 0.019156 27.299999 -36.900002 48.900002
0.041748 0.972900 0.162598 -0.013835 0.022349 0.018092 29.700001 -38.099998 47.700001
0.036377 0.977051 0.165527 -0.011706 0.024477 0.020220 27.600000 -39.000000 48.000000
0.039551 0.978516 0.157959 -0.011706 0.024477 0.018092 29.700001 -37.500000 46.500000
0.041504 0.975586 0.159424 -0.013835 0.021284 0.019156 30.000000 -37.200001 48.599998
0.039551 0.974365 0.154297 -0.012771 0.021284 0.018092 27.299999 -37.500000 48.900002
0.038086 0.972168 0.157227 -0.014899 0.022349 0.015963 28.799999 -37.200001 47.400002
0.039307 0.975098 0.160645 -0.017028 0.021284 0.017028 28.500000 -36.900002 46.500000
0.039062 0.973633 0.146240 -0.013835 0.023413 0.021284 28.200001 -36.000000 46.799999
0.040771 0.977295 0.168945 -0.012771 0.023413 0.019156 27.600000 -37.799999 49.200001
0.040527 0.974854 0.156250 -0.017028 0.023413 0.017028 27.299999 -37.500000 48.299999
0.044434 0.972412 0.164307 -0.013835 0.023413 0.020220 28.500000 -39.299999 47.099998
0.037354 0.982178 0.165283 -0.014899 0.025541 0.021284 29.400000 -37.200001 47.400002
0.043457 0.969727 0.166748 -0.011706 0.022349 0.019156 29.100000 -36.900002 47.700001
0.031494 0.971680 0.177246 -0.012771 0.024477 0.022349 28.500000 -36.900002 48.900002
0.041260 0.974365 0.161865 -0.014899 0.025541 0.019156 29.100000 -36.299999 45.900002
0.032959 0.972656 0.158203 -0.015963 0.022349 0.018092 28.799999 -36.000000 48.599998
0.036621 0.977539 0.152832 -0.013835 0.024477 0.019156 26.400000 -38.400002 47.400002
0.044189 0.969971 0.158936 -0.014899 0.022349 0.018092 28.500000 -38.099998 47.700001
0.033936 0.977295 0.164795 -0.014899 0.022349 0.019156 27.900000 -37.500000 47.700001
0.040527 0.973633 0.165771 -0.014899 0.020220 0.015963 27.600000 -37.799999 48.000000
0.038818 0.979736 0.167480 -0.013835 0.026606 0.018092 29.700001 -38.700001 47.700001
0.040039 0.969727 0.163574 -0.017028 0.023413 0.018092 28.500000 -38.700001 47.700001
0.037598 0.974609 0.168701 -0.013835 0.025541 0.015963 29.100000 -36.900002 47.700001
0.039062 0.974365 0.151123 -0.012771 0.024477 0.021284 29.400000 -37.799999 47.400002
0.042969 0.973877 0.165283 -0.017028 0.022349 0.019156 27.900000 -37.500000 48.900002
0.041748 0.975342 0.152588 -0.011706 0.021284 0.021284 28.799999 -37.200001 48.000000
0.033936 0.976074 0.164062 -0.014899 0.019156 0.021284 29.400000 -36.599998 46.799999
0.036865 0.974609 0.160400 -0.017028 0.021284 0.018092 28.799999 -36.599998 48.000000
0.036865 0.967529 0.159180 -0.014899 0.024477 0.020220 27.900000 -37.500000 48.900002
0.042725 0.975830 0.158447 -0.011706 0.022349 0.017028 27.600000 -37.200001 46.799999
0.039551 0.984375 0.160156 -0.012771 0.024477 0.020220 28.500000 -36.900002 48.299999
0.039551 0.975342 0.164795 -0.011706 0.023413 0.014899 29.700001 -36.900002 48.299999
0.041992 0.975342 0.160645 -0.013835 0.026606 0.022349 28.500000 -39.299999 45.900002
0.042236 0.973389 0.163818 -0.012771 0.022349 0.015963 28.500000 -36.900002 47.700001
0.042969 0.976074 0.167480 -0.013835 0.022349 0.018092 27.900000 -38.099998 48.299999
0.044678 0.978271 0.151855 -0.011706 0.024477 0.020220 29.100000 -37.500000 49.500000
0.040039 0.972168 0.160400 -0.014899 0.026606 0.020220 30.900000 -36.299999 47.099998
0.038574 0.970215 0.160889 -0.013835 0.021284 0.019156 27.000000 -36.599998 48.000000
0.037598 0.975586 0.166260 -0.010642 0.022349 0.020220 29.400000 -36.599998 49.200001
0.035645 0.975830 0.154297 -0.012771 0.022349 0.018092 29.100000 -38.099998 47.700001
0.043213 0.974609 0.162354 -0.014899 0.024477 0.022349 28.200001 -37.200001 49.200001
0.041504 0.975098 0.163330 -0.014899 0.023413 0.019156 28.500000 -38.099998 47.700001
0.037109 0.980225 0.168701 -0.014899 0.021284 0.017028 29.700001 -37.500000 48.900002
0.031250 0.975098 0.163330 -0.011706 0.022349 0.019156 30.000000 -37.799999 47.400002
0.038818 0.969482 0.159180 -0.010642 0.020220 0.017028 29.400000 -36.599998 47.400002
0.036865 0.979736 0.162842 -0.017028 0.022349 0.018092 27.600000 -37.200001 47.400002
0.034180 0.976074 0.158203 -0.012771 0.025541 0.019156 29.700001 -36.900002 47.099998
0.041260 0.972900 0.150146 -0.012771 0.026606 0.014899 29.100000 -36.900002 47.700001
0.038086 0.979492 0.154541 -0.014899 0.022349 0.017028 28.200001 -35.400002 48.599998
0.035156 0.970703 0.153076 -0.014899 0.023413 0.020220 28.799999 -37.200001 47.400002
0.042236 0.975830 0.164062 -0.011706 0.022349 0.018092 28.500000 -38.700001 48.900002
0.035889 0.977539 0.158691 -0.013835 0.023413 0.021284 28.500000 -36.900002 48.900002
0.040039 0.971191 0.151855 -0.012771 0.023413 0.019156 28.799999 -36.599998 46.200001
0.036621 0.970947 0.159668 -0.014899 0.022349 0.017028 29.100000 -36.900002 48.299999
0.038818 0.970947 0.156250 -0.013835 0.021284 0.019156 28.799999 -37.200001 48.599998
0.034912 0.979736 0.167480 -0.012771 0.022349 0.019156 27.299999 -38.099998 47.700001
0.039795 0.971680 0.157959 -0.014899 0.022349 0.021284 28.799999 -38.400002 48.599998
0.039795 0.976074 0.155762 -0.014899 0.027670 0.018092 30.600000 -36.000000 48.000000
0.041504 0.978271 0.170654 -0.012771 0.022349 0.017028 29.100000 -39.299999 47.099998
0.045898 0.967041 0.159668 -0.012771 0.025541 0.018092 27.299999 -36.900002 48.299999
0.036377 0.972168 0.166504 -0.014899 0.022349 0.020220 29.400000 -36.599998 48.599998
0.040771 0.978027 0.162842 -0.013835 0.023413 0.019156 29.700001 -35.700001 47.700001
0.033203 0.979248 0.156250 -0.015963 0.021284 0.017028 28.200001 -36.599998 47.400002
0.041504 0.980469 0.164551 -0.013835 0.021284 0.019156 29.100000 -35.700001 48.900002
0.041016 0.975830 0.165527 -0.014899 0.024477 0.018092 29.100000 -36.900002 46.500000
0.038818 0.976562 0.166016 -0.015963 0.022349 0.018092 29.100000 -36.900002 48.900002
0.040527 0.970703 0.158691 -0.011706 0.021284 0.020220 28.200001 -36.599998 48.599998
0.045654 0.981445 0.168945 -0.014899 0.021284 0.018092 29.400000 -37.799999 47.400002
0.039307 0.978271 0.156006 -0.013835 0.023413 0.021284 28.500000 -38.099998 46.500000
0.041748 0.974121 0.164795 -0.015963 0.024477 0.019156 27.900000 -37.500000 47.700001
0.036621 0.979248 0.159668 -0.012771 0.023413 0.018092 27.600000 -36.599998 48.599998
0.043457 0.970947 0.159668 -0.018092 0.023413 0.018092 29.700001 -35.700001 47.700001
0.035156 0.972900 0.165039 -0.010642 0.022349 0.019156 28.799999 -37.799999 48.000000
0.035645 0.976562 0.162598 -0.011706 0.024477 0.017028 29.700001 -38.099998 48.299999
0.040039 0.976318 0.158447 -0.012771 0.023413 0.017028 29.400000 -37.200001 48.000000
0.042236 0.977295 0.165039 -0.013835 0.021284 0.018092 30.000000 -38.400002 48.000000
0.040039 0.974121 0.162842 -0.014899 0.024477 0.018092 28.200001 -36.000000 46.799999
0.040039 0.979004 0.160400 -0.015963 0.022349 0.020220 30.000000 -37.799999 47.400002
0.040771 0.969727 0.158447 -0.012771 0.023413 0.020220 27.600000 -37.200001 46.200001
0.042480 0.977051 0.158447 -0.015963 0.022349 0.020220 27.299999 -36.900002 47.099998
0.038330 0.977295 0.151855 -0.012771 0.021284 0.019156 29.400000 -39.000000 47.400002
0.033691 0.973145 0.160889 -0.015963 0.022349 0.018092 29.400000 -36.599998 49.200001
0.045166 0.976074 0.162354 -0.013835 0.022349 0.019156 28.799999 -36.599998 48.599998
0.029785 0.970215 0.158936 -0.014899 0.024477 0.017028 28.500000 -37.500000 47.700001
0.038086 0.975098 0.167725 -0.010642 0.021284 0.017028 29.400000 -37.200001 46.799999
0.039062 0.973633 0.164062 -0.013835 0.025541 0.021284 28.200001 -38.400002 48.000000
0.041016 0.975586 0.170410 -0.015963 0.022349 0.019156 27.900000 -35.700001 47.099998
0.041016 0.973877 0.156982 -0.014899 0.023413 0.017028 28.500000 -37.500000 47.099998
