0.000000 0.000000 16193455838361856176553984.000000 -0.014899 0.025541 0.015963 5.400000 -34.200001 77.400002
-0.028076 0.008789 -0.972412 -0.011706 0.023413 0.018092 7.500000 -33.299999 80.099998
-0.024414 0.014160 -0.978516 -0.017028 0.024477 0.020220 6.300000 -32.700001 79.500000
-0.028564 0.012451 -0.974854 -0.012771 0.025541 0.019156 7.500000 -33.900002 78.300003
-0.022705 0.014893 -0.981934 -0.014899 0.025541 0.019156 8.400000 -34.200001 79.800003
-0.023193 0.009766 -0.966553 -0.017028 0.022349 0.021284 8.100000 -33.299999 81.300003
-0.021240 0.011230 -0.973389 -0.017028 0.024477 0.017028 7.500000 -33.299999 81.900002
-0.024902 0.012695 -0.981689 -0.014899 0.025541 0.020220 7.800000 -33.000000 80.400002
-0.028320 0.013184 -0.974609 -0.011706 0.024477 0.019156 7.200000 -33.000000 80.400002
-0.027344 0.010498 -0.979004 -0.013835 0.025541 0.017028 7.200000 -32.400002 80.400002
-0.031006 0.010498 -0.965332 -0.010642 0.024477 0.019156 8.400000 -32.400002 79.800003
-0.026855 0.008789 -0.976807 -0.011706 0.025541 0.018092 9.300000 -32.099998 80.099998
-0.030273 0.011963 -0.974609 -0.015963 0.025541 0.021284 8.700000 -32.099998 80.099998
-0.032959 0.016113 -0.974121 -0.013835 0.025541 0.019156 6.900000 -32.700001 79.500000
-0.028320 0.018066 -0.972656 -0.010642 0.025541 0.020220 7.800000 -31.200001 81.000000
-0.028076 0.012695 -0.978760 -0.014899 0.027670 0.023413 7.500000 -31.500000 78.900002
-0.020508 0.007812 -0.966309 -0.014899 0.025541 0.019156 6.900000 -32.099998 81.300003
-0.027344 0.009521 -0.971191 -0.011706 0.023413 0.018092 8.700000 -33.299999 78.900002
-0.028076 0.011719 -0.973633 -0.014899 0.026606 0.018092 8.100000 -32.700001 80.699997
-0.029053 0.008301 -0.981445 -0.013835 0.024477 0.020220 6.000000 -31.799999 80.400002
-0.025635 0.013672 -0.977051 -0.013835 0.026606 0.022349 5.700000 -33.299999 82.500000
-0.031738 0.018555 -0.970703 -0.012771 0.025541 0.017028 7.200000 -33.000000 84.000000
-0.030762 0.014648 -0.976562 -0.013835 0.024477 0.018092 6.300000 -32.700001 85.500000
-0.022949 0.010254 -0.970947 -0.012771 0.024477 0.019156 5.400000 -32.400002 88.199997
-0.029053 0.014648 -0.975098 -0.012771 0.025541 0.023413 4.500000 -32.700001 90.900002
-0.020508 0.007324 -0.968506 -0.013835 0.024477 0.019156 1.500000 -33.900002 95.099998
-0.022461 0.016113 -0.965332 -0.013835 0.025541 0.018092 2.700000 -34.500000 99.300003
-0.020752 0.011719 -0.978516 -0.011706 0.023413 0.017028 2.400000 -34.200001 103.800003
-0.020508 0.018066 -0.977295 -0.013835 0.027670 0.017028 1.500000 -33.900002 108.900002
-0.023926 0.009033 -0.972412 -0.010642 0.023413 0.017028 0.000000 -31.200001 112.800003
-0.021729 0.018555 -0.975098 -0.013835 0.023413 0.021284 -0.300000 -32.099998 116.099998
-0.024414 0.013184 -0.978027 -0.013835 0.027670 0.019156 0.600000 -33.000000 120.000000
-0.025635 0.009521 -0.971680 -0.013835 0.023413 0.019156 -0.300000 -32.700001 120.900002
-0.033936 0.013916 -0.970215 -0.013835 0.023413 0.019156 1.500000 -31.500000 120.300003
-0.029785 0.015137 -0.979248 -0.012771 0.028734 0.020220 2.100000 -30.900000 122.699997
-0.031250 0.010254 -0.965576 -0.013835 0.022349 0.018092 4.500000 -30.299999 122.099998
-0.027832 0.014648 -0.972656 -0.017028 0.022349 0.018092 5.400000 -30.000000 123.599998
-0.020508 0.005859 -0.971191 -0.014899 0.025541 0.020220 6.000000 -28.200001 124.199997
-0.028076 0.004639 -0.974365 -0.014899 0.026606 0.017028 6.300000 -26.100000 129.899994
-0.027100 0.013916 -0.975098 -0.010642 0.024477 0.019156 4.200000 -27.600000 138.600006
-0.023682 0.015137 -0.976562 -0.011706 0.024477 0.018092 2.700000 -29.100000 148.500000
0.583740 -0.213867 0.423584 0.135156 -0.173469 -0.036184 1.800000 -29.400000 151.800003
0.027588 0.114258 -0.801270 0.103230 -0.065982 -0.160698 -0.300000 -27.900000 147.899994
0.050049 -0.046143 -1.058105 -0.051083 0.020220 0.007450 0.600000 -28.799999 132.600006
-0.009521 -0.052734 -0.844482 -0.030863 0.001064 0.011706 3.300000 -29.100000 123.300003
0.019775 0.004639 -1.075439 -0.058532 0.026606 0.011706 6.300000 -30.900000 110.699997
-0.010986 -0.044678 -0.953857 -0.032991 0.003193 0.018092 6.600000 -31.799999 104.400002
-0.010010 0.016113 -1.032471 -0.026606 0.028734 0.018092 6.000000 -32.400002 100.199997
-0.030518 -0.015625 -0.954102 0.000000 0.024477 0.023413 7.200000 -33.599998 98.400002
-0.029541 0.029297 -0.989502 -0.009578 0.047890 0.018092 7.800000 -33.000000 94.199997
-0.041992 0.022461 -0.945557 0.005321 0.028734 0.020220 6.600000 -36.000000 93.000000
-0.040527 0.012695 -0.955322 -0.021284 0.026606 0.015963 6.300000 -38.700001 91.500000
-0.013428 0.013184 -0.990967 -0.023413 0.014899 0.019156 4.200000 -40.200001 89.400002
-0.023438 -0.000488 -0.974609 -0.015963 0.015963 0.020220 3.900000 -43.500000 89.099998
-0.019287 0.009277 -0.982422 -0.011706 0.027670 0.017028 2.700000 -46.500000 86.099998
-0.030029 0.016113 -0.965576 -0.013835 0.029798 0.017028 1.800000 -45.599998 82.199997
-0.028809 0.024902 -0.964600 -0.009578 0.034055 0.017028 0.000000 -45.599998 79.199997
-0.031006 0.020508 -0.961914 -0.009578 0.027670 0.020220 0.900000 -45.299999 78.300003
-0.034668 0.023193 -0.972900 -0.012771 0.031927 0.019156 1.500000 -43.500000 75.900002
-0.025879 0.011230 -0.968506 -0.014899 0.018092 0.019156 1.200000 -44.400002 73.800003
-0.024902 0.008545 -0.965576 -0.018092 0.021284 0.019156 1.500000 -42.900002 71.099998
-0.023193 0.007812 -0.984131 -0.013835 0.024477 0.019156 -0.300000 -40.500000 70.500000
-0.020508 0.012207 -0.967285 -0.014899 0.025541 0.021284 2.400000 -39.599998 70.199997
-0.022461 0.010986 -0.978027 -0.013835 0.025541 0.021284 1.200000 -40.200001 70.199997
-0.031250 0.015869 -0.974609 -0.009578 0.028734 0.018092 1.800000 -37.200001 70.199997
-0.031494 0.020752 -0.977295 -0.012771 0.026606 0.017028 2.400000 -36.599998 71.400002
-0.032227 0.012695 -0.963135 -0.020220 0.024477 0.019156 2.700000 -38.099998 71.699997
-0.025635 0.011719 -0.973389 -0.017028 0.024477 0.015963 3.000000 -37.799999 72.000000
-0.025391 0.009277 -0.978516 -0.009578 0.024477 0.020220 2.400000 -36.599998 72.599998
-0.025146 0.012207 -0.970703 -0.009578 0.023413 0.018092 3.000000 -37.200001 73.199997
-0.031494 0.009766 -0.973633 -0.014899 0.026606 0.020220 3.000000 -36.000000 73.199997
-0.030762 0.010498 -0.973389 -0.011706 0.025541 0.017028 4.800000 -33.000000 73.800003
-0.026367 0.010498 -0.971191 -0.014899 0.025541 0.015963 2.400000 -33.000000 75.599998
-0.029297 0.014648 -0.971680 -0.013835 0.022349 0.019156 3.900000 -33.299999 74.699997
-0.030518 0.012939 -0.976562 -0.014899 0.025541 0.019156 4.500000 -33.299999 75.300003
-0.035156 0.009033 -0.973145 -0.012771 0.026606 0.020220 2.100000 -32.099998 74.099998
-0.021729 0.014404 -0.964844 -0.014899 0.026606 0.019156 2.700000 -31.500000 77.099998
-0.029785 0.015625 -0.965088 -0.011706 0.023413 0.019156 3.300000 -30.299999 75.300003
-0.026855 0.011963 -0.973633 -0.019156 0.026606 0.017028 3.600000 -30.600000 76.800003
-0.026367 0.010498 -0.971924 -0.011706 0.023413 0.020220 3.600000 -30.000000 75.000000
-0.018799 0.004639 -0.970215 -0.012771 0.024477 0.020220 3.600000 -28.200001 74.400002
-0.026855 0.013672 -0.973145 -0.014899 0.024477 0.018092 1.200000 -28.200001 76.199997
-0.024658 0.014893 -0.976074 -0.011706 0.024477 0.019156 2.700000 -29.100000 75.300003
-0.019287 0.012451 -0.971924 -0.013835 0.025541 0.020220 3.900000 -29.700001 75.300003
-0.029541 0.012207 -0.975342 -0.014899 0.022349 0.020220 1.800000 -28.799999 75.000000
-0.031006 0.011475 -0.982422 -0.011706 0.024477 0.020220 2.100000 -30.299999 74.699997
-0.025879 0.012207 -0.969238 -0.014899 0.025541 0.019156 3.300000 -30.299999 75.900002
-0.027100 0.009766 -0.969727 -0.013835 0.023413 0.019156 1.800000 -30.600000 75.599998
-0.028809 0.006836 -0.975586 -0.013835 0.025541 0.019156 0.000000 -29.400000 75.599998
-0.025635 0.015381 -0.963379 -0.014899 0.029798 0.015963 2.400000 -29.400000 75.000000
-0.018799 0.011963 -0.971436 -0.010642 0.023413 0.018092 3.000000 -28.799999 75.000000
-0.029785 0.011475 -0.968750 -0.012771 0.025541 0.017028 3.600000 -30.000000 76.800003
-0.025635 0.012939 -0.974854 -0.015963 0.026606 0.018092 0.900000 -29.100000 75.900002
-0.027588 0.013672 -0.969482 -0.014899 0.025541 0.015963 0.300000 -29.100000 73.500000
-0.029297 0.017822 -0.975098 -0.012771 0.023413 0.023413 3.300000 -27.900000 75.300003
-0.025635 0.014404 -0.968750 -0.014899 0.026606 0.020220 1.500000 -29.700001 74.699997
-0.022949 0.012695 -0.973633 -0.013835 0.023413 0.020220 2.100000 -30.900000 73.500000
-0.024902 0.012207 -0.977051 -0.012771 0.024477 0.017028 -0.300000 -29.700001 74.099998
-0.018555 0.017090 -0.975098 -0.014899 0.024477 0.014899 2.400000 -29.400000 75.000000
-0.025879 0.007324 -0.971191 -0.018092 0.026606 0.019156 1.200000 -30.000000 75.599998
-0.031250 0.009277 -0.980225 -0.013835 0.028734 0.019156 1.800000 -27.600000 75.000000
-0.025879 0.011230 -0.965820 -0.009578 0.025541 0.020220 2.100000 -28.500000 74.099998
-0.026123 0.013428 -0.981201 -0.012771 0.025541 0.020220 1.200000 -30.000000 75.599998
-0.027344 0.014404 -0.974121 -0.010642 0.027670 0.017028 1.800000 -27.000000 75.000000
-0.031738 0.012939 -0.979980 -0.013835 0.026606 0.019156 1.500000 -29.100000 75.300003
-0.027344 0.017822 -0.970947 -0.015963 0.024477 0.018092 1.200000 -28.799999 76.199997
-0.031006 0.015869 -0.971191 -0.014899 0.024477 0.020220 1.200000 -29.400000 76.199997
-0.028564 0.009033 -0.971191 -0.010642 0.024477 0.017028 -0.300000 -29.100000 75.300003
-0.025391 0.010986 -0.981689 -0.013835 0.024477 0.020220 -0.600000 -29.400000 74.400002
-0.292236 -0.171387 -0.721191 0.081945 0.369286 -0.308625 -0.600000 -28.799999 75.000000
0.132812 -0.209473 -0.746582 0.011706 -0.024477 -0.230937 0.000000 -28.799999 75.000000
0.030029 -0.068115 -1.058594 -0.074496 -0.035119 0.000000 0.900000 -29.100000 75.300003
0.085938 -0.072754 -1.195557 -0.002128 -0.040441 0.031927 3.300000 -29.100000 75.900002
0.051758 0.117676 -0.796875 0.002128 0.131964 -0.008514 3.600000 -30.600000 77.400002
-0.082520 0.044189 -0.848389 0.062789 0.072367 0.013835 3.300000 -27.900000 78.300003
0.010986 -0.032715 -1.006592 0.041505 0.028734 0.013835 4.800000 -30.600000 76.199997
-0.021484 -0.031006 -0.972412 -0.019156 0.070239 0.009578 3.300000 -30.299999 77.099998
-0.036621 -0.015381 -0.954834 0.011706 0.031927 0.024477 4.200000 -31.799999 76.800003
-0.013916 0.028320 -0.991211 0.006385 0.031927 0.017028 3.900000 -32.099998 76.500000
-0.061523 0.028809 -0.920166 0.014899 0.046826 0.017028 3.600000 -31.799999 78.000000
-0.049561 0.045654 -0.957275 -0.010642 0.046826 0.015963 2.700000 -32.700001 75.900002
-0.033203 0.023438 -0.962891 -0.014899 0.009578 0.022349 3.600000 -33.000000 78.000000
-0.013672 0.003174 -0.985840 -0.030863 0.012771 0.019156 3.300000 -32.099998 75.300003
-0.010010 0.004883 -1.008545 -0.015963 0.014899 0.020220 3.300000 -32.700001 74.699997
-0.021484 -0.002686 -0.973633 -0.011706 0.030863 0.017028 4.500000 -31.500000 74.099998
-0.032715 0.016113 -0.962891 -0.009578 0.039376 0.017028 4.500000 -35.099998 73.500000
-0.039062 0.023682 -0.954346 -0.010642 0.025541 0.015963 4.500000 -33.299999 72.900002
-0.030518 0.010498 -0.957764 -0.020220 0.021284 0.017028 4.800000 -33.599998 72.000000
-0.016846 0.004883 -0.982178 -0.018092 0.017028 0.018092 2.400000 -33.000000 70.199997
-0.022217 0.003662 -0.983887 -0.017028 0.021284 0.015963 3.300000 -32.700001 69.300003
-0.024902 0.009766 -0.979492 -0.010642 0.030863 0.014899 6.000000 -31.799999 69.000000
-0.026367 0.018066 -0.966064 -0.011706 0.030863 0.017028 6.000000 -31.200001 67.199997
-0.023682 0.011475 -0.980225 -0.009578 0.034055 0.019156 6.900000 -31.500000 68.699997
-0.031250 0.012695 -0.965088 -0.011706 0.027670 0.019156 6.600000 -29.400000 66.000000
-0.029785 0.015869 -0.964844 -0.010642 0.024477 0.021284 7.200000 -30.000000 66.000000
-0.024170 0.013184 -0.981689 -0.012771 0.023413 0.019156 8.400000 -31.200001 66.000000
-0.019531 0.014404 -0.981201 -0.019156 0.023413 0.019156 8.400000 -28.799999 64.199997
-0.025635 0.013184 -0.985840 -0.012771 0.027670 0.018092 11.400000 -28.799999 63.599998
-0.023926 0.015869 -0.967529 -0.011706 0.028734 0.017028 9.600000 -27.600000 63.599998
-0.028809 0.013916 -0.959961 -0.014899 0.026606 0.020220 12.000000 -28.200001 64.199997
-0.024414 0.007812 -0.973145 -0.013835 0.023413 0.020220 9.000000 -28.200001 63.599998
-0.027588 0.005127 -0.974854 -0.012771 0.024477 0.019156 8.100000 -29.100000 65.099998
-0.030762 0.009277 -0.972412 -0.012771 0.028734 0.019156 6.900000 -30.299999 63.900002
-0.027588 0.012695 -0.969238 -0.013835 0.025541 0.018092 6.000000 -31.799999 64.199997
-0.024170 0.010254 -0.973633 -0.012771 0.027670 0.019156 5.700000 -32.099998 64.500000
-0.025879 0.014404 -0.960449 -0.014899 0.027670 0.021284 2.400000 -32.400002 64.800003
-0.022949 0.018311 -0.982422 -0.012771 0.024477 0.021284 3.900000 -32.700001 65.099998
-0.027832 0.007568 -0.974854 -0.012771 0.025541 0.021284 0.900000 -35.700001 64.500000
-0.025391 0.008789 -0.979004 -0.014899 0.025541 0.017028 0.600000 -35.400002 63.599998
-0.032227 0.017822 -0.965820 -0.009578 0.022349 0.022349 2.100000 -36.900002 65.099998
-0.019531 0.018555 -0.976562 -0.012771 0.025541 0.019156 0.600000 -37.799999 64.800003
-0.027100 0.007812 -0.965332 -0.012771 0.025541 0.018092 -0.300000 -36.900002 62.700001
-0.033203 0.014404 -0.982178 -0.019156 0.022349 0.021284 -1.500000 -36.900002 60.299999
-0.024902 0.007324 -0.965576 -0.012771 0.024477 0.017028 -2.400000 -38.400002 61.200001
-0.021484 0.009033 -0.972412 -0.009578 0.024477 0.019156 -4.200000 -39.000000 61.200001
-0.024414 0.008057 -0.971436 -0.012771 0.026606 0.018092 -4.500000 -39.900002 58.500000
-0.026611 0.004883 -0.975342 -0.010642 0.026606 0.020220 -4.200000 -41.400002 57.000000
-0.022949 0.011719 -0.977783 -0.014899 0.026606 0.017028 -7.200000 -43.200001 55.799999
-0.019775 0.010254 -0.974609 -0.012771 0.028734 0.019156 -8.700000 -42.900002 53.099998
-0.023193 0.010986 -0.966797 -0.014899 0.021284 0.019156 -10.800000 -42.599998 51.000000
-0.028564 0.009277 -0.974365 -0.012771 0.023413 0.019156 -11.700000 -45.299999 50.099998
-0.031006 0.016113 -0.969971 -0.011706 0.025541 0.018092 -13.200000 -46.200001 46.200001
-0.031738 0.007812 -0.973389 -0.012771 0.022349 0.015963 -15.000000 -48.000000 43.799999
-0.024170 0.009766 -0.968994 -0.015963 0.025541 0.018092 -15.300000 -48.900002 41.700001
-0.025391 0.011963 -0.976074 -0.014899 0.023413 0.021284 -15.000000 -50.400002 38.400002
-0.017822 0.014160 -0.975342 -0.013835 0.024477 0.019156 -16.500000 -50.099998 35.700001
-0.024658 0.014404 -0.980469 -0.013835 0.024477 0.021284 -17.400000 -52.200001 33.599998
-0.025635 0.009277 -0.978516 -0.015963 0.027670 0.023413 -17.700001 -51.299999 30.900000
-0.025635 0.010010 -0.971191 -0.014899 0.024477 0.018092 -18.000000 -48.599998 28.200001
-0.029785 0.010986 -0.974121 -0.012771 0.024477 0.017028 -17.400000 -49.200001 25.200001
-0.026123 0.014160 -0.976562 -0.014899 0.023413 0.018092 -16.799999 -46.200001 23.400000
-0.022217 0.014893 -0.967041 -0.013835 0.025541 0.019156 -16.200001 -45.599998 24.000000
-0.025635 0.011230 -0.982422 -0.014899 0.025541 0.020220 -15.300000 -44.700001 24.299999
-0.026367 0.004639 -0.977783 -0.015963 0.027670 0.019156 -15.300000 -46.500000 24.299999
-0.020508 0.013184 -0.973633 -0.014899 0.025541 0.020220 -16.500000 -47.700001 23.100000
-0.026367 0.022461 -0.974121 -0.015963 0.024477 0.018092 -17.400000 -51.599998 21.600000
-0.029785 0.016846 -0.974609 -0.012771 0.024477 0.019156 -17.400000 -52.799999 24.000000
-0.025146 0.005615 -0.974609 -0.011706 0.024477 0.018092 -19.500000 -53.099998 21.900000
-0.023926 0.015137 -0.967285 -0.013835 0.025541 0.015963 -20.700001 -57.900002 23.700001
-0.023682 0.011230 -0.978516 -0.014899 0.025541 0.018092 -22.500000 -54.900002 21.299999
-0.028076 0.016357 -0.967773 -0.012771 0.025541 0.020220 -20.400000 -53.400002 19.799999
-0.028320 0.010986 -0.973145 -0.013835 0.027670 0.019156 -19.799999 -46.799999 16.200001
-0.026855 0.005371 -0.971680 -0.311818 -0.052147 0.031927 -14.100000 -33.900002 13.500000
0.038330 0.071289 -1.112793 -0.128771 0.022349 0.050019 -14.100000 -31.500000 13.500000
-0.043457 -0.060059 -0.910156 0.002128 0.076624 -0.019156 -15.600000 -37.799999 12.600000
-0.056396 -0.065186 -0.940918 0.002128 -0.018092 0.027670 -24.000000 -53.400002 18.000000
-0.065918 0.069824 -1.051758 0.124514 0.042569 -0.027670 -30.000000 -65.400002 27.000000
-0.023438 -0.052002 -0.958008 -0.109615 0.027670 0.025541 -25.799999 -74.400002 40.200001
-0.003174 -0.024170 -1.020508 -0.048954 -0.034055 0.026606 -21.900000 -75.900002 50.099998
-0.004150 -0.030029 -0.987061 -0.044697 0.009578 0.009578 -16.799999 -73.800003 56.400002
-0.021240 -0.043457 -0.965332 -0.022349 -0.010642 0.006385 -8.400000 -66.000000 61.200001
-0.004150 -0.032715 -1.009766 -0.040441 0.000000 0.013835 -6.000000 -61.799999 63.599998
-0.011719 -0.025146 -0.996826 -0.034055 -0.006385 0.027670 -0.900000 -55.500000 63.900002
0.008545 0.015137 -1.019287 -0.034055 0.019156 0.023413 2.100000 -53.099998 65.099998
-0.019775 0.013916 -0.987061 0.001064 0.029798 0.022349 1.800000 -50.400002 64.199997
-0.025391 0.004395 -0.968750 -0.008514 0.038312 0.015963 3.900000 -48.299999 63.900002
-0.028320 0.015381 -0.956787 -0.002128 0.038312 0.023413 2.700000 -46.500000 64.500000
-0.034180 0.033691 -0.965820 -0.006385 0.037248 0.019156 3.000000 -45.599998 66.000000
-0.033447 0.031738 -0.944336 -0.008514 0.025541 0.018092 1.500000 -43.500000 66.300003
-0.029297 0.016357 -0.975342 -0.021284 0.021284 0.019156 0.600000 -39.599998 64.199997
-0.018066 0.005615 -0.978516 -0.014899 0.026606 0.020220 -1.800000 -33.599998 67.800003
-0.022705 0.007568 -0.973145 -0.007450 0.027670 0.014899 -2.100000 -30.299999 67.500000
-0.028809 0.013428 -0.964355 -0.006385 0.029798 0.019156 -0.600000 -27.000000 66.599998
-0.032471 0.020264 -0.973389 -0.010642 0.023413 0.019156 -1.500000 -24.900000 65.699997
-0.023193 0.022217 -0.972412 -0.010642 0.026606 0.019156 -1.500000 -21.299999 66.300003
-0.029053 0.007324 -0.971436 -0.014899 0.021284 0.018092 -3.600000 -18.600000 66.000000
-0.025391 0.010010 -0.985352 -0.019156 0.022349 0.018092 -3.000000 -15.000000 67.800003
-0.020264 0.007324 -0.979004 -0.015963 0.026606 0.019156 -3.600000 -15.600000 67.800003
-0.026367 0.011963 -0.982178 -0.013835 0.029798 0.017028 -2.100000 -11.700000 67.500000
-0.031006 0.015869 -0.967529 -0.012771 0.025541 0.018092 -0.300000 -11.100000 68.099998
-0.031982 0.010010 -0.972168 -0.015963 0.023413 0.018092 -0.900000 -11.100000 66.900002
-0.027344 0.009766 -0.971436 -0.015963 0.024477 0.012771 -2.100000 -10.500000 67.500000
-0.022705 0.018799 -0.980469 -0.013835 0.027670 0.020220 -2.400000 -8.400000 70.199997
-0.030518 0.013916 -0.970459 -0.011706 0.024477 0.020220 -2.100000 -8.700000 71.099998
-0.025391 0.010254 -0.978271 -0.010642 0.025541 0.017028 -2.100000 -7.500000 71.099998
-0.031006 0.012695 -0.972412 -0.009578 0.023413 0.020220 -1.200000 -6.600000 70.800003
-0.025146 0.008545 -0.970215 -0.014899 0.027670 0.018092 -0.300000 -5.100000 71.699997
-0.026611 0.010742 -0.964600 -0.015963 0.026606 0.019156 -1.800000 -4.800000 71.400002
-0.025879 0.013672 -0.977051 -0.015963 0.023413 0.018092 -1.200000 -7.200000 71.400002
-0.032715 0.003662 -0.973389 -0.009578 0.025541 0.018092 -1.800000 -8.400000 69.599998
-0.023438 0.007812 -0.973145 -0.013835 0.025541 0.019156 -2.100000 -6.900000 69.900002
-0.030273 0.011963 -0.975098 -0.011706 0.025541 0.019156 -1.800000 -9.000000 69.599998
-0.029297 0.012207 -0.979980 -0.012771 0.024477 0.018092 0.900000 -9.900000 69.300003
-0.026123 0.007324 -0.972900 -0.014899 0.027670 0.017028 0.000000 -8.400000 69.599998
-0.024170 0.010498 -0.976318 -0.010642 0.025541 0.013835 0.000000 -7.200000 67.800003
-0.028809 0.015381 -0.971680 -0.013835 0.025541 0.017028 -1.500000 -8.700000 69.300003
-0.026855 0.017578 -0.971680 -0.014899 0.025541 0.020220 0.300000 -8.700000 69.900002
-0.028564 0.013672 -0.968750 -0.015963 0.028734 0.017028 0.000000 -7.200000 68.400002
-0.027588 0.009521 -0.971191 -0.018092 0.028734 0.019156 1.200000 -7.800000 69.599998
-0.031006 0.015137 -0.973633 -0.014899 0.028734 0.017028 1.800000 -6.600000 69.000000
-0.028564 0.008789 -0.963379 -0.013835 0.024477 0.014899 0.600000 -6.600000 68.400002
-0.028320 0.012207 -0.977051 -0.014899 0.025541 0.018092 0.600000 -4.200000 68.400002
-0.023926 0.010742 -0.972900 -0.011706 0.024477 0.022349 -0.300000 -4.500000 68.699997
-0.032227 0.016602 -0.978271 -0.010642 0.025541 0.015963 0.600000 -5.400000 69.000000
-0.032959 0.013672 -0.972656 -0.012771 0.023413 0.022349 1.500000 -5.700000 69.900002
-0.027100 0.010986 -0.966064 -0.015963 0.023413 0.017028 1.500000 -5.100000 69.300003
-0.031738 0.006836 -0.972412 -0.015963 0.026606 0.018092 1.500000 -3.900000 69.300003
-0.023193 0.014893 -0.972900 -0.014899 0.026606 0.021284 2.400000 -3.600000 70.199997
-0.032471 0.010010 -0.972656 -0.012771 0.026606 0.019156 1.500000 -2.700000 68.099998
-0.027344 0.000977 -0.975830 -0.012771 0.024477 0.018092 2.100000 -3.300000 69.300003
-0.029297 0.007324 -0.975586 -0.014899 0.026606 0.018092 2.100000 -3.300000 68.099998
-0.026123 0.011963 -0.979492 -0.009578 0.025541 0.020220 0.600000 -3.000000 69.599998
-0.024414 0.012207 -0.977783 -0.015963 0.023413 0.018092 1.500000 -3.900000 71.099998
-0.026611 0.010498 -0.974365 -0.014899 0.025541 0.017028 0.900000 -2.700000 69.300003
-0.027832 0.017578 -0.968750 -0.015963 0.023413 0.019156 2.100000 -2.700000 69.300003
-0.024902 0.013184 -0.975586 -0.013835 0.025541 0.019156 1.200000 -1.800000 70.800003
-0.026123 0.017090 -0.970703 -0.011706 0.025541 0.015963 0.600000 -3.600000 70.199997
-0.029785 0.008789 -0.966553 -0.013835 0.026606 0.018092 1.200000 -2.400000 70.199997
-0.025391 0.013916 -0.974121 -0.010642 0.021284 0.019156 0.000000 -3.000000 70.199997
-0.027832 0.009521 -0.970947 -0.013835 0.024477 0.018092 0.600000 -2.400000 69.599998
-0.024414 0.007324 -0.971924 -0.015963 0.023413 0.019156 1.200000 -1.200000 69.599998
-0.028076 0.016602 -0.975342 -0.013835 0.025541 0.018092 1.200000 -2.400000 68.400002
-0.024414 0.006836 -0.963867 -0.015963 0.025541 0.019156 -0.300000 -1.500000 70.500000
-0.029541 0.014893 -0.973145 -0.017028 0.026606 0.018092 0.600000 -3.000000 68.400002
-0.025635 0.010986 -0.974609 -0.013835 0.025541 0.015963 0.300000 -2.700000 68.699997
-0.031494 0.009277 -0.971680 -0.012771 0.025541 0.018092 0.000000 -3.000000 70.199997
-0.028564 0.010498 -0.970215 -0.014899 0.027670 0.019156 1.500000 -1.500000 68.699997
-0.020508 0.005371 -0.972900 -0.014899 0.023413 0.018092 1.200000 -3.000000 70.800003
-0.028076 0.006348 -0.979004 -0.013835 0.025541 0.018092 1.500000 -2.700000 69.300003
-0.023193 0.012207 -0.974609 -0.010642 0.028734 0.018092 1.800000 -2.400000 70.800003
-0.030029 0.014404 -0.982910 -0.012771 0.025541 0.013835 0.300000 -2.700000 71.099998
-0.025879 0.013184 -0.981689 -0.012771 0.022349 0.018092 0.600000 -1.200000 69.599998
-0.027344 0.004883 -0.976562 -0.010642 0.025541 0.017028 0.300000 -0.900000 70.500000
-0.025879 0.017822 -0.978271 -0.009578 0.024477 0.022349 1.800000 -2.400000 70.199997
-0.030762 0.011230 -0.972656 -0.011706 0.024477 0.020220 0.900000 -0.900000 70.500000
-0.024414 0.012207 -0.965332 -0.011706 0.025541 0.020220 1.200000 -1.800000 72.000000
-0.027100 0.010986 -0.972900 -0.013835 0.020220 0.018092 0.900000 -0.300000 71.699997
-0.025635 0.002930 -0.980713 -0.012771 0.026606 0.019156 -0.600000 0.000000 72.599998
-0.024902 0.008545 -0.978027 -0.017028 0.024477 0.021284 -2.400000 0.000000 74.400002
-0.029297 0.004639 -0.965576 -0.011706 0.024477 0.015963 -2.100000 0.900000 77.099998
-0.027588 0.009033 -0.973877 -0.013835 0.024477 0.018092 -3.300000 2.100000 78.300003
-0.025635 0.007812 -0.974609 -0.015963 0.024477 0.018092 -3.300000 2.700000 77.699997
-0.027588 0.012207 -0.972168 -0.011706 0.023413 0.017028 -3.600000 2.400000 78.599998
-0.021484 0.009521 -0.972168 -0.011706 0.027670 0.015963 -3.300000 3.300000 78.900002
-0.020996 0.019043 -0.972656 -0.014899 0.022349 0.018092 -2.400000 3.600000 79.199997
-0.028564 0.015869 -0.970947 -0.014899 0.027670 0.015963 -3.000000 4.800000 80.400002
-0.027832 0.010986 -0.966553 -0.014899 0.024477 0.017028 -3.300000 5.700000 80.099998
-0.027100 0.009277 -0.977539 -0.012771 0.025541 0.017028 -5.100000 5.700000 80.099998
-0.028809 0.009521 -0.967041 -0.013835 0.026606 0.018092 -5.100000 5.700000 80.699997
-0.027100 0.007568 -0.971680 -0.011706 0.024477 0.018092 -5.400000 4.800000 81.000000
-0.023682 0.015381 -0.980713 -0.012771 0.023413 0.019156 -4.500000 6.300000 81.300003
-0.028564 0.018066 -0.971680 -0.013835 0.027670 0.017028 -4.200000 7.200000 81.599998
-0.025391 0.013916 -0.968994 -0.013835 0.025541 0.017028 -4.200000 7.200000 81.599998
-0.030273 0.020508 -0.964844 -0.015963 0.022349 0.019156 -5.100000 7.500000 81.900002
-0.026123 0.005615 -0.974609 -0.014899 0.024477 0.017028 -3.900000 7.500000 81.300003
-0.028564 0.013672 -0.970215 -0.012771 0.024477 0.017028 -3.000000 7.800000 82.800003
-0.028809 0.007080 -0.974609 -0.013835 0.024477 0.015963 -3.900000 9.300000 79.500000
-0.029785 0.006592 -0.968262 -0.013835 0.025541 0.018092 -3.600000 7.800000 78.599998
-0.020508 0.009033 -0.969727 -0.013835 0.024477 0.019156 -4.200000 9.000000 79.800003
-0.025635 0.010010 -0.971924 -0.012771 0.025541 0.020220 -4.200000 9.000000 78.000000
-0.024414 0.013184 -0.974854 -0.013835 0.025541 0.018092 -4.200000 8.400000 78.000000
-0.023438 0.014893 -0.982178 -0.012771 0.025541 0.019156 -3.300000 9.900000 78.900002
-0.024902 0.013184 -0.966064 -0.012771 0.026606 0.019156 -3.600000 7.800000 78.599998
-0.024414 0.008301 -0.968750 -0.015963 0.024477 0.019156 -3.600000 7.200000 78.599998
-0.026123 0.016357 -0.976074 -0.014899 0.024477 0.012771 -3.600000 4.200000 79.199997
-0.022705 0.012695 -0.970215 -0.013835 0.024477 0.019156 -4.500000 3.300000 81.300003
-0.027100 0.007812 -0.964111 -0.013835 0.027670 0.020220 -2.400000 3.000000 82.800003
-0.027100 0.006592 -0.977539 -0.014899 0.023413 0.018092 -4.800000 1.200000 82.199997
-0.030273 0.015869 -0.972900 -0.013835 0.023413 0.020220 -3.000000 1.200000 79.800003
-0.025879 0.012207 -0.976562 -0.010642 0.025541 0.018092 -4.200000 -2.400000 80.400002
