-0.010254 0.065186 -0.968262 -0.013835 0.020220 0.018092 9.300000 -38.099998 81.900002
-0.008057 0.059082 -0.963623 -0.014899 0.022349 0.015963 8.400000 -38.400002 79.800003
-0.010254 0.056152 -0.975098 -0.012771 0.023413 0.019156 9.000000 -39.000000 80.400002
-0.008057 0.056641 -0.967041 -0.013835 0.023413 0.015963 9.000000 -37.799999 80.400002
-0.003906 0.057373 -0.973633 -0.014899 0.023413 0.018092 10.200000 -39.000000 81.000000
-0.010498 0.055176 -0.968262 -0.015963 0.022349 0.020220 10.500000 -38.099998 80.099998
-0.009521 0.059082 -0.971924 -0.012771 0.020220 0.019156 9.300000 -39.299999 81.300003
-0.010010 0.059570 -0.973389 -0.014899 0.021284 0.018092 9.000000 -39.000000 81.599998
-0.005371 0.059814 -0.973145 -0.014899 0.022349 0.018092 10.800000 -38.400002 81.000000
-0.007324 0.059814 -0.972412 -0.015963 0.023413 0.017028 9.300000 -39.299999 81.900002
-0.006104 0.052002 -0.971680 -0.012771 0.023413 0.017028 8.100000 -39.299999 82.500000
-0.012939 0.057861 -0.966309 -0.013835 0.022349 0.019156 9.900000 -39.299999 82.500000
-0.012939 0.061523 -0.976074 -0.011706 0.023413 0.019156 9.900000 -38.700001 81.300003
-0.005615 0.059326 -0.966553 -0.013835 0.024477 0.015963 8.100000 -38.099998 80.099998
-0.008545 0.062988 -0.964600 -0.013835 0.023413 0.017028 9.900000 -38.700001 81.900002
-0.005127 0.061035 -0.967041 -0.015963 0.021284 0.021284 8.100000 -39.299999 82.500000
-0.008545 0.067383 -0.971924 -0.014899 0.022349 0.019156 8.700000 -38.700001 80.099998
-0.007568 0.053955 -0.960938 -0.011706 0.023413 0.014899 9.600000 -39.000000 79.800003
-0.003906 0.061035 -0.971436 -0.017028 0.023413 0.020220 7.500000 -38.700001 81.300003
-0.003906 0.058350 -0.973145 -0.014899 0.024477 0.014899 8.700000 -37.500000 80.699997
-0.010742 0.052002 -0.973389 -0.014899 0.019156 0.019156 10.800000 -37.200001 81.000000
-0.006348 0.061279 -0.971924 -0.012771 0.023413 0.015963 7.800000 -38.400002 79.800003
-0.006348 0.060059 -0.963379 -0.017028 0.023413 0.015963 9.000000 -38.400002 82.199997
-0.008057 0.065186 -0.966064 -0.018092 0.023413 0.014899 7.800000 -40.799999 80.400002
-0.199707 0.120850 -0.878174 -0.014899 0.102166 -0.121322 11.400000 -39.599998 81.000000
-0.151611 0.092529 -0.961426 -0.011706 0.018092 -0.110679 8.100000 -39.299999 80.099998
-0.158691 0.111572 -1.016357 -0.013835 0.043633 -0.267120 10.500000 -38.700001 81.300003
-0.105225 0.111572 -0.943848 -0.011706 0.078753 -0.515085 9.600000 -38.400002 81.599998
-0.099121 0.108887 -1.080322 -0.006385 0.035119 -0.604479 11.400000 -38.400002 81.000000
-0.046143 0.150391 -0.891357 0.019156 0.062789 -0.843930 12.600000 -37.200001 81.000000
-0.019531 0.090576 -0.934082 -0.005321 0.094716 -1.149362 13.500000 -36.900002 81.900002
-0.066406 0.210449 -1.059082 0.002128 0.083009 -1.228115 15.000000 -38.400002 81.599998
-0.056641 -0.017578 -0.977783 -0.003193 0.072367 -1.166390 16.200001 -36.000000 81.000000
0.069336 0.047363 -0.989258 0.017028 0.107487 -1.047197 18.299999 -35.700001 80.099998
0.117920 0.011475 -0.915283 0.028734 0.136221 -1.055710 19.200001 -36.000000 81.599998
0.053467 -0.024414 -0.775146 0.028734 0.108551 -0.985472 19.200001 -34.200001 81.000000
0.017822 0.091797 -1.197998 -0.021284 0.053211 -0.955673 21.600000 -34.200001 81.000000
0.090332 0.050293 -0.991943 -0.021284 0.109615 -0.967380 19.799999 -32.400002 81.000000
-0.034668 0.198730 -1.162109 0.083009 0.217102 -0.951416 23.100000 -30.900000 81.300003
0.002197 0.050537 -0.760010 -0.032991 0.070239 -1.161069 23.100000 -30.900000 80.699997
0.093018 0.029785 -0.800781 -0.045762 0.086202 -1.329216 23.100000 -30.900000 81.900002
0.020264 0.056152 -0.966553 0.014899 0.127707 -1.448409 24.600000 -28.799999 81.599998
-0.043701 0.086670 -1.039551 0.008514 0.053211 -1.655933 25.799999 -29.400000 81.000000
0.043457 0.071289 -1.105469 0.020220 0.169212 -1.686795 26.700001 -26.700001 80.699997
0.070801 -0.031738 -0.811035 0.047890 0.144735 -1.642098 28.799999 -24.600000 82.199997
0.030762 0.061035 -1.015869 0.054275 0.154313 -1.680410 29.700001 -24.900000 81.900002
0.064209 0.122559 -0.945801 0.013835 0.107487 -1.821952 31.500000 -21.299999 81.300003
0.035156 0.207275 -0.868408 -0.026606 0.206460 -2.365771 31.500000 -21.299999 81.300003
0.108887 0.176270 -0.974365 0.011706 0.210716 -3.026654 33.299999 -17.700001 81.300003
0.099854 0.156006 -0.963379 0.036184 0.288405 -3.551316 33.599998 -15.000000 81.599998
0.168457 0.131836 -0.921631 0.080881 0.308625 -4.039795 34.799999 -7.800000 83.400002
0.168945 0.236816 -0.734619 0.062789 0.339488 -4.193044 33.599998 -4.200000 83.400002
0.207275 -0.072021 -1.124268 0.088331 0.382057 -3.742877 33.599998 0.600000 84.000000
0.117188 -0.094238 -0.766846 0.089395 0.296919 -2.989406 33.000000 2.400000 84.000000
0.093994 -0.166504 -0.881592 0.024477 0.213909 -2.256155 32.099998 4.500000 84.300003
0.022705 -0.128174 -1.025635 0.068110 0.071303 -1.497364 31.200001 6.600000 83.400002
-0.000244 -0.062012 -1.031250 0.017028 0.119193 -0.819453 30.900000 8.700000 83.699997
-0.029053 0.005859 -1.087891 -0.045762 0.088331 -0.837545 30.299999 8.700000 84.300003
-0.031494 0.062012 -0.910400 0.021284 0.108551 -1.152555 29.400000 9.000000 84.000000
-0.028564 0.145508 -1.050781 0.022349 0.139413 -1.703823 28.200001 10.800000 84.599998
0.069336 -0.002197 -0.735840 0.077688 0.136221 -1.788961 26.700001 12.300000 83.099998
0.044678 0.038574 -1.075928 -0.074496 0.123450 -1.629327 24.900000 14.700000 84.300003
0.222168 0.069580 -0.533691 -0.017028 0.184111 -1.338794 24.299999 15.900000 84.300003
0.003662 0.012451 -0.813965 0.081945 0.071303 -1.129142 23.400000 16.200001 85.199997
-0.053223 0.033691 -0.989502 0.020220 0.106422 -0.971637 23.100000 17.100000 84.300003
0.004395 0.151123 -1.103760 -0.104294 -0.052147 -0.848187 23.100000 18.299999 84.900002
-0.058105 0.050049 -0.914307 -0.019156 0.029798 -0.555525 22.799999 19.200001 83.400002
-0.056152 0.042236 -0.979736 -0.009578 0.107487 -0.329910 22.500000 17.700001 84.900002
-0.030029 0.081787 -1.040039 -0.030863 0.136221 -0.316075 20.100000 17.700001 85.500000
0.013672 -0.001709 -0.981201 -0.023413 0.041505 -0.059597 20.100000 18.900000 84.900002
-0.023193 0.040283 -0.958984 0.007450 0.071303 0.020220 19.200001 18.000000 84.000000
-0.018066 -0.001953 -0.915283 -0.030863 0.023413 0.187303 18.900000 18.900000 86.099998
0.023438 -0.031982 -0.999023 -0.013835 -0.019156 0.576810 20.700001 19.500000 84.900002
0.057373 -0.120605 -0.980713 -0.039376 -0.069175 1.290904 22.200001 16.799999 85.800003
0.047852 0.081055 -0.906250 -0.039376 -0.188368 1.564410 22.799999 16.799999 83.400002
0.015625 0.085449 -0.696777 -0.190496 0.142606 1.352629 24.299999 17.100000 82.500000
-0.196533 0.139648 -1.368164 -0.048954 -0.084074 1.376042 24.000000 15.000000 84.599998
0.067383 -0.013916 -1.029297 0.000000 -0.069175 1.311124 26.400000 13.200000 84.599998
0.038818 0.026611 -1.039062 0.018092 -0.017028 1.166390 26.700001 11.100000 84.900002
0.094727 0.146240 -0.687500 -0.164955 -0.042569 0.984407 27.000000 10.800000 83.400002
-0.093750 0.098633 -1.415283 0.214973 -0.042569 0.841801 28.799999 10.200000 84.000000
0.095215 0.147217 -0.734131 -0.032991 -0.085138 0.647048 28.799999 11.400000 84.599998
0.131348 0.140137 -0.897461 -0.068110 0.054275 0.466130 29.100000 11.100000 84.300003
0.006104 0.081787 -0.977295 0.002128 -0.004257 0.279891 29.700001 9.300000 83.699997
0.029053 0.095459 -0.970947 -0.022349 0.022349 0.110679 29.700001 10.500000 84.300003
0.021729 0.066162 -0.971191 -0.008514 0.018092 0.029798 30.600000 9.000000 84.599998
0.010498 0.066406 -0.971924 -0.019156 0.025541 0.021284 30.600000 8.400000 85.800003
0.017578 0.071045 -0.973633 -0.015963 0.026606 0.020220 30.299999 9.300000 84.300003
0.021484 0.045898 -0.970703 -0.011706 0.020220 0.013835 30.900000 10.500000 83.699997
0.019287 0.050293 -0.972656 -0.015963 0.022349 0.019156 30.000000 10.200000 84.599998
0.012207 0.056396 -0.968994 -0.013835 0.024477 0.019156 30.299999 7.500000 83.699997
0.022949 0.059570 -0.978271 -0.014899 0.024477 0.018092 30.600000 9.600000 84.000000
0.027588 0.049072 -0.977295 -0.012771 0.022349 0.021284 29.400000 9.000000 84.599998
0.015869 0.055176 -0.966309 -0.012771 0.021284 0.013835 30.000000 9.000000 85.199997
0.019287 0.048096 -0.973877 -0.015963 0.024477 0.020220 30.600000 10.800000 85.199997
0.017090 0.054932 -0.973389 -0.015963 0.022349 0.021284 28.200001 9.600000 84.000000
0.017090 0.062012 -0.970459 -0.017028 0.022349 0.019156 30.299999 10.500000 84.300003
0.022461 0.054932 -0.975098 -0.013835 0.023413 0.015963 29.400000 9.600000 84.000000
0.017090 0.055908 -0.980713 -0.014899 0.024477 0.014899 29.700001 9.300000 83.099998
0.011719 0.062988 -0.974121 -0.019156 0.024477 0.018092 29.100000 9.300000 85.500000
0.012207 0.059570 -0.971191 -0.012771 0.023413 0.020220 28.799999 10.800000 83.400002
0.000977 0.073730 -0.955322 -0.007450 0.026606 0.060661 29.100000 10.500000 84.300003
-0.081543 0.062500 -0.959229 -0.032991 -0.005321 0.578938 29.400000 8.400000 84.599998
-0.018066 0.012695 -0.930176 0.001064 -0.050019 1.171711 30.299999 8.100000 84.300003
-0.004150 0.033936 -0.955322 -0.048954 -0.090459 1.523969 32.700001 6.300000 83.699997
-0.022949 0.175049 -1.040527 -0.036184 -0.068110 1.598465 33.000000 6.000000 83.400002
-0.030029 0.196533 -1.037354 -0.047890 -0.027670 1.529290 33.900002 3.300000 83.099998
0.018066 0.275146 -1.130859 -0.053211 -0.173469 1.466501 32.700001 2.100000 82.500000
0.330078 0.332275 -0.447266 0.000000 -0.145799 1.561217 33.000000 0.000000 84.000000
-0.002441 0.052246 -1.252197 -0.051083 -0.116000 1.733621 35.099998 -0.900000 82.500000
0.031006 -0.090332 -0.783447 -0.068110 -0.167083 1.893255 35.099998 -2.700000 84.300003
0.053711 -0.052490 -1.000732 -0.002128 -0.112808 2.229550 33.299999 -5.700000 83.699997
0.151855 -0.030029 -0.896484 -0.091523 -0.179854 2.429624 36.000000 -8.400000 84.599998
0.075928 -0.002197 -0.978027 -0.055340 -0.192625 2.683974 34.799999 -12.000000 81.599998
0.083496 -0.053955 -0.837646 -0.039376 -0.261799 2.890433 33.299999 -14.700000 82.500000
0.080322 0.119141 -1.130615 -0.134092 -0.105358 3.069223 33.000000 -16.200001 83.400002
0.052246 -0.003418 -0.452148 -0.065982 -0.273506 3.405518 31.200001 -21.000000 81.000000
0.079346 -0.018555 -1.149902 -0.036184 -0.247964 3.688601 29.400000 -24.000000 79.800003
0.086914 0.123047 -0.960693 -0.005321 -0.218166 3.838657 28.799999 -27.000000 83.400002
0.272461 0.188477 -1.005371 -0.035119 -0.250093 4.003612 24.000000 -31.200001 81.599998
-0.157959 0.253418 -1.560059 -0.044697 -0.284148 3.941887 19.200001 -31.799999 81.000000
0.090820 0.144531 -0.731689 -0.048954 -0.176661 3.661996 17.700001 -36.900002 80.099998
-0.041016 0.069092 -1.004639 -0.075560 -0.258606 3.460857 13.800000 -37.799999 81.599998
-0.012451 0.014648 -1.092773 -0.053211 -0.172404 3.223535 8.400000 -39.000000 80.400002
-0.042480 0.178955 -0.992920 -0.022349 -0.142606 2.768047 5.100000 -39.299999 79.500000
-0.058105 0.113770 -0.864014 -0.061725 -0.124514 2.357257 4.500000 -38.099998 80.099998
-0.084473 0.145508 -1.014893 -0.010642 -0.125578 1.834723 1.200000 -39.599998 81.000000
-0.103027 0.187500 -0.906006 0.008514 -0.042569 1.009949 0.000000 -39.000000 81.000000
-0.064453 0.122559 -0.944092 -0.011706 -0.035119 0.600222 -1.200000 -37.799999 81.599998
0.061768 0.058594 -0.945312 -0.011706 0.010642 0.020220 -1.200000 -37.799999 79.800003
-0.001953 0.080566 -1.012695 -0.014899 0.034055 -0.239450 -0.600000 -36.599998 80.400002
-0.013184 0.012207 -0.968262 -0.013835 0.032991 -0.090459 -1.500000 -38.099998 80.699997
-0.010254 0.029053 -0.970947 -0.015963 0.020220 0.010642 -1.200000 -36.599998 81.000000
-0.019775 0.042969 -0.972168 -0.011706 0.025541 0.014899 -0.600000 -37.799999 80.400002
-0.015625 0.048340 -0.968994 -0.005321 0.021284 0.014899 -1.800000 -40.200001 81.000000
-0.003906 0.060547 -0.971924 -0.015963 0.021284 0.017028 -1.500000 -37.500000 80.099998
-0.008789 0.072266 -0.977051 -0.017028 0.024477 0.019156 -0.900000 -38.099998 80.099998
-0.013184 0.065674 -0.970459 -0.015963 0.021284 0.020220 -1.200000 -39.000000 80.400002
-0.009277 0.059082 -0.972900 -0.014899 0.020220 0.018092 -0.600000 -37.799999 81.599998
-0.003662 0.055908 -0.966553 -0.010642 0.024477 0.017028 -0.900000 -39.299999 81.300003
-0.009033 0.057373 -0.968018 -0.014899 0.023413 0.018092 -1.200000 -37.799999 79.199997
-0.004883 0.059082 -0.971924 -0.015963 0.021284 0.018092 -0.300000 -38.700001 80.699997
-0.016357 0.057617 -0.978516 -0.013835 0.024477 0.021284 -1.200000 -38.400002 82.199997
-0.016602 0.060303 -0.961182 -0.012771 0.022349 0.019156 0.000000 -38.400002 80.400002
-0.010010 0.065186 -0.971191 -0.015963 0.020220 0.021284 -0.600000 -39.000000 78.599998
-0.009521 0.064209 -0.962646 -0.011706 0.022349 0.021284 -0.600000 -37.799999 80.400002
-0.006348 0.063965 -0.962891 -0.017028 0.024477 0.019156 -2.100000 -36.299999 80.699997
-0.009033 0.061523 -0.972656 -0.017028 0.021284 0.018092 -0.300000 -39.900002 80.099998
-0.007080 0.064697 -0.969238 -0.008514 0.024477 0.012771 -0.600000 -36.599998 79.800003
-0.051270 0.026611 -0.958252 -0.002128 0.051083 -0.249028 0.000000 -39.000000 80.400002
-0.010010 -0.003662 -0.960205 0.024477 0.058532 -0.478901 -1.500000 -38.099998 79.500000
-0.001221 0.005371 -0.997070 -0.017028 0.035119 -0.664076 0.600000 -39.000000 81.599998
0.014160 0.043213 -0.989990 0.043633 0.110679 -1.020591 0.900000 -37.500000 79.500000
-0.003906 0.079590 -0.931641 0.052147 0.154313 -1.625070 3.000000 -39.000000 81.000000
-0.025391 0.064209 -0.856689 -0.055340 0.226680 -2.424303 4.800000 -39.000000 79.800003
0.071533 0.042480 -0.876221 0.011706 0.183047 -3.090507 7.500000 -36.900002 81.900002
0.030762 0.190674 -1.079346 0.018092 0.308625 -3.677959 13.500000 -36.900002 81.900002
0.144531 0.090576 -0.931885 0.032991 0.292662 -4.139832 14.400000 -34.799999 81.000000
0.103027 0.001709 -0.918945 0.047890 0.326717 -4.456971 19.799999 -33.599998 81.000000
0.183350 0.086426 -0.988281 -0.020220 0.336295 -4.452714 25.200001 -31.200001 81.599998
0.055420 -0.102051 -0.913330 0.042569 0.377800 -4.319686 27.900000 -26.100000 80.099998
0.029785 0.054932 -1.056641 0.070239 0.326717 -4.280310 29.700001 -24.299999 81.900002
0.005371 -0.008789 -1.169678 0.047890 0.316075 -4.117484 32.400002 -18.600000 81.599998
0.090576 -0.054688 -1.033447 0.005321 0.273506 -3.334215 33.299999 -15.900000 83.699997
-0.005615 -0.166016 -0.935791 0.088331 0.195817 -2.674396 34.200001 -11.400000 84.000000
-0.025879 0.083008 -1.127686 0.041505 0.195817 -2.260412 35.700001 -9.300000 81.300003
-0.016602 -0.049072 -0.975342 -0.037248 0.183047 -1.759163 34.200001 -7.800000 82.800003
0.034912 -0.046387 -0.991699 0.000000 0.083009 -1.068481 36.000000 -6.000000 84.599998
-0.033691 -0.067627 -0.818848 -0.001064 0.075560 -0.557653 35.400002 -5.400000 84.000000
-0.104736 0.017578 -1.060303 -0.021284 0.045762 -0.240515 36.900002 -5.100000 82.500000
-0.059326 0.129150 -0.973145 -0.014899 0.026606 -0.199010 35.099998 -2.700000 83.699997
-0.053467 0.047607 -0.935059 -0.002128 0.039376 -0.034055 34.500000 -3.900000 83.099998
-0.051270 0.092773 -0.968262 -0.017028 0.024477 0.097909 35.700001 -4.500000 82.500000
0.001465 0.009033 -0.976318 -0.013835 -0.018092 0.333102 36.299999 -2.700000 84.300003
0.018311 0.047363 -0.996826 -0.018092 0.001064 0.268185 35.400002 -4.200000 84.599998
0.001709 0.035156 -0.986572 -0.014899 0.011706 0.234129 35.400002 -5.400000 83.400002
0.007324 0.067871 -0.958740 -0.010642 0.015963 0.168147 36.299999 -5.100000 83.099998
0.007812 0.081543 -0.965088 -0.020220 0.025541 0.011706 35.700001 -4.500000 83.099998
0.006104 0.058350 -0.973389 -0.011706 0.021284 0.020220 34.500000 -3.900000 83.099998
0.011230 0.052002 -0.967773 -0.013835 0.021284 0.015963 34.799999 -4.200000 82.800003
0.010010 0.044434 -0.971924 -0.010642 0.023413 0.015963 35.099998 -4.500000 81.900002
0.005859 0.047607 -0.968506 -0.012771 0.022349 0.017028 34.799999 -4.800000 83.400002
0.012695 0.052490 -0.968018 -0.013835 0.020220 0.019156 36.299999 -5.100000 83.699997
0.015381 0.053711 -0.979980 -0.010642 0.022349 0.013835 36.299999 -5.100000 84.300003
0.011230 0.050781 -0.966309 -0.012771 0.023413 0.015963 34.500000 -5.700000 81.900002
0.004150 0.046387 -0.976318 -0.015963 0.017028 0.018092 33.900002 -5.700000 83.699997
0.016357 0.047119 -0.965332 -0.012771 0.023413 0.019156 34.200001 -4.800000 83.400002
0.008545 0.051514 -0.976318 -0.013835 0.024477 0.018092 35.400002 -5.400000 85.199997
0.005127 0.050537 -0.957764 -0.014899 0.024477 0.017028 34.200001 -4.200000 84.000000
0.007812 0.055176 -0.978760 -0.013835 0.021284 0.018092 36.599998 -4.800000 84.599998
0.010010 0.052002 -0.984863 -0.012771 0.023413 0.017028 34.500000 -5.100000 82.500000
0.010254 0.047607 -0.974854 -0.013835 0.022349 0.018092 33.900002 -2.700000 81.900002
0.006592 0.051514 -0.973633 -0.011706 0.023413 0.018092 35.400002 -6.000000 84.599998
0.008301 0.051270 -0.966064 -0.013835 0.023413 0.018092 35.700001 -3.900000 83.699997
0.006348 0.056641 -0.976562 -0.013835 0.022349 0.017028 33.599998 -4.200000 82.800003
0.007568 0.054443 -0.974854 -0.009578 0.021284 0.018092 35.400002 -6.000000 82.199997
0.007324 0.057129 -0.973389 -0.014899 0.022349 0.018092 35.400002 -3.600000 83.400002
0.016357 0.050537 -0.980713 -0.013835 0.022349 0.020220 36.299999 -6.300000 81.900002
0.005371 0.053467 -0.968750 -0.014899 0.024477 0.020220 33.000000 -5.400000 82.800003
0.014404 0.052002 -0.972656 -0.014899 0.024477 0.018092 35.700001 -5.700000 83.099998
0.006592 0.052734 -0.977783 -0.013835 0.023413 0.017028 35.099998 -6.300000 81.900002
0.008057 0.052734 -0.966309 -0.010642 0.021284 0.019156 34.500000 -7.500000 83.699997
0.013428 0.048828 -0.964111 -0.015963 0.022349 0.017028 35.099998 -3.900000 83.099998
0.008789 0.053223 -0.963135 -0.012771 0.022349 0.013835 35.400002 -4.200000 85.199997
0.013428 0.049072 -0.970215 -0.013835 0.023413 0.018092 34.500000 -3.900000 83.699997
0.002930 0.055664 -0.974854 -0.013835 0.021284 0.015963 34.799999 -6.000000 84.000000
0.010498 0.052002 -0.969971 -0.010642 0.023413 0.019156 35.099998 -5.100000 83.099998
0.007812 0.050781 -0.969727 -0.011706 0.022349 0.020220 35.400002 -5.400000 84.000000
0.010254 0.051270 -0.971436 -0.015963 0.023413 0.015963 35.400002 -5.400000 82.199997
0.011475 0.057617 -0.968262 -0.014899 0.024477 0.021284 34.200001 -5.400000 84.000000
0.003662 0.050537 -0.972900 -0.011706 0.022349 0.015963 37.200001 -5.400000 82.199997
0.007080 0.053223 -0.963135 -0.014899 0.023413 0.013835 34.799999 -5.400000 82.800003
0.016602 0.048584 -0.974365 -0.014899 0.020220 0.018092 33.299999 -5.700000 83.099998
0.016113 0.054443 -0.971436 -0.014899 0.021284 0.022349 35.700001 -3.300000 83.099998
0.006348 0.055664 -0.976074 -0.013835 0.020220 0.015963 36.299999 -4.500000 83.699997
0.006104 0.054688 -0.973877 -0.012771 0.021284 0.020220 35.400002 -6.000000 82.800003
0.010742 0.054932 -0.982422 -0.011706 0.021284 0.017028 35.400002 -4.800000 83.400002
0.008789 0.054443 -0.967529 -0.015963 0.024477 0.018092 34.500000 -5.100000 82.500000
0.010986 0.046143 -0.966797 -0.012771 0.025541 0.014899 36.000000 -5.400000 82.199997
0.007812 0.052246 -0.971436 -0.012771 0.023413 0.017028 36.599998 -4.200000 84.000000
0.014648 0.048584 -0.973389 -0.014899 0.023413 0.018092 35.700001 -6.300000 83.699997
0.007568 0.054199 -0.959229 -0.015963 0.023413 0.018092 34.799999 -6.000000 83.400002
0.009277 0.046631 -0.966309 -0.014899 0.022349 0.018092 36.000000 -6.000000 83.400002
0.014648 0.053711 -0.973877 -0.013835 0.024477 0.015963 35.400002 -4.800000 84.000000
0.013916 0.050781 -0.967041 -0.013835 0.023413 0.017028 35.700001 -5.100000 82.500000
0.008789 0.054443 -0.965576 -0.011706 0.020220 0.017028 34.200001 -5.400000 85.199997
0.013672 0.059570 -0.972168 -0.015963 0.018092 0.018092 36.599998 -5.400000 83.400002
0.002686 0.049805 -0.971680 -0.014899 0.022349 0.018092 34.500000 -5.700000 84.300003
0.008057 0.050781 -0.971436 -0.011706 0.022349 0.018092 35.400002 -4.800000 84.599998
0.009033 0.049072 -0.969727 -0.010642 0.024477 0.019156 35.099998 -4.500000 84.900002
0.004883 0.046631 -0.968018 -0.013835 0.023413 0.020220 34.799999 -4.800000 82.800003
0.003418 0.050293 -0.969971 -0.010642 0.022349 0.019156 36.299999 -5.700000 84.300003
0.012207 0.054688 -0.977295 -0.010642 0.022349 0.021284 35.099998 -5.100000 82.500000
0.007812 0.056396 -0.976318 -0.018092 0.022349 0.015963 34.500000 -3.900000 84.900002
0.003662 0.046631 -0.972168 -0.011706 0.023413 0.017028 35.400002 -5.400000 83.400002
0.008057 0.050781 -0.972900 -0.014899 0.023413 0.020220 35.700001 -6.300000 83.099998
0.003906 0.049316 -0.967773 -0.015963 0.025541 0.019156 33.900002 -5.100000 81.900002
0.013428 0.051758 -0.970459 -0.017028 0.024477 0.020220 36.000000 -4.800000 84.000000
0.013672 0.048828 -0.972656 -0.014899 0.022349 0.020220 35.700001 -5.100000 83.699997
0.014893 0.056152 -0.975098 -0.013835 0.022349 0.018092 36.000000 -4.200000 84.000000
0.011963 0.051514 -0.975342 -0.015963 0.024477 0.017028 35.700001 -4.500000 84.300003
0.005371 0.055664 -0.971436 -0.017028 0.022349 0.018092 34.799999 -4.800000 82.199997
0.011963 0.048828 -0.974609 -0.017028 0.023413 0.017028 36.299999 -3.900000 83.099998
0.008789 0.050293 -0.968262 -0.015963 0.022349 0.019156 36.000000 -3.600000 85.199997
0.013428 0.052002 -0.974365 -0.014899 0.019156 0.018092 35.099998 -4.500000 83.099998
0.008789 0.049561 -0.965576 -0.015963 0.021284 0.017028 35.400002 -4.800000 84.000000
0.008301 0.052246 -0.969238 -0.012771 0.024477 0.020220 34.799999 -4.800000 82.199997
0.011719 0.050049 -0.970215 -0.014899 0.023413 0.015963 34.799999 -4.800000 83.400002
0.015381 0.053223 -0.972168 -0.013835 0.021284 0.018092 35.099998 -5.100000 84.900002
0.009277 0.046143 -0.976807 -0.015963 0.025541 0.018092 33.299999 -5.100000 82.500000
0.011230 0.046143 -0.973145 -0.013835 0.023413 0.017028 36.299999 -4.500000 84.300003
0.005615 0.052490 -0.965332 -0.012771 0.024477 0.020220 35.700001 -4.500000 83.699997
0.009033 0.050781 -0.965576 -0.017028 0.023413 0.015963 35.400002 -6.000000 82.800003
0.011475 0.051270 -0.967529 -0.015963 0.021284 0.015963 34.500000 -4.500000 83.699997
0.009766 0.057861 -0.974365 -0.012771 0.023413 0.017028 34.799999 -4.200000 82.199997
0.014893 0.050293 -0.965820 -0.009578 0.023413 0.017028 36.900002 -5.700000 83.699997
0.011963 0.053711 -0.972900 -0.011706 0.022349 0.019156 36.299999 -5.700000 84.900002
0.004639 0.043213 -0.971436 -0.015963 0.024477 0.019156 35.099998 -3.900000 83.099998
0.001465 0.049316 -0.977295 -0.012771 0.022349 0.017028 33.599998 -5.400000 82.199997
0.012207 0.046875 -0.966309 -0.011706 0.024477 0.019156 34.200001 -5.400000 84.000000
0.009766 0.052979 -0.970703 -0.010642 0.021284 0.018092 34.200001 -4.800000 82.199997
0.008301 0.055908 -0.952881 -0.013835 0.022349 0.018092 35.099998 -4.500000 83.699997
0.006104 0.043701 -0.968506 -0.013835 0.025541 0.020220 35.099998 -5.700000 83.099998
0.011719 0.053467 -0.966797 -0.015963 0.024477 0.017028 34.500000 -5.100000 81.900002
0.007324 0.052490 -0.965820 -0.015963 0.024477 0.015963 35.400002 -6.600000 84.000000
0.008789 0.052246 -0.972656 -0.010642 0.025541 0.020220 34.500000 -4.500000 84.300003
0.010254 0.053223 -0.979736 -0.013835 0.023413 0.019156 34.799999 -4.800000 82.199997
0.010498 0.052734 -0.965820 -0.012771 0.021284 0.017028 34.200001 -5.400000 82.800003
0.010254 0.054443 -0.966553 -0.012771 0.023413 0.018092 35.700001 -5.100000 84.300003
0.010498 0.050781 -0.968018 -0.013835 0.022349 0.017028 33.900002 -5.700000 83.099998
0.012695 0.045410 -0.975830 -0.013835 0.023413 0.017028 36.000000 -4.200000 84.000000
0.009766 0.054443 -0.962402 -0.010642 0.022349 0.019156 34.799999 -5.400000 83.400002
0.007812 0.052734 -0.975098 -0.014899 0.023413 0.019156 36.299999 -6.900000 84.300003
0.008789 0.048096 -0.961670 -0.012771 0.024477 0.019156 36.299999 -4.500000 83.099998
0.016846 0.050781 -0.976074 -0.013835 0.022349 0.015963 33.599998 -4.800000 82.800003
0.012207 0.044922 -0.961426 -0.019156 0.021284 0.017028 36.000000 -5.400000 84.599998
0.005371 0.050293 -0.972168 -0.013835 0.021284 0.017028 36.299999 -6.300000 83.099998
0.012695 0.049805 -0.975342 -0.014899 0.022349 0.021284 36.599998 -4.200000 82.800003
0.007568 0.048340 -0.961182 -0.011706 0.022349 0.019156 35.400002 -3.600000 82.199997
0.005859 0.047607 -0.964111 -0.012771 0.021284 0.015963 34.200001 -4.200000 83.400002
0.010498 0.050781 -0.969238 -0.011706 0.021284 0.019156 35.700001 -5.100000 84.900002
0.011963 0.055176 -0.977539 -0.012771 0.022349 0.017028 36.000000 -4.800000 82.800003
0.008057 0.047607 -0.965576 -0.013835 0.022349 0.019156 34.500000 -5.100000 84.900002
0.007324 0.052734 -0.977295 -0.011706 0.022349 0.017028 34.799999 -4.800000 82.800003
0.006836 0.055420 -0.967529 -0.013835 0.023413 0.020220 36.000000 -4.800000 82.800003
0.010254 0.052490 -0.978760 -0.012771 0.022349 0.017028 34.200001 -4.800000 84.599998
0.004639 0.047852 -0.976807 -0.009578 0.021284 0.019156 35.400002 -3.000000 84.000000
0.012207 0.049561 -0.972412 -0.015963 0.023413 0.020220 35.099998 -5.700000 83.699997
0.008057 0.048584 -0.970215 -0.012771 0.025541 0.015963 36.000000 -4.800000 83.400002
0.014893 0.049561 -0.969971 -0.015963 0.023413 0.018092 35.400002 -4.200000 85.199997
0.010986 0.042969 -0.964111 -0.013835 0.021284 0.015963 36.599998 -6.600000 81.599998
0.003906 0.047607 -0.977539 -0.014899 0.023413 0.019156 35.400002 -6.600000 84.599998
0.014648 0.052490 -0.969727 -0.012771 0.022349 0.020220 33.900002 -5.100000 83.099998
0.010010 0.052002 -0.958496 -0.017028 0.021284 0.018092 35.099998 -5.700000 83.699997
0.008057 0.053711 -0.973877 -0.014899 0.021284 0.019156 34.799999 -5.400000 83.400002
0.007568 0.053955 -0.961914 -0.012771 0.022349 0.018092 35.700001 -5.100000 83.699997
0.005859 0.053223 -0.969238 -0.012771 0.026606 0.018092 36.599998 -4.200000 82.800003
0.008545 0.055176 -0.967529 -0.012771 0.021284 0.017028 35.700001 -4.500000 83.099998
0.012451 0.051514 -0.974609 -0.015963 0.025541 0.021284 36.000000 -4.200000 81.599998
0.011719 0.050781 -0.973633 -0.013835 0.024477 0.018092 36.000000 -5.400000 83.400002
