0.055420 0.971191 0.135986 -0.014899 0.021284 0.020220 -1.800000 -52.799999 63.599998
0.060791 0.975098 0.143066 -0.013835 0.021284 0.019156 -3.900000 -52.500000 63.900002
0.060547 0.976074 0.150391 -0.012771 0.023413 0.018092 -2.400000 -52.200001 65.400002
0.060059 0.969971 0.146729 -0.013835 0.022349 0.019156 -1.800000 -51.599998 64.199997
0.065918 0.979492 0.151611 -0.014899 0.023413 0.019156 -1.800000 -52.200001 64.800003
0.063232 0.977539 0.145020 -0.012771 0.020220 0.019156 -2.100000 -53.099998 65.699997
0.054688 0.969727 0.152100 -0.013835 0.020220 0.018092 -3.000000 -50.400002 64.199997
0.061035 0.975830 0.149170 -0.014899 0.021284 0.018092 -3.900000 -50.700001 64.500000
0.070557 0.973389 0.139648 -0.014899 0.019156 0.020220 -3.300000 -53.099998 66.300003
0.060791 0.976562 0.154053 -0.014899 0.020220 0.020220 -1.800000 -54.000000 64.199997
0.069824 0.972900 0.146729 -0.013835 0.021284 0.019156 -2.700000 -53.099998 64.500000
0.054932 0.976562 0.160156 -0.013835 0.021284 0.019156 -3.300000 -50.700001 64.500000
0.063232 0.969971 0.150879 -0.013835 0.022349 0.022349 -3.000000 -53.400002 63.599998
0.061768 0.975098 0.155518 -0.015963 0.020220 0.018092 -3.900000 -51.900002 63.900002
0.059326 0.972168 0.147705 -0.014899 0.021284 0.020220 -1.500000 -52.500000 65.099998
0.065186 0.966064 0.147461 -0.014899 0.021284 0.019156 -2.100000 -51.900002 63.299999
0.067383 0.982178 0.142334 -0.014899 0.021284 0.019156 -3.000000 -52.200001 64.800003
0.061768 0.969238 0.140137 -0.015963 0.021284 0.017028 -3.900000 -52.500000 65.099998
0.060791 0.976074 0.141846 -0.011706 0.022349 0.017028 -2.100000 -52.500000 63.900002
0.058105 0.968506 0.144287 -0.019156 0.022349 0.017028 -3.000000 -53.400002 64.800003
0.063721 0.987061 0.144043 -0.012771 0.020220 0.019156 -4.200000 -52.200001 64.800003
0.057861 0.967773 0.151123 -0.012771 0.020220 0.020220 -3.900000 -51.900002 66.300003
0.060059 0.972900 0.142090 -0.013835 0.021284 0.019156 -3.000000 -54.599998 63.000000
0.062988 0.971680 0.145752 -0.014899 0.023413 0.018092 -1.500000 -51.299999 63.900002
0.063721 0.975098 0.137207 -0.012771 0.022349 0.019156 -3.300000 -51.299999 66.900002
0.054199 0.972900 0.150879 -0.019156 0.022349 0.019156 -2.700000 -52.500000 66.300003
0.062012 0.973389 0.150879 -0.014899 0.021284 0.019156 -3.000000 -51.599998 63.599998
0.056885 0.969727 0.136719 -0.012771 0.019156 0.014899 -2.100000 -52.500000 65.699997
0.069092 0.970215 0.157471 -0.015963 0.020220 0.019156 -2.700000 -51.900002 65.699997
0.061035 0.981201 0.148193 -0.014899 0.022349 0.018092 -2.100000 -52.500000 63.900002
0.060547 0.975830 0.144775 -0.014899 0.024477 0.020220 -1.200000 -54.000000 64.199997
0.060791 0.973877 0.143799 -0.017028 0.021284 0.017028 -3.600000 -52.200001 64.800003
0.058350 0.972900 0.146484 -0.012771 0.020220 0.019156 -3.900000 -51.299999 63.900002
0.068848 0.975342 0.149902 -0.014899 0.021284 0.020220 -3.300000 -52.500000 64.500000
0.062988 0.975586 0.144043 -0.015963 0.021284 0.018092 -2.100000 -51.900002 65.099998
0.057861 0.979004 0.142578 -0.012771 0.022349 0.018092 -2.700000 -51.900002 63.900002
0.058838 0.975586 0.140869 -0.015963 0.020220 0.018092 -2.400000 -53.400002 64.800003
0.061279 0.979248 0.137695 -0.011706 0.019156 0.020220 -0.900000 -52.500000 65.099998
0.052246 0.974365 0.147217 -0.014899 0.022349 0.020220 -2.400000 -51.599998 64.800003
0.059326 0.978516 0.147949 -0.013835 0.023413 0.021284 -2.700000 -51.299999 65.099998
0.062500 0.968506 0.153564 -0.017028 0.021284 0.017028 -2.400000 -51.599998 66.000000
0.063965 0.976074 0.145752 -0.013835 0.023413 0.021284 -2.700000 -53.700001 64.500000
0.055908 0.976562 0.142334 -0.012771 0.022349 0.017028 -2.400000 -52.200001 64.800003
0.066895 0.977051 0.142090 -0.011706 0.020220 0.020220 -2.700000 -52.500000 64.500000
0.061035 0.980957 0.152100 -0.012771 0.020220 0.020220 -4.200000 -53.400002 64.800003
0.060791 0.971680 0.145264 -0.013835 0.021284 0.018092 -3.300000 -51.900002 63.900002
0.063965 0.973877 0.138428 -0.013835 0.020220 0.017028 -2.700000 -51.900002 63.900002
0.063477 0.975342 0.141357 -0.013835 0.023413 0.019156 -2.100000 -53.099998 65.699997
0.054688 0.971924 0.146729 -0.014899 0.023413 0.020220 -4.500000 -53.099998 64.500000
0.065430 0.978027 0.133789 -0.013835 0.022349 0.017028 -3.000000 -54.599998 64.800003
0.060791 0.980713 0.144287 -0.010642 0.025541 0.018092 -3.600000 -53.400002 64.800003
0.066406 0.977051 0.152832 -0.013835 0.022349 0.019156 -4.500000 -52.500000 64.500000
-0.020508 1.400635 0.354248 0.050019 0.014899 -0.027670 -2.100000 -50.700001 63.299999
0.115967 0.969482 0.230713 -0.012771 0.022349 0.015963 -3.000000 -52.799999 64.800003
0.069092 0.980713 0.152588 -0.014899 0.022349 0.014899 -2.700000 -53.700001 64.500000
0.061279 0.969238 0.144775 -0.012771 0.022349 0.013835 -3.600000 -53.400002 65.400002
0.054688 0.976807 0.143555 -0.013835 0.018092 0.023413 -2.100000 -51.900002 66.900002
0.066162 0.979736 0.149170 -0.012771 0.022349 0.019156 -2.700000 -51.900002 63.900002
0.069336 0.976074 0.150146 -0.012771 0.021284 0.020220 -1.800000 -53.400002 65.400002
0.062256 0.986572 0.146973 -0.015963 0.021284 0.018092 -2.700000 -53.099998 63.900002
0.066895 0.973877 0.146240 -0.011706 0.021284 0.021284 -3.000000 -53.400002 64.199997
0.058105 0.977051 0.144775 -0.014899 0.020220 0.020220 -2.700000 -51.900002 65.099998
0.065674 0.979004 0.148926 -0.011706 0.023413 0.018092 -2.100000 -53.700001 65.699997
0.063721 0.978516 0.148193 -0.013835 0.020220 0.019156 -2.400000 -52.799999 64.199997
0.063477 0.973633 0.155762 -0.012771 0.022349 0.018092 -3.300000 -52.500000 66.300003
0.062012 0.979248 0.156006 -0.013835 0.023413 0.017028 -2.700000 -53.700001 65.699997
0.060059 0.974854 0.144531 -0.014899 0.022349 0.018092 -0.900000 -53.099998 65.699997
0.061768 0.985107 0.149414 -0.013835 0.024477 0.018092 -3.900000 -51.299999 65.699997
0.068359 0.969971 0.140625 -0.014899 0.019156 0.019156 -3.900000 -53.099998 63.299999
0.059814 0.983154 0.146240 -0.013835 0.022349 0.019156 -4.200000 -52.799999 66.000000
0.066895 0.974365 0.148438 -0.012771 0.018092 0.019156 -2.700000 -52.500000 65.699997
0.064941 0.971191 0.146729 -0.014899 0.021284 0.018092 -2.100000 -50.700001 64.500000
0.052490 0.976562 0.148682 -0.013835 0.020220 0.019156 -2.700000 -50.700001 63.900002
0.057373 0.966553 0.155029 -0.013835 0.021284 0.018092 -3.300000 -53.099998 65.099998
0.055908 0.977539 0.144287 -0.013835 0.020220 0.015963 -2.700000 -52.500000 65.699997
0.059326 0.976074 0.146240 -0.013835 0.022349 0.021284 -2.700000 -52.500000 63.900002
0.058105 0.974854 0.149170 -0.017028 0.021284 0.021284 -3.900000 -52.500000 63.299999
0.062500 0.968750 0.147217 -0.012771 0.021284 0.020220 -2.100000 -51.900002 65.099998
0.065430 0.974854 0.146729 -0.009578 0.021284 0.020220 -2.400000 -51.000000 64.199997
0.060547 0.973877 0.147705 -0.014899 0.020220 0.019156 -1.800000 -51.599998 63.599998
0.063232 0.966553 0.142822 -0.013835 0.022349 0.019156 -2.100000 -51.299999 65.099998
0.061523 0.970215 0.143799 -0.014899 0.022349 0.020220 -2.700000 -52.500000 65.699997
0.059814 0.975830 0.143066 -0.013835 0.021284 0.019156 -2.400000 -51.599998 64.199997
0.058350 0.972412 0.154297 -0.017028 0.024477 0.019156 -3.000000 -53.400002 65.400002
0.058350 0.974854 0.151123 -0.015963 0.023413 0.018092 -3.900000 -51.299999 63.900002
0.063477 0.971680 0.146240 -0.013835 0.023413 0.019156 -3.000000 -52.799999 65.400002
0.061035 0.975586 0.145264 -0.013835 0.022349 0.019156 -3.600000 -52.200001 65.400002
0.064697 0.974609 0.154053 -0.014899 0.022349 0.020220 -3.600000 -53.400002 66.000000
0.060303 0.977539 0.138916 -0.013835 0.021284 0.012771 -0.600000 -51.000000 64.800003
0.061279 0.969727 0.145752 -0.011706 0.021284 0.020220 -1.800000 -52.799999 67.800003
0.060547 0.975342 0.142822 -0.014899 0.023413 0.019156 -2.400000 -51.000000 65.400002
0.062500 0.974121 0.145508 -0.013835 0.020220 0.020220 -2.400000 -53.400002 64.199997
0.055908 0.970947 0.144775 -0.013835 0.021284 0.019156 -2.100000 -52.500000 65.699997
0.062256 0.977539 0.137939 -0.014899 0.021284 0.015963 -3.300000 -51.299999 64.500000
0.060547 0.974609 0.142578 -0.014899 0.023413 0.018092 -1.500000 -51.299999 65.099998
0.057373 0.972168 0.152588 -0.015963 0.024477 0.019156 -1.800000 -52.799999 65.400002
0.060791 0.972900 0.140381 -0.014899 0.021284 0.019156 -3.000000 -53.400002 64.800003
0.063232 0.978760 0.147705 -0.013835 0.023413 0.022349 -3.900000 -52.500000 64.500000
0.064941 0.978271 0.150146 -0.012771 0.021284 0.019156 -2.400000 -52.200001 64.199997
0.059570 0.977539 0.151611 -0.013835 0.021284 0.018092 -3.000000 -52.799999 65.400002
0.062012 0.980713 0.141602 -0.010642 0.021284 0.017028 -2.400000 -52.200001 65.400002
0.080322 0.190674 0.283936 -0.211781 0.022349 0.453360 -1.500000 -51.299999 63.900002
0.192383 1.999939 -0.104736 0.230937 0.026606 0.079817 -2.400000 -51.599998 64.199997
-0.030029 0.935059 -0.051514 -0.027670 0.043633 0.037248 -1.800000 -52.799999 64.800003
0.068848 0.948242 0.159424 -0.011706 0.023413 0.018092 -3.900000 -52.500000 65.099998
0.060791 0.969971 0.143311 -0.015963 0.021284 0.017028 -0.600000 -51.599998 63.000000
0.061768 0.982910 0.148438 -0.014899 0.021284 0.020220 -1.800000 -51.599998 64.199997
0.059814 0.974365 0.153076 -0.013835 0.020220 0.018092 -3.000000 -54.599998 65.400002
0.061768 0.965820 0.152832 -0.014899 0.022349 0.019156 -2.700000 -53.099998 64.500000
0.060059 0.975342 0.149170 -0.013835 0.021284 0.017028 -2.100000 -52.500000 63.900002
0.058594 0.977783 0.153076 -0.015963 0.024477 0.017028 -2.700000 -50.700001 64.500000
0.059570 0.977295 0.140381 -0.015963 0.022349 0.022349 -3.000000 -51.599998 66.000000
0.062256 0.971924 0.149170 -0.017028 0.022349 0.020220 -3.000000 -51.599998 66.599998
0.067383 0.974609 0.149414 -0.013835 0.020220 0.020220 -3.600000 -52.799999 64.199997
0.059326 0.978516 0.150879 -0.014899 0.022349 0.017028 -3.000000 -50.400002 64.199997
0.058838 0.976318 0.145020 -0.011706 0.021284 0.019156 -2.100000 -52.500000 64.500000
0.057617 0.974854 0.149170 -0.011706 0.022349 0.021284 -3.000000 -51.599998 64.199997
0.063232 0.977051 0.146729 -0.017028 0.022349 0.020220 -3.300000 -51.900002 65.699997
0.061523 0.995117 0.133057 -0.010642 0.020220 0.015963 -1.800000 -52.200001 64.800003
0.058105 0.968262 0.138672 -0.015963 0.021284 0.019156 -3.000000 -52.799999 66.599998
0.056641 0.976074 0.145264 -0.013835 0.021284 0.018092 -3.900000 -53.099998 65.699997
0.060303 0.991943 0.149658 -0.014899 0.024477 0.018092 -3.600000 -52.200001 64.800003
0.058594 0.960693 0.144043 -0.011706 0.024477 0.019156 -3.000000 -52.200001 65.400002
0.060791 0.983398 0.147461 -0.015963 0.020220 0.017028 -3.000000 -52.799999 63.599998
0.061035 0.972900 0.143799 -0.012771 0.022349 0.019156 -3.000000 -51.599998 64.800003
0.059570 0.969971 0.145508 -0.013835 0.021284 0.019156 -1.800000 -53.400002 64.199997
0.062012 0.981934 0.152344 -0.017028 0.021284 0.022349 -2.100000 -50.099998 65.699997
0.063721 0.967285 0.147949 -0.018092 0.021284 0.019156 -1.200000 -54.000000 65.400002
0.060059 0.982666 0.147217 -0.013835 0.019156 0.019156 -1.500000 -53.700001 65.699997
0.060547 0.973389 0.154785 -0.014899 0.021284 0.020220 -2.700000 -53.099998 63.900002
0.064941 0.973145 0.138916 -0.012771 0.022349 0.017028 -3.900000 -53.700001 64.500000
0.061279 0.976074 0.139160 -0.015963 0.021284 0.019156 -2.700000 -52.500000 64.500000
0.059570 0.974121 0.148193 -0.011706 0.020220 0.015963 -2.700000 -52.500000 66.300003
0.060303 0.978760 0.147217 -0.014899 0.023413 0.019156 -1.500000 -52.500000 65.699997
0.057373 0.978760 0.144043 -0.013835 0.020220 0.022349 -3.000000 -52.799999 64.199997
0.064697 0.979492 0.138184 -0.017028 0.020220 0.021284 -3.000000 -51.599998 64.199997
0.066162 0.977051 0.151367 -0.010642 0.022349 0.019156 -2.400000 -51.599998 65.400002
0.060547 0.968018 0.157715 -0.012771 0.024477 0.015963 -3.000000 -54.000000 64.800003
0.061035 0.980225 0.147705 -0.012771 0.023413 0.020220 -2.400000 -52.799999 63.599998
0.064209 0.976074 0.150391 -0.012771 0.022349 0.020220 -4.500000 -51.299999 66.900002
0.060303 0.975098 0.156250 -0.015963 0.022349 0.020220 -3.300000 -52.500000 65.099998
0.067871 0.977783 0.139893 -0.012771 0.023413 0.020220 -3.000000 -52.200001 64.800003
0.062012 0.976562 0.148926 -0.013835 0.020220 0.020220 -3.900000 -51.900002 64.500000
0.059814 0.974121 0.145996 -0.017028 0.019156 0.020220 -3.000000 -52.200001 66.000000
0.066406 0.980957 0.153320 -0.012771 0.021284 0.019156 -2.400000 -52.200001 65.400002
0.061523 0.975098 0.153076 -0.013835 0.020220 0.019156 -0.900000 -52.500000 66.300003
0.062256 0.982666 0.142822 -0.015963 0.020220 0.020220 -3.300000 -53.099998 63.900002
0.069580 0.974854 0.136963 -0.010642 0.019156 0.017028 -3.000000 -52.200001 64.800003
0.058105 0.970459 0.147705 -0.014899 0.020220 0.018092 -1.800000 -52.200001 64.199997
0.058594 0.972900 0.145264 -0.015963 0.020220 0.018092 -3.000000 -52.200001 64.199997
0.058594 0.974854 0.140625 -0.012771 0.022349 0.018092 -3.900000 -51.900002 65.099998
0.062744 0.973877 0.152832 -0.014899 0.020220 0.014899 -2.400000 -52.200001 64.800003
0.060303 0.972900 0.148193 -0.013835 0.023413 0.019156 -3.300000 -51.299999 65.699997
0.062744 0.972900 0.141113 -0.013835 0.021284 0.021284 -3.900000 -52.500000 65.099998
0.059570 0.976074 0.140869 -0.014899 0.022349 0.017028 -4.800000 -52.200001 65.400002
0.057861 0.972900 0.146240 -0.013835 0.020220 0.018092 -1.800000 -52.200001 65.400002
0.063965 0.975342 0.135742 -0.015963 0.022349 0.018092 -2.700000 -53.099998 66.300003
0.059326 0.975098 0.150391 -0.192625 0.061725 0.038312 -3.300000 -53.099998 65.699997
0.006836 1.190674 0.047363 -0.017028 0.020220 0.014899 -2.700000 -53.099998 64.500000
0.077393 0.963379 0.145508 -0.012771 0.022349 0.020220 -2.400000 -52.799999 63.000000
0.054688 0.980713 0.146729 -0.014899 0.020220 0.018092 -3.900000 -52.500000 65.699997
0.059570 0.980225 0.153076 -0.013835 0.023413 0.020220 -3.300000 -51.900002 63.900002
0.065430 0.972168 0.138672 -0.014899 0.019156 0.017028 -3.300000 -54.299999 66.900002
0.052246 0.981689 0.140137 -0.011706 0.020220 0.018092 -1.500000 -52.500000 65.099998
0.060791 0.973389 0.150146 -0.013835 0.021284 0.020220 -3.300000 -52.500000 64.500000
0.060791 0.977051 0.145752 -0.013835 0.022349 0.018092 -2.100000 -53.099998 63.900002
0.059082 0.982910 0.139404 -0.017028 0.022349 0.019156 -1.800000 -52.200001 64.800003
0.059814 0.970703 0.141113 -0.017028 0.023413 0.015963 -2.400000 -52.200001 64.800003
0.060059 0.974854 0.144287 -0.014899 0.022349 0.018092 -3.000000 -51.599998 66.000000
0.059082 0.971191 0.153076 -0.014899 0.022349 0.020220 -1.800000 -53.400002 65.400002
0.058594 0.979492 0.152588 -0.013835 0.020220 0.015963 -1.800000 -51.599998 65.400002
0.056641 0.972412 0.147217 -0.013835 0.023413 0.019156 -0.300000 -52.500000 65.699997
0.062256 0.972900 0.144287 -0.011706 0.021284 0.018092 -3.900000 -52.500000 62.700001
0.057129 0.978516 0.146484 -0.014899 0.020220 0.018092 -1.500000 -51.900002 63.299999
0.061523 0.975830 0.153564 -0.011706 0.020220 0.021284 -2.700000 -51.299999 64.500000
0.063721 0.974854 0.147705 -0.013835 0.021284 0.019156 -1.800000 -52.200001 63.599998
0.063965 0.970703 0.142090 -0.013835 0.021284 0.017028 -3.000000 -52.799999 64.800003
0.059570 0.973633 0.146484 -0.015963 0.019156 0.019156 -2.400000 -53.400002 65.400002
0.059326 0.973633 0.145264 -0.014899 0.023413 0.017028 -1.800000 -52.799999 64.800003
0.061279 0.977539 0.136963 -0.018092 0.021284 0.015963 -3.300000 -51.900002 64.500000
0.059570 0.979980 0.149170 -0.011706 0.020220 0.020220 -1.500000 -51.900002 66.300003
0.063721 0.968018 0.140625 -0.014899 0.022349 0.020220 -2.400000 -52.799999 64.800003
0.057129 0.977051 0.143311 -0.011706 0.019156 0.018092 -1.800000 -51.599998 64.800003
0.062012 0.970703 0.142334 -0.014899 0.020220 0.017028 -4.500000 -53.700001 65.699997
0.058594 0.977539 0.135986 -0.012771 0.020220 0.020220 -1.500000 -51.900002 65.099998
0.060303 0.973389 0.155518 -0.012771 0.021284 0.021284 -3.000000 -52.200001 63.599998
0.066895 0.974121 0.146484 -0.015963 0.021284 0.019156 -3.000000 -52.200001 64.199997
0.060547 0.979736 0.147705 -0.014899 0.022349 0.021284 -2.400000 -51.599998 64.800003
0.062256 0.972168 0.145996 -0.014899 0.021284 0.018092 -3.000000 -52.200001 64.199997
0.058594 0.973877 0.151611 -0.013835 0.023413 0.017028 -2.700000 -51.900002 66.300003
0.061523 0.978271 0.147461 -0.011706 0.020220 0.020220 -3.300000 -50.700001 64.500000
0.062256 0.972412 0.149658 -0.015963 0.022349 0.015963 -0.900000 -52.500000 65.099998
0.059082 0.973389 0.140625 -0.013835 0.021284 0.014899 -3.000000 -53.400002 64.199997
0.056885 0.970215 0.135986 -0.013835 0.022349 0.019156 -3.000000 -51.599998 65.400002
0.055908 0.976807 0.151611 -0.014899 0.023413 0.017028 -1.800000 -52.200001 63.000000
0.067383 0.979248 0.151367 -0.015963 0.023413 0.019156 -3.300000 -53.700001 65.699997
0.065186 0.978516 0.151123 -0.012771 0.021284 0.021284 -3.300000 -51.900002 63.299999
0.062744 0.980469 0.146484 -0.014899 0.023413 0.019156 -1.800000 -52.200001 64.800003
0.058350 0.972168 0.145264 -0.013835 0.019156 0.018092 -3.000000 -52.200001 64.199997
0.061523 0.972900 0.148682 -0.014899 0.022349 0.017028 -3.300000 -52.500000 65.099998
0.056152 0.979492 0.154053 -0.015963 0.020220 0.020220 -3.900000 -51.299999 64.500000
0.057129 0.979004 0.145020 -0.013835 0.021284 0.020220 -2.100000 -52.500000 63.900002
0.063721 0.973145 0.145264 -0.013835 0.023413 0.018092 -1.500000 -52.500000 64.500000
0.060791 0.971680 0.143066 -0.013835 0.022349 0.019156 -1.800000 -51.599998 66.599998
0.061035 0.976318 0.146973 -0.012771 0.021284 0.018092 -2.400000 -52.799999 66.000000
0.062256 0.976562 0.147705 -0.012771 0.021284 0.023413 -3.600000 -53.400002 64.199997
0.061035 0.973389 0.149170 -0.013835 0.020220 0.019156 -2.400000 -51.000000 63.000000
0.058594 0.976807 0.153076 -0.015963 0.023413 0.019156 -3.600000 -52.799999 65.400002
0.059814 0.973389 0.144043 -0.013835 0.021284 0.017028 -1.800000 -52.799999 65.400002
0.064697 0.974854 0.142090 -0.011706 0.021284 0.020220 -3.300000 -52.500000 65.099998
0.055664 0.978516 0.143799 -0.012771 0.022349 0.017028 -2.400000 -51.599998 66.000000
0.060791 0.978271 0.143799 -0.017028 0.021284 0.020220 -3.300000 -51.299999 63.900002
0.060547 0.973145 0.143066 -0.017028 0.022349 0.019156 -2.400000 -51.599998 64.800003
0.063721 0.972900 0.147705 -0.014899 0.022349 0.017028 -2.700000 -50.099998 65.099998
0.059814 0.973389 0.144043 -0.011706 0.021284 0.019156 -2.700000 -53.700001 65.699997
0.057617 0.970947 0.144775 -0.012771 0.021284 0.018092 -1.800000 -52.799999 63.599998
0.056152 0.975830 0.143066 -0.014899 0.022349 0.018092 -2.100000 -51.299999 65.699997
0.059326 0.972656 0.143799 -0.014899 0.020220 0.018092 -1.800000 -52.799999 65.400002
0.067139 0.977295 0.146484 -0.012771 0.025541 0.015963 -3.000000 -50.400002 66.000000
0.061523 0.975586 0.149170 -0.014899 0.022349 0.019156 -2.700000 -52.500000 65.099998
0.061768 0.976562 0.138184 -0.017028 0.022349 0.020220 -2.700000 -53.099998 65.099998
0.061523 0.975830 0.141602 -0.010642 0.020220 0.018092 -2.400000 -51.599998 64.199997
0.062012 0.979492 0.145264 -0.014899 0.022349 0.020220 -3.600000 -52.799999 66.000000
0.061523 0.973145 0.158691 -0.014899 0.020220 0.018092 -4.500000 -51.900002 65.099998
0.062988 0.976318 0.148682 -0.013835 0.019156 0.018092 -3.600000 -52.799999 63.599998
0.065674 0.969482 0.147217 -0.015963 0.022349 0.020220 -3.900000 -50.700001 65.699997
0.060547 0.973145 0.153320 -0.014899 0.022349 0.020220 -3.600000 -53.400002 65.400002
0.056152 0.967041 0.135742 -0.014899 0.021284 0.017028 -1.800000 -50.400002 64.199997
0.061279 0.977539 0.147461 -0.012771 0.022349 0.020220 -2.400000 -52.200001 65.400002
0.063232 0.975830 0.155518 -0.015963 0.021284 0.017028 -3.000000 -52.200001 63.599998
0.059326 0.969727 0.141602 -0.013835 0.022349 0.021284 -2.400000 -52.799999 65.400002
0.057129 0.975586 0.154541 -0.013835 0.022349 0.018092 -2.400000 -52.200001 64.199997
0.066895 0.972656 0.139160 -0.014899 0.020220 0.018092 -2.400000 -52.799999 64.800003
0.059570 0.975586 0.143066 -0.011706 0.021284 0.018092 -5.400000 -51.599998 66.599998
0.062500 0.963135 0.155029 -0.012771 0.023413 0.018092 -2.700000 -53.099998 65.699997
0.061035 0.975830 0.148682 -0.012771 0.024477 0.015963 -1.500000 -54.900002 65.099998
0.058838 0.971436 0.150879 -0.012771 0.021284 0.017028 -2.700000 -51.299999 63.900002
0.067383 0.975830 0.147705 -0.014899 0.022349 0.018092 -2.400000 -53.400002 65.400002
0.062012 0.976562 0.153809 -0.015963 0.019156 0.017028 -2.400000 -51.599998 63.000000
0.059082 0.964355 0.137451 -0.010642 0.020220 0.020220 -3.300000 -52.500000 63.299999
0.069824 0.971924 0.151855 -0.014899 0.023413 0.020220 -1.800000 -52.799999 66.000000
0.059570 0.976807 0.144287 -0.010642 0.021284 0.018092 -2.400000 -52.200001 66.000000
0.054688 0.978516 0.145752 -0.012771 0.023413 0.018092 -2.100000 -50.700001 65.099998
0.053467 0.969727 0.148438 -0.015963 0.021284 0.018092 -2.700000 -53.099998 64.500000
0.062012 0.973389 0.149414 -0.013835 0.022349 0.019156 -2.700000 -53.700001 65.099998
0.064941 0.972900 0.141846 -0.014899 0.022349 0.021284 -2.400000 -54.599998 65.400002
0.061035 0.976074 0.146484 -0.013835 0.020220 0.018092 -3.300000 -51.900002 66.300003
0.065186 0.976807 0.150635 -0.015963 0.020220 0.017028 -4.500000 -53.099998 65.099998
0.065430 0.968506 0.148438 -0.013835 0.023413 0.019156 -3.600000 -52.200001 64.800003
0.063477 0.981201 0.144531 -0.012771 0.021284 0.019156 -2.700000 -53.099998 65.099998
0.052734 0.971924 0.144043 -0.010642 0.021284 0.020220 -2.700000 -51.900002 63.900002
0.059082 0.983643 0.149902 -0.012771 0.023413 0.017028 -2.400000 -52.799999 65.400002
0.057861 0.981689 0.150391 -0.015963 0.020220 0.018092 -3.300000 -51.299999 65.699997
0.061523 0.975586 0.156006 -0.014899 0.021284 0.020220 -2.100000 -53.099998 63.299999
0.059326 0.970215 0.143311 -0.012771 0.023413 0.017028 -3.900000 -53.099998 65.699997
0.054443 0.978271 0.137207 -0.014899 0.023413 0.019156 -3.300000 -53.700001 64.500000
0.063232 0.975342 0.145508 -0.017028 0.020220 0.018092 -3.600000 -52.200001 64.199997
0.067383 0.969482 0.157471 -0.014899 0.022349 0.020220 -2.700000 -53.099998 66.300003
0.055176 0.973633 0.151855 -0.014899 0.022349 0.015963 -2.400000 -52.799999 64.800003
0.063477 0.977783 0.158203 -0.012771 0.021284 0.021284 -3.600000 -52.200001 64.199997
0.060059 0.973633 0.144775 -0.010642 0.023413 0.018092 -2.100000 -51.900002 64.500000
0.062256 0.977539 0.147949 -0.012771 0.022349 0.017028 -3.300000 -51.900002 63.900002
0.062500 0.980713 0.151611 -0.014899 0.021284 0.019156 -1.800000 -51.599998 64.800003
0.061523 0.973389 0.141357 -0.012771 0.019156 0.020220 -1.800000 -54.000000 66.000000
0.058105 0.974365 0.157227 -0.014899 0.022349 0.019156 -2.100000 -53.700001 65.099998
0.058838 0.979248 0.142822 -0.017028 0.019156 0.021284 -3.300000 -52.500000 66.300003
0.065186 0.980957 0.140625 -0.014899 0.021284 0.018092 -4.200000 -53.400002 66.000000
0.051514 0.975830 0.149170 -0.013835 0.020220 0.018092 -2.100000 -51.900002 65.099998
0.061768 0.977783 0.147217 -0.013835 0.020220 0.020220 -3.000000 -54.000000 63.599998
0.064697 0.970703 0.152100 -0.013835 0.021284 0.019156 -3.300000 -53.700001 63.900002
0.060059 0.968750 0.146240 -0.014899 0.022349 0.017028 -2.700000 -52.500000 65.099998
0.060547 0.974854 0.146729 -0.014899 0.020220 0.020220 -2.400000 -53.400002 64.199997
0.063965 0.974854 0.167969 -0.015963 0.021284 0.017028 -2.700000 -51.900002 65.699997
0.062256 0.976318 0.151611 -0.012771 0.020220 0.020220 -2.700000 -53.099998 65.699997
0.059570 0.979248 0.146973 -0.014899 0.021284 0.021284 -2.400000 -52.200001 64.199997
0.066406 0.979248 0.139648 -0.012771 0.020220 0.020220 -3.600000 -52.200001 64.199997
0.057373 0.969971 0.148193 -0.014899 0.020220 0.018092 -4.500000 -53.099998 64.500000
0.066162 0.969482 0.148682 -0.013835 0.021284 0.017028 -3.000000 -51.599998 64.800003
0.060547 0.976074 0.139893 -0.011706 0.023413 0.019156 -1.500000 -51.900002 64.500000
0.063721 0.975098 0.147949 -0.013835 0.019156 0.019156 -1.800000 -51.599998 66.599998
0.064697 0.975830 0.152100 -0.012771 0.022349 0.017028 -2.100000 -53.099998 65.699997
0.065186 0.975586 0.145752 -0.015963 0.022349 0.020220 -2.100000 -51.900002 65.699997
0.056641 0.969727 0.147705 -0.013835 0.023413 0.018092 -2.700000 -50.700001 64.500000
0.063721 0.982910 0.140137 -0.013835 0.022349 0.019156 -3.600000 -52.799999 64.800003
0.063232 0.962891 0.143311 -0.014899 0.019156 0.017028 -3.000000 -53.400002 66.000000
0.053467 0.981934 0.143799 -0.011706 0.021284 0.019156 -3.000000 -52.799999 65.400002
0.066650 0.974854 0.139648 -0.012771 0.022349 0.019156 -1.800000 -51.599998 65.400002
0.061279 0.967529 0.157471 -0.012771 0.021284 0.019156 -3.000000 -51.599998 64.800003
0.062256 0.980469 0.141357 -0.015963 0.020220 0.019156 -2.700000 -51.900002 63.900002
0.064209 0.970215 0.150146 -0.014899 0.019156 0.018092 -0.300000 -52.500000 65.099998
0.057617 0.973145 0.146240 -0.014899 0.021284 0.020220 -2.700000 -53.700001 65.099998
0.065430 0.978516 0.148926 -0.011706 0.020220 0.018092 -3.300000 -53.099998 63.900002
0.059082 0.975830 0.146973 -0.013835 0.021284 0.014899 -3.900000 -52.500000 63.900002
0.059326 0.974609 0.157227 -0.012771 0.023413 0.018092 -1.800000 -52.200001 64.199997
0.063232 0.973633 0.142578 -0.015963 0.021284 0.017028 -3.600000 -53.400002 64.800003
0.061279 0.970703 0.150635 -0.015963 0.022349 0.020220 -1.800000 -52.200001 66.000000
0.067383 0.980713 0.145264 -0.014899 0.022349 0.019156 -2.700000 -51.900002 65.699997
0.069580 0.973389 0.145752 -0.012771 0.021284 0.017028 -2.400000 -52.200001 64.800003
0.057373 0.975586 0.150879 -0.015963 0.019156 0.018092 -3.000000 -53.400002 66.000000
0.069336 0.974365 0.148438 -0.015963 0.021284 0.017028 -2.400000 -52.200001 64.800003
