-0.009033 -1.003906 -0.071289 -0.013835 0.022349 0.019156 35.400002 42.000000 49.799999
0.000000 -1.001709 -0.077148 -0.013835 0.018092 0.014899 34.200001 40.799999 49.799999
-0.001709 -1.007812 -0.063965 -0.014899 0.019156 0.017028 34.500000 41.099998 48.299999
0.000977 -0.999023 -0.063232 -0.013835 0.020220 0.020220 34.500000 42.299999 49.500000
-0.001221 -1.005615 -0.078613 -0.013835 0.020220 0.015963 36.299999 40.500000 49.500000
-0.008301 -0.999268 -0.061035 -0.010642 0.020220 0.019156 35.099998 41.700001 48.900002
-0.000488 -0.998535 -0.064941 -0.014899 0.021284 0.017028 33.599998 40.799999 49.799999
-0.004639 -1.009033 -0.068359 -0.014899 0.022349 0.019156 34.200001 42.599998 49.200001
-0.002930 -1.005371 -0.070068 -0.019156 0.020220 0.018092 36.299999 41.099998 48.299999
-0.000244 -1.003906 -0.082031 -0.012771 0.023413 0.019156 34.200001 40.799999 48.599998
-0.003662 -1.002930 -0.077393 -0.014899 0.019156 0.017028 33.900002 41.700001 47.700001
-0.005127 -1.003174 -0.066650 -0.017028 0.023413 0.017028 34.500000 41.099998 50.099998
-0.013672 -1.000977 -0.067627 -0.015963 0.020220 0.012771 35.700001 39.900002 48.299999
-0.005859 -0.995850 -0.075439 -0.014899 0.019156 0.017028 35.400002 41.400002 48.000000
-0.004395 -1.002686 -0.071533 -0.012771 0.019156 0.014899 34.500000 41.099998 49.500000
-0.004150 -1.005859 -0.077637 -0.013835 0.020220 0.019156 35.400002 41.400002 48.599998
-0.002930 -1.002441 -0.066162 -0.012771 0.017028 0.020220 35.700001 41.099998 50.099998
-0.002930 -1.004150 -0.066895 -0.011706 0.021284 0.020220 35.099998 42.299999 47.700001
-0.005859 -1.004150 -0.065186 -0.015963 0.019156 0.015963 36.000000 40.200001 48.000000
-0.000244 -1.008057 -0.060303 -0.017028 0.021284 0.018092 35.400002 40.799999 49.799999
-0.001465 -1.006592 -0.064697 -0.015963 0.021284 0.018092 36.000000 42.000000 48.599998
-0.003662 -0.999512 -0.076172 -0.014899 0.021284 0.018092 35.400002 39.599998 50.400002
-0.010986 -1.003174 -0.065430 -0.011706 0.019156 0.018092 35.400002 42.000000 48.000000
-0.007080 -1.000732 -0.070068 -0.013835 0.018092 0.015963 35.099998 40.500000 50.700001
0.000244 -1.003418 -0.060059 -0.013835 0.019156 0.020220 33.900002 40.500000 48.900002
-0.000244 -1.003418 -0.061279 -0.012771 0.019156 0.019156 35.400002 40.200001 49.799999
-0.000488 -1.000732 -0.059814 -0.012771 0.018092 0.017028 33.299999 41.700001 48.900002
-0.004639 -1.006104 -0.069824 -0.017028 0.020220 0.019156 36.000000 42.000000 48.000000
-0.002441 -1.005127 -0.070068 -0.015963 0.021284 0.019156 35.099998 41.099998 48.900002
-0.008301 -0.999512 -0.063965 -0.014899 0.020220 0.018092 34.500000 41.099998 48.900002
-0.006592 -1.005615 -0.061035 -0.013835 0.019156 0.020220 33.299999 41.099998 48.299999
-0.006592 -1.000244 -0.065186 -0.011706 0.021284 0.015963 35.099998 40.500000 49.500000
-0.001709 -0.999268 -0.069092 -0.011706 0.020220 0.020220 33.900002 41.099998 48.900002
-0.006592 -1.004395 -0.062500 -0.015963 0.020220 0.020220 35.700001 41.099998 49.500000
-0.005371 -1.002197 -0.074707 -0.014899 0.022349 0.017028 35.700001 40.500000 48.900002
-0.002197 -1.003906 -0.065430 -0.015963 0.021284 0.020220 35.400002 40.799999 49.200001
-0.004883 -1.001465 -0.073975 -0.014899 0.019156 0.019156 34.500000 41.099998 46.500000
-0.006104 -0.998047 -0.071777 -0.015963 0.020220 0.017028 34.200001 39.599998 49.200001
-0.001953 -1.003174 -0.067627 -0.017028 0.018092 0.018092 36.299999 41.700001 49.500000
-0.002197 -1.007324 -0.074463 -0.011706 0.021284 0.018092 35.700001 41.099998 49.500000
-0.005859 -1.005127 -0.067871 -0.012771 0.021284 0.019156 35.099998 41.700001 48.900002
-0.002441 -0.999023 -0.066895 -0.014899 0.019156 0.017028 35.400002 41.400002 49.200001
-0.008301 -1.001221 -0.071289 -0.010642 0.019156 0.020220 34.799999 40.799999 48.599998
-0.004150 -1.005371 -0.067139 -0.017028 0.018092 0.018092 35.400002 40.799999 49.799999
-0.010986 -1.002441 -0.067139 -0.013835 0.019156 0.018092 35.400002 42.000000 49.200001
-0.009277 -1.008545 -0.070068 -0.013835 0.021284 0.015963 35.099998 40.500000 48.900002
-0.051758 -1.049561 0.331787 -0.009578 0.117065 0.026606 35.700001 40.500000 49.500000
-0.143066 -1.006348 0.120850 0.002128 -0.053211 0.009578 35.700001 40.500000 48.900002
-0.128662 -1.056396 0.101318 -0.001064 -0.121322 -0.001064 34.799999 40.799999 49.799999
-0.109619 -1.039307 0.167725 0.001064 -0.178790 0.000000 34.200001 40.200001 46.799999
-0.152344 -1.009766 0.123047 -0.011706 -0.201138 0.000000 33.599998 40.200001 49.200001
-0.069824 -0.955322 -0.017578 -0.048954 -0.156441 -0.014899 36.000000 41.400002 49.200001
-0.027100 -1.057617 -0.038086 -0.028734 0.094716 0.022349 36.299999 40.500000 46.500000
0.006104 -1.144775 -0.129150 0.100037 0.079817 0.022349 35.400002 41.400002 48.599998
0.024170 -1.084229 -0.282715 0.093652 0.111744 0.013835 35.099998 41.099998 47.099998
0.078369 -1.229980 -0.036133 0.031927 0.045762 0.017028 35.400002 42.000000 46.799999
0.167236 -1.220703 -0.167969 -0.257542 0.042569 0.031927 34.500000 41.099998 47.700001
0.158691 -0.942383 -0.237061 0.008514 0.148991 0.034055 34.200001 42.599998 46.799999
0.142090 -0.919922 -0.246582 -0.014899 0.037248 0.018092 33.599998 41.400002 48.000000
0.092773 -0.960449 -0.142578 -0.040441 0.154313 0.021284 33.900002 41.700001 46.500000
0.097656 -0.991211 -0.247070 -0.018092 -0.006385 0.014899 34.200001 39.599998 48.599998
-0.000488 -1.006592 -0.058105 -0.015963 0.019156 0.018092 34.500000 41.099998 47.099998
0.002197 -1.011963 -0.062012 -0.013835 0.020220 0.014899 34.200001 42.000000 49.200001
-0.006836 -1.007080 -0.057373 -0.012771 0.022349 0.020220 34.500000 42.900002 48.299999
-0.001221 -1.009766 -0.063721 -0.010642 0.020220 0.018092 34.500000 42.299999 49.500000
0.000732 -1.001709 -0.064941 -0.017028 0.017028 0.017028 35.700001 39.900002 47.099998
-0.005371 -1.005859 -0.057861 -0.013835 0.021284 0.018092 35.099998 42.900002 48.299999
-0.006104 -1.005615 -0.052246 -0.014899 0.021284 0.019156 33.000000 40.200001 48.000000
-0.006104 -1.003906 -0.064697 -0.014899 0.022349 0.018092 35.099998 41.700001 49.500000
-0.014160 -1.002686 -0.072998 -0.011706 0.020220 0.020220 33.900002 39.900002 47.700001
-0.002686 -1.002197 -0.070801 -0.017028 0.019156 0.018092 33.000000 41.400002 48.599998
-0.010010 -1.010742 -0.064697 -0.012771 0.017028 0.019156 33.900002 41.700001 47.700001
-0.004639 -1.002930 -0.057373 -0.017028 0.024477 0.018092 34.200001 42.000000 47.400002
-0.008057 -1.004883 -0.062988 -0.013835 0.020220 0.019156 34.799999 42.000000 48.000000
-0.007080 -1.006592 -0.060303 -0.015963 0.020220 0.018092 34.799999 42.599998 47.400002
-0.000732 -1.003662 -0.065674 -0.014899 0.021284 0.020220 32.700001 41.700001 49.500000
-0.003662 -1.004150 -0.060791 -0.014899 0.024477 0.021284 33.599998 42.000000 48.000000
-0.000488 -1.003906 -0.061279 -0.014899 0.020220 0.019156 35.700001 41.099998 49.500000
0.000000 -1.000488 -0.069824 -0.015963 0.022349 0.015963 35.700001 41.099998 47.700001
-0.003662 -1.009277 -0.065430 -0.013835 0.021284 0.019156 34.200001 41.400002 48.599998
-0.009033 -1.006836 -0.061768 -0.011706 0.017028 0.018092 35.700001 41.700001 47.700001
-0.005127 -1.001953 -0.066895 -0.014899 0.020220 0.017028 35.099998 41.099998 47.099998
-0.004395 -1.003418 -0.062744 -0.014899 0.021284 0.018092 33.299999 41.700001 47.099998
-0.000488 -1.001709 -0.059570 -0.015963 0.019156 0.014899 33.299999 43.500000 47.099998
-0.003418 -1.003906 -0.066162 -0.012771 0.021284 0.018092 34.200001 41.400002 47.400002
-0.000977 -1.003662 -0.063232 -0.013835 0.018092 0.020220 34.799999 39.599998 48.599998
-0.007812 -1.004639 -0.055420 -0.013835 0.019156 0.019156 33.900002 42.299999 48.299999
-0.004395 -1.010254 -0.054932 -0.013835 0.022349 0.020220 33.000000 40.200001 46.799999
-0.005371 -1.005127 -0.061523 -0.013835 0.020220 0.020220 35.099998 41.099998 49.500000
-0.004395 -1.002441 -0.063477 -0.017028 0.023413 0.020220 34.500000 42.299999 48.900002
-0.006836 -1.003174 -0.067139 -0.010642 0.019156 0.018092 33.599998 40.799999 48.000000
-0.001221 -1.005859 -0.068359 -0.012771 0.019156 0.019156 34.200001 42.000000 46.200001
-0.001709 -1.001221 -0.058838 -0.011706 0.020220 0.018092 34.500000 41.700001 47.099998
-0.005371 -1.000000 -0.064453 -0.014899 0.020220 0.019156 33.900002 41.099998 48.299999
-0.000244 -1.009277 -0.063232 -0.015963 0.021284 0.017028 33.299999 39.900002 48.900002
-0.006592 -1.003418 -0.059570 -0.010642 0.019156 0.017028 35.700001 41.099998 47.700001
-0.003662 -1.005371 -0.058350 -0.012771 0.019156 0.019156 33.599998 41.400002 48.000000
-0.006592 -1.002686 -0.068359 -0.015963 0.022349 0.017028 35.400002 40.200001 48.599998
-0.007568 -1.005371 -0.062500 -0.013835 0.020220 0.015963 33.900002 41.700001 47.700001
-0.000977 -1.004639 -0.062744 -0.014899 0.020220 0.018092 35.099998 41.099998 47.700001
-0.005859 -1.003418 -0.058838 -0.015963 0.018092 0.020220 34.500000 41.700001 48.299999
-0.001221 -1.007568 -0.065186 -0.012771 0.018092 0.021284 34.200001 42.000000 48.599998
-0.004395 -1.001709 -0.063232 -0.013835 0.019156 0.013835 33.299999 42.299999 48.900002
-0.006592 -1.004395 -0.061279 -0.012771 0.020220 0.019156 34.799999 39.599998 49.200001
-0.010010 -1.003418 -0.060303 -0.014899 0.020220 0.018092 34.200001 40.799999 47.400002
0.000000 -1.002686 -0.067871 -0.013835 0.024477 0.017028 33.599998 42.000000 46.799999
-0.006348 -1.002441 -0.068604 -0.013835 0.018092 0.014899 32.400002 41.400002 48.000000
-0.003662 -1.000488 -0.071533 -0.014899 0.018092 0.014899 33.599998 41.400002 48.599998
-0.005859 -1.001221 -0.061035 -0.014899 0.022349 0.018092 32.400002 42.599998 49.200001
-0.007324 -1.003906 -0.063965 -0.017028 0.023413 0.020220 34.500000 41.099998 48.299999
0.000488 -1.005615 -0.059326 -0.014899 0.019156 0.021284 33.299999 41.099998 48.299999
-0.004150 -1.011230 -0.060791 -0.010642 0.020220 0.018092 33.599998 40.200001 48.599998
-0.005371 -1.008545 -0.061768 -0.010642 0.020220 0.018092 34.200001 42.000000 48.599998
0.000000 -1.010010 -0.060059 -0.013835 0.017028 0.021284 34.500000 41.700001 48.900002
0.001221 -1.007080 -0.063965 -0.013835 0.018092 0.018092 34.799999 42.000000 48.000000
0.000488 -1.007080 -0.051514 -0.012771 0.020220 0.019156 35.700001 42.299999 47.099998
-0.009521 -1.006348 -0.056396 -0.012771 0.022349 0.014899 33.900002 41.700001 47.099998
0.000000 -1.007324 -0.056885 -0.017028 0.020220 0.020220 35.099998 42.299999 48.299999
-0.005371 -1.001465 -0.055908 -0.014899 0.019156 0.018092 34.200001 42.599998 48.000000
0.001709 -1.001709 -0.064209 -0.014899 0.018092 0.018092 34.500000 42.299999 45.900002
-0.005371 -0.996582 -0.061523 -0.014899 0.021284 0.019156 34.200001 41.400002 48.599998
-0.001709 -1.001953 -0.062256 -0.012771 0.020220 0.015963 33.299999 42.299999 47.099998
-0.006836 -1.003662 -0.064941 -0.012771 0.019156 0.017028 35.700001 39.900002 48.299999
-0.005615 -1.009277 -0.052490 -0.011706 0.019156 0.019156 34.799999 40.200001 47.400002
-0.000732 -1.005615 -0.062744 -0.013835 0.022349 0.013835 35.400002 41.400002 49.200001
-0.004639 -1.005371 -0.052002 -0.010642 0.018092 0.019156 33.599998 41.400002 49.799999
-0.002441 -1.002197 -0.066895 -0.012771 0.019156 0.017028 34.799999 42.000000 48.000000
-0.006348 -1.007568 -0.060303 -0.017028 0.020220 0.017028 33.299999 41.700001 47.700001
-0.003906 -1.007080 -0.062988 -0.011706 0.023413 0.018092 33.000000 40.799999 48.599998
-0.009521 -1.004395 -0.059326 -0.015963 0.020220 0.018092 34.799999 42.599998 48.599998
-0.006348 -1.005127 -0.061279 -0.011706 0.020220 0.021284 32.400002 42.599998 48.599998
0.001465 -0.999512 -0.049805 -0.012771 0.021284 0.019156 33.599998 41.400002 48.000000
0.000244 -1.007324 -0.070068 -0.015963 0.018092 0.017028 33.900002 40.500000 47.700001
-0.001221 -1.001221 -0.063232 -0.013835 0.020220 0.021284 34.500000 41.700001 48.299999
-0.004639 -1.010010 -0.067871 -0.014899 0.020220 0.021284 34.200001 42.000000 46.799999
0.001221 -1.003174 -0.054443 -0.012771 0.018092 0.018092 34.500000 41.099998 48.299999
-0.010010 -1.001465 -0.068604 -0.015963 0.021284 0.018092 33.599998 40.799999 46.799999
-0.002441 -1.005127 -0.062500 -0.014899 0.022349 0.019156 34.200001 42.000000 46.799999
-0.003662 -1.013428 -0.065430 -0.014899 0.021284 0.018092 33.599998 42.599998 46.200001
-0.002686 -1.009521 -0.066406 -0.013835 0.018092 0.020220 34.500000 42.299999 46.500000
-0.003662 -1.002686 -0.060303 -0.012771 0.022349 0.017028 36.000000 41.400002 46.799999
-0.002686 -1.009033 -0.057129 -0.014899 0.020220 0.019156 34.799999 41.400002 48.599998
0.000732 -1.000977 -0.061523 -0.014899 0.021284 0.018092 34.799999 42.000000 48.599998
-0.000244 -1.010254 -0.060059 -0.017028 0.022349 0.018092 33.599998 42.000000 48.599998
0.001709 -1.001953 -0.056885 -0.014899 0.018092 0.017028 33.299999 39.900002 49.500000
-0.006104 -1.002197 -0.062012 -0.014899 0.020220 0.017028 34.200001 41.400002 46.799999
-0.007324 -1.004150 -0.071289 -0.014899 0.022349 0.019156 35.099998 41.700001 48.900002
-0.004395 -1.002930 -0.071045 -0.014899 0.022349 0.019156 34.200001 42.599998 48.599998
-0.006592 -1.001221 -0.059570 -0.014899 0.020220 0.018092 33.900002 42.299999 47.700001
-0.000244 -1.004395 -0.063232 -0.012771 0.022349 0.018092 34.500000 41.700001 47.700001
-0.012695 -0.998779 -0.063232 -0.013835 0.020220 0.018092 33.900002 39.900002 50.099998
-0.007812 -1.000488 -0.062500 -0.013835 0.020220 0.015963 33.900002 42.900002 50.099998
-0.003906 -1.006592 -0.073242 -0.015963 0.019156 0.019156 35.099998 41.700001 48.900002
-0.003906 -0.999512 -0.062744 -0.013835 0.020220 0.018092 34.500000 41.099998 48.299999
-0.004883 -1.002930 -0.062744 -0.014899 0.020220 0.018092 34.200001 40.200001 47.400002
-0.001953 -1.006104 -0.057861 -0.013835 0.022349 0.017028 34.799999 43.200001 48.599998
-0.011230 -0.999756 -0.062256 -0.014899 0.019156 0.017028 33.900002 40.500000 47.099998
0.000732 -1.000244 -0.057373 -0.011706 0.018092 0.019156 34.200001 39.000000 49.200001
-0.008301 -1.007568 -0.062500 -0.014899 0.018092 0.015963 34.500000 40.500000 46.500000
-0.006348 -1.000977 -0.060303 -0.013835 0.020220 0.018092 35.099998 40.500000 49.500000
0.001465 -1.005615 -0.060547 -0.013835 0.020220 0.019156 34.200001 41.400002 47.400002
-0.013428 -1.005615 -0.049805 -0.015963 0.020220 0.019156 33.299999 40.500000 48.299999
0.004639 -0.999756 -0.066650 -0.007450 0.019156 0.015963 35.099998 41.700001 48.900002
-0.090088 -0.973633 -0.236084 -0.008514 -0.011706 0.011706 34.200001 41.400002 49.200001
-0.116699 -1.001953 -0.286133 -0.010642 0.126643 0.032991 34.200001 42.000000 48.000000
-0.172119 -0.930420 -0.364502 0.008514 0.141542 0.026606 33.900002 41.099998 48.299999
-0.138428 -0.960938 -0.335693 0.083009 0.451231 0.060661 33.599998 42.000000 48.000000
-0.115479 -0.877930 -0.384277 -0.162826 0.421433 0.071303 35.400002 40.799999 48.000000
-0.005615 -1.014160 -0.288818 -0.057468 0.039376 0.017028 35.400002 39.599998 48.599998
-0.043701 -0.698486 -0.144287 -0.092588 -0.073431 0.027670 31.500000 40.500000 50.099998
0.002197 -1.058594 -0.081787 0.077688 -0.177725 0.002128 34.500000 41.099998 47.700001
0.050049 -1.194824 0.156738 -0.127707 -0.261799 0.007450 33.299999 41.099998 49.500000
0.049561 -1.008789 0.088623 -0.078753 -0.070239 0.023413 35.700001 40.500000 48.900002
0.027832 -1.028564 0.147217 -0.011706 -0.018092 0.011706 33.000000 39.599998 49.200001
0.079590 -0.975830 0.080078 -0.017028 -0.075560 0.004257 33.900002 41.099998 48.299999
0.139160 -1.039551 0.200684 -0.020220 -0.005321 0.014899 32.700001 42.299999 49.500000
0.112549 -1.049072 0.157959 -0.008514 -0.070239 0.007450 35.099998 41.700001 49.500000
0.066406 -1.017090 0.033691 -0.015963 -0.088331 0.008514 35.700001 39.900002 48.900002
-0.011230 -0.998779 -0.061768 -0.009578 0.021284 0.017028 35.099998 41.099998 48.900002
-0.006348 -1.001953 -0.072266 -0.015963 0.017028 0.017028 33.900002 40.500000 48.900002
-0.005127 -0.999512 -0.069580 -0.011706 0.019156 0.019156 33.599998 41.400002 47.400002
-0.000732 -1.007812 -0.065430 -0.013835 0.020220 0.018092 33.299999 39.900002 48.900002
-0.008057 -1.010742 -0.068115 -0.015963 0.021284 0.019156 34.200001 41.400002 49.799999
-0.002441 -1.013916 -0.073242 -0.013835 0.021284 0.019156 32.099998 41.099998 49.500000
-0.009277 -1.003174 -0.061768 -0.018092 0.022349 0.015963 33.000000 40.200001 48.599998
-0.005859 -1.001465 -0.066650 -0.014899 0.022349 0.015963 35.099998 39.299999 49.500000
-0.000977 -1.001221 -0.076172 -0.009578 0.020220 0.015963 33.599998 42.599998 48.599998
-0.002441 -1.003906 -0.066650 -0.013835 0.020220 0.015963 34.799999 42.000000 51.000000
-0.004395 -1.007324 -0.069580 -0.015963 0.019156 0.019156 33.900002 41.700001 47.700001
-0.006104 -1.009521 -0.069336 -0.012771 0.020220 0.019156 35.099998 39.299999 48.900002
-0.006348 -1.002930 -0.063232 -0.010642 0.020220 0.019156 34.799999 41.400002 49.200001
-0.001953 -1.001221 -0.067383 -0.011706 0.021284 0.018092 32.700001 39.900002 50.700001
-0.003418 -1.005615 -0.067139 -0.013835 0.020220 0.019156 33.900002 40.500000 50.700001
-0.005371 -1.003418 -0.073242 -0.017028 0.024477 0.017028 34.799999 40.200001 50.400002
-0.012451 -0.997314 -0.067871 -0.017028 0.018092 0.020220 35.099998 41.099998 51.299999
-0.001709 -1.005127 -0.072754 -0.013835 0.019156 0.017028 33.000000 42.000000 48.000000
-0.004395 -1.002930 -0.066650 -0.013835 0.019156 0.019156 34.799999 41.400002 49.799999
-0.004639 -1.004395 -0.069580 -0.011706 0.021284 0.021284 34.200001 40.799999 49.200001
-0.011475 -1.004150 -0.065430 -0.015963 0.019156 0.014899 33.900002 39.900002 48.299999
-0.003906 -1.006348 -0.069580 -0.014899 0.021284 0.018092 35.400002 40.200001 48.000000
-0.006836 -1.001221 -0.068848 -0.013835 0.021284 0.019156 34.500000 40.500000 48.900002
-0.002930 -1.000000 -0.060059 -0.014899 0.021284 0.017028 35.099998 41.700001 49.500000
-0.008301 -1.003906 -0.066406 -0.015963 0.020220 0.022349 35.099998 40.500000 47.700001
-0.003174 -1.000977 -0.071777 -0.012771 0.019156 0.015963 33.599998 40.799999 49.799999
-0.012451 -1.001709 -0.068115 -0.017028 0.019156 0.018092 33.599998 41.400002 48.599998
-0.005127 -0.994873 -0.070557 -0.018092 0.021284 0.017028 33.299999 40.500000 48.299999
-0.004395 -1.007568 -0.065430 -0.013835 0.020220 0.018092 33.900002 39.900002 48.299999
-0.003418 -0.998535 -0.062744 -0.013835 0.019156 0.018092 34.799999 39.000000 49.799999
-0.006836 -1.004150 -0.076172 -0.012771 0.019156 0.018092 33.299999 39.299999 48.900002
-0.006348 -1.005127 -0.062988 -0.015963 0.019156 0.018092 34.200001 41.400002 48.000000
-0.010498 -1.003662 -0.069580 -0.014899 0.020220 0.014899 35.400002 40.799999 49.200001
-0.007080 -1.011963 -0.063721 -0.014899 0.023413 0.019156 33.900002 41.099998 48.299999
-0.007568 -1.001709 -0.066895 -0.013835 0.020220 0.021284 34.200001 40.799999 47.400002
-0.004150 -1.008301 -0.068848 -0.012771 0.022349 0.018092 33.900002 40.500000 48.900002
-0.009277 -1.002930 -0.063965 -0.014899 0.020220 0.018092 35.400002 40.200001 49.200001
-0.000732 -1.002441 -0.068848 -0.011706 0.018092 0.018092 33.299999 42.299999 49.500000
-0.000244 -1.003906 -0.070068 -0.017028 0.022349 0.021284 32.700001 39.299999 48.900002
-0.003174 -1.004883 -0.064697 -0.014899 0.021284 0.018092 34.200001 39.599998 48.599998
0.000488 -1.006348 -0.058350 -0.014899 0.020220 0.018092 36.000000 40.799999 49.200001
-0.005127 -0.999512 -0.067383 -0.017028 0.020220 0.017028 34.500000 40.500000 50.700001
-0.000977 -1.005371 -0.069092 -0.013835 0.021284 0.014899 32.400002 40.200001 49.799999
-0.008301 -1.005371 -0.066406 -0.012771 0.022349 0.019156 33.000000 39.599998 50.400002
-0.008789 -1.005127 -0.069336 -0.013835 0.023413 0.017028 33.900002 40.500000 47.700001
-0.001221 -1.008057 -0.069824 -0.013835 0.021284 0.017028 34.500000 39.900002 48.900002
-0.004395 -1.000244 -0.074463 -0.014899 0.020220 0.015963 35.099998 39.299999 49.500000
-0.012207 -0.998779 -0.071045 -0.014899 0.021284 0.018092 34.500000 40.500000 48.299999
-0.007080 -1.008057 -0.066162 -0.012771 0.018092 0.021284 33.599998 41.400002 49.200001
-0.008789 -1.006836 -0.065674 -0.013835 0.022349 0.019156 33.900002 40.500000 49.500000
-0.003418 -1.004150 -0.067139 -0.014899 0.020220 0.019156 34.799999 40.799999 49.200001
-0.003906 -1.004639 -0.066650 -0.013835 0.021284 0.021284 33.900002 41.700001 48.900002
-0.005371 -1.004883 -0.065186 -0.017028 0.019156 0.017028 33.599998 40.799999 48.599998
-0.002930 -1.003662 -0.063477 -0.013835 0.020220 0.018092 34.500000 41.099998 48.299999
-0.006104 -1.002197 -0.065186 -0.014899 0.020220 0.019156 34.799999 40.799999 50.400002
-0.001465 -1.001709 -0.071289 -0.015963 0.022349 0.015963 36.599998 40.200001 49.200001
-0.007812 -1.000977 -0.064941 -0.014899 0.019156 0.019156 35.099998 41.099998 49.500000
-0.006836 -1.000977 -0.078613 -0.012771 0.021284 0.015963 35.099998 39.299999 48.900002
-0.000488 -1.002686 -0.074219 -0.014899 0.021284 0.018092 35.099998 41.099998 48.900002
-0.008057 -1.002930 -0.067627 -0.012771 0.019156 0.019156 35.099998 41.700001 48.900002
-0.009033 -1.005127 -0.069336 -0.014899 0.020220 0.019156 35.099998 39.900002 47.700001
-0.001709 -1.003418 -0.060303 -0.013835 0.018092 0.022349 36.599998 39.599998 48.000000
-0.006836 -1.002930 -0.061523 -0.017028 0.021284 0.020220 34.500000 41.700001 48.900002
0.002441 -1.005371 -0.073730 -0.012771 0.020220 0.017028 33.900002 41.700001 50.099998
-0.005615 -1.003418 -0.066162 -0.011706 0.019156 0.019156 34.500000 39.299999 50.099998
-0.002930 -1.004150 -0.063965 -0.011706 0.020220 0.012771 35.400002 41.400002 49.799999
-0.002441 -1.002441 -0.066650 -0.012771 0.022349 0.020220 35.400002 39.599998 48.000000
-0.006836 -1.000244 -0.076172 -0.012771 0.020220 0.017028 34.200001 41.400002 48.599998
-0.005615 -1.001465 -0.071045 -0.014899 0.020220 0.017028 34.500000 41.099998 50.700001
-0.009766 -1.004639 -0.072266 -0.014899 0.019156 0.018092 34.200001 41.400002 46.799999
-0.000244 -0.997559 -0.075439 -0.017028 0.023413 0.020220 33.000000 39.599998 49.200001
-0.000732 -0.998047 -0.076904 -0.012771 0.022349 0.015963 34.799999 41.400002 48.599998
-0.007324 -1.000244 -0.061035 -0.012771 0.021284 0.021284 34.799999 40.200001 49.799999
-0.011230 -0.999512 -0.073242 -0.010642 0.022349 0.019156 35.099998 40.500000 49.500000
-0.003662 -1.003662 -0.063232 -0.013835 0.020220 0.018092 35.099998 41.700001 49.500000
-0.010742 -1.002686 -0.069580 -0.013835 0.023413 0.018092 34.200001 40.799999 48.599998
-0.000977 -1.003662 -0.075195 -0.014899 0.022349 0.020220 34.200001 40.200001 49.200001
0.000244 -1.002930 -0.072998 -0.013835 0.020220 0.017028 33.599998 40.799999 49.200001
-0.006592 -0.997314 -0.069580 -0.015963 0.017028 0.015963 34.799999 42.000000 49.200001
-0.008301 -1.002930 -0.070801 -0.013835 0.021284 0.015963 35.099998 40.500000 48.900002
-0.010986 -1.007080 -0.073242 -0.012771 0.020220 0.020220 35.400002 40.200001 49.200001
-0.006592 -1.000977 -0.062744 -0.014899 0.019156 0.017028 33.900002 41.700001 51.299999
-0.008545 -0.999512 -0.074219 -0.015963 0.021284 0.018092 33.000000 40.200001 50.400002
-0.008301 -1.007080 -0.069824 -0.010642 0.022349 0.017028 35.700001 41.700001 48.299999
-0.009766 -1.003906 -0.068848 -0.013835 0.019156 0.019156 33.599998 41.400002 49.200001
-0.003174 -1.003906 -0.071045 -0.012771 0.020220 0.019156 35.700001 40.500000 49.500000
-0.008789 -1.004395 -0.070557 -0.014899 0.022349 0.019156 35.700001 39.900002 49.500000
-0.010010 -0.998779 -0.069092 -0.012771 0.021284 0.018092 35.099998 41.099998 48.900002
-0.007812 -1.002686 -0.078369 -0.013835 0.020220 0.015963 34.799999 41.400002 49.200001
-0.007568 -1.004639 -0.073975 -0.014899 0.021284 0.018092 33.299999 40.500000 47.700001
-0.003174 -1.003906 -0.068115 -0.014899 0.019156 0.015963 34.799999 42.000000 49.799999
-0.000732 -1.009033 -0.071533 -0.015963 0.023413 0.019156 35.099998 40.500000 48.900002
-0.007080 -1.006104 -0.061279 -0.014899 0.019156 0.017028 34.500000 41.099998 49.500000
-0.007080 -1.006104 -0.068359 -0.015963 0.021284 0.017028 34.200001 40.799999 49.200001
-0.004639 -1.007080 -0.072266 -0.018092 0.022349 0.018092 32.700001 39.900002 48.299999
-0.006348 -1.008057 -0.068359 -0.017028 0.018092 0.018092 35.700001 40.500000 48.299999
-0.000732 -1.008057 -0.066406 -0.011706 0.020220 0.015963 33.900002 40.500000 48.900002
-0.001709 -1.004639 -0.068359 -0.014899 0.020220 0.018092 32.700001 40.500000 48.900002
-0.004639 -1.002686 -0.065186 -0.017028 0.021284 0.018092 35.700001 39.900002 48.299999
-0.008789 -1.002930 -0.068848 -0.012771 0.019156 0.015963 34.500000 39.299999 47.700001
-0.003906 -1.010742 -0.068359 -0.015963 0.021284 0.019156 35.400002 40.799999 48.599998
-0.009033 -1.003418 -0.068604 -0.011706 0.020220 0.019156 33.000000 39.599998 49.200001
0.000244 -1.002197 -0.060547 -0.014899 0.023413 0.017028 35.400002 39.599998 48.599998
-0.005127 -1.003418 -0.065674 -0.014899 0.021284 0.017028 34.500000 40.500000 49.500000
0.000977 -1.005615 -0.071289 -0.011706 0.017028 0.018092 35.400002 39.599998 48.599998
-0.007324 -1.010742 -0.069336 -0.011706 0.022349 0.017028 36.000000 39.599998 49.200001
-0.007568 -1.006104 -0.065918 -0.011706 0.022349 0.017028 33.599998 38.400002 48.599998
-0.011475 -1.000244 -0.073486 -0.012771 0.023413 0.017028 33.900002 41.700001 48.900002
-0.008057 -1.000732 -0.072754 -0.012771 0.021284 0.018092 35.700001 40.500000 47.700001
-0.006836 -1.004395 -0.071777 -0.013835 0.022349 0.019156 35.700001 39.900002 49.500000
-0.007324 -1.005859 -0.065918 -0.015963 0.020220 0.020220 34.799999 39.599998 49.200001
0.000244 -1.009766 -0.063232 -0.013835 0.020220 0.019156 36.599998 40.200001 48.000000
-0.011475 -1.005127 -0.066162 -0.013835 0.021284 0.022349 34.200001 40.799999 49.799999
-0.010010 -1.004150 -0.073242 -0.012771 0.020220 0.018092 35.099998 39.299999 48.900002
-0.005615 -1.000000 -0.068848 -0.015963 0.020220 0.023413 34.500000 41.700001 47.700001
-0.001953 -1.000732 -0.061768 -0.013835 0.019156 0.018092 33.599998 40.200001 49.200001
-0.001465 -1.005371 -0.072266 -0.013835 0.018092 0.019156 33.000000 40.799999 49.799999
-0.003174 -1.004150 -0.060547 -0.013835 0.021284 0.019156 35.099998 40.500000 47.700001
-0.005859 -1.003418 -0.072998 -0.014899 0.021284 0.017028 35.700001 41.700001 50.099998
-0.007324 -1.004883 -0.064209 -0.017028 0.022349 0.022349 33.900002 41.099998 50.099998
-0.000732 -1.002930 -0.064697 -0.014899 0.019156 0.019156 33.900002 39.299999 50.099998
-0.006348 -1.006592 -0.070557 -0.012771 0.022349 0.020220 33.599998 39.599998 49.799999
