-0.003662 -1.006836 -0.072510 -0.011706 0.020220 0.017028 35.400002 40.799999 54.599998
-0.002930 -0.998779 -0.074951 -0.017028 0.019156 0.018092 31.200001 40.200001 54.000000
-0.010986 -0.999512 -0.067871 -0.014899 0.020220 0.020220 33.599998 39.000000 53.400002
-0.008545 -1.003418 -0.080566 -0.017028 0.022349 0.018092 33.000000 40.799999 54.599998
-0.002441 -1.005615 -0.069092 -0.013835 0.018092 0.019156 33.599998 40.799999 55.799999
-0.003662 -0.993408 -0.080566 -0.014899 0.023413 0.020220 31.200001 41.400002 53.400002
-0.006836 -1.001709 -0.066406 -0.012771 0.022349 0.017028 31.200001 40.799999 53.400002
-0.007568 -1.001221 -0.060791 -0.012771 0.020220 0.019156 32.700001 38.700001 54.299999
-0.005859 -1.002441 -0.074463 -0.017028 0.018092 0.017028 32.099998 40.500000 53.700001
-0.004883 -0.997559 -0.068604 -0.017028 0.022349 0.020220 33.000000 40.799999 55.200001
-0.012207 -1.000244 -0.077393 -0.013835 0.021284 0.017028 32.099998 39.299999 53.700001
-0.010986 -1.005371 -0.066895 -0.014899 0.022349 0.019156 32.700001 41.099998 53.099998
-0.012695 -1.004639 -0.061035 -0.014899 0.019156 0.017028 33.000000 40.799999 52.200001
-0.003662 -1.004150 -0.074219 -0.015963 0.023413 0.020220 32.700001 41.700001 52.500000
-0.015137 -1.007080 -0.073242 -0.013835 0.020220 0.020220 33.900002 39.900002 53.099998
-0.014893 -1.004395 -0.077881 -0.015963 0.021284 0.018092 33.000000 41.400002 52.799999
-0.006104 -1.000488 -0.069580 -0.015963 0.022349 0.015963 33.900002 40.500000 54.900002
-0.014160 -1.002686 -0.070068 -0.019156 0.019156 0.019156 33.299999 41.099998 53.700001
-0.007568 -1.000732 -0.070557 -0.017028 0.021284 0.021284 33.299999 40.500000 53.700001
-0.013672 -1.006104 -0.070557 -0.015963 0.021284 0.015963 31.799999 40.200001 53.400002
-0.011963 -1.000977 -0.077881 -0.015963 0.022349 0.021284 34.200001 40.200001 52.200001
0.003662 -0.994141 -0.066162 -0.012771 0.021284 0.021284 31.799999 40.799999 54.599998
-0.006836 -1.000488 -0.082031 -0.013835 0.018092 0.017028 33.000000 41.400002 54.599998
-0.013916 -0.997314 -0.075439 -0.013835 0.022349 0.018092 32.099998 39.299999 54.299999
-0.002197 -1.002930 -0.066895 -0.014899 0.023413 0.020220 32.700001 41.099998 53.700001
-0.002686 -0.994385 -0.078857 -0.015963 0.022349 0.019156 33.299999 41.099998 54.900002
0.000244 -1.001465 -0.074951 -0.013835 0.018092 0.022349 32.700001 40.500000 54.299999
-0.011963 -1.003906 -0.072510 -0.014899 0.020220 0.021284 34.500000 40.500000 53.099998
-0.005371 -1.001221 -0.071289 -0.015963 0.020220 0.022349 33.000000 39.599998 52.799999
-0.005615 -1.002686 -0.070312 -0.014899 0.020220 0.017028 33.299999 41.700001 53.099998
-0.009033 -1.004883 -0.073242 -0.018092 0.021284 0.017028 33.299999 41.099998 53.700001
-0.015625 -1.000244 -0.074219 -0.015963 0.022349 0.021284 33.900002 39.299999 54.900002
-0.005615 -1.003906 -0.074463 -0.017028 0.019156 0.018092 32.400002 40.200001 54.599998
-0.005127 -0.998779 -0.078369 -0.015963 0.019156 0.020220 33.599998 41.400002 55.200001
-0.022461 -1.001709 -0.078369 -0.014899 0.020220 0.018092 31.799999 40.200001 54.599998
-0.008301 -1.001953 -0.064209 -0.015963 0.021284 0.019156 32.700001 40.500000 54.299999
-0.005859 -1.003174 -0.077148 -0.013835 0.020220 0.018092 33.000000 39.599998 52.200001
-0.006348 -0.999512 -0.077881 -0.015963 0.019156 0.015963 33.900002 39.900002 54.299999
-0.005371 -0.996338 -0.077881 -0.014899 0.020220 0.017028 33.000000 40.799999 54.000000
-0.008789 -1.008057 -0.066162 -0.009578 0.022349 0.018092 33.299999 39.299999 54.900002
-0.006104 -1.005859 -0.078125 -0.018092 0.019156 0.019156 33.900002 39.299999 54.299999
-0.009033 -1.006348 -0.070557 -0.014899 0.018092 0.018092 34.200001 39.599998 53.400002
-0.010010 -0.994385 -0.137695 -0.015963 -0.126643 0.004257 33.599998 40.200001 53.400002
-0.004150 -0.997559 -0.071777 -0.018092 -0.207524 -0.008514 33.599998 42.000000 54.599998
-0.014404 -0.998047 -0.084961 -0.017028 -0.278827 -0.014899 33.900002 40.500000 53.099998
-0.006104 -0.993652 -0.091064 -0.012771 -0.286276 -0.014899 31.500000 40.500000 53.099998
-0.002686 -1.011719 -0.090576 -0.013835 -0.305432 -0.015963 33.299999 40.500000 54.299999
0.001221 -1.007568 -0.070068 -0.015963 -0.342680 -0.020220 33.000000 41.400002 52.200001
-0.007812 -0.996094 -0.074951 -0.017028 -0.361836 -0.024477 31.500000 40.500000 52.500000
-0.009277 -0.993896 -0.090088 -0.017028 -0.403341 -0.026606 33.000000 39.599998 51.599998
-0.002930 -0.994873 -0.092773 -0.010642 -0.462938 -0.034055 32.700001 41.099998 51.299999
-0.002441 -1.001709 -0.044678 -0.014899 -0.426754 -0.032991 35.700001 40.500000 50.700001
-0.010498 -1.005371 -0.074707 -0.024477 -0.439525 -0.031927 34.200001 41.400002 51.000000
0.005859 -1.008545 -0.060059 -0.011706 -0.434204 -0.031927 34.200001 40.200001 48.599998
-0.007080 -0.986328 -0.102539 -0.008514 -0.470387 -0.036184 33.900002 38.700001 48.900002
-0.006348 -1.008057 -0.040039 -0.017028 -0.398020 -0.030863 35.400002 42.000000 49.200001
-0.003174 -1.009521 -0.056396 -0.017028 -0.380992 -0.024477 35.700001 42.299999 48.900002
-0.009766 -0.982910 -0.083496 -0.008514 -0.330974 -0.023413 34.799999 40.799999 47.400002
-0.011475 -1.014893 -0.083496 -0.015963 -0.325653 -0.019156 34.200001 40.799999 47.400002
-0.004150 -1.004395 -0.077148 -0.012771 -0.343744 -0.019156 34.799999 41.400002 47.400002
-0.001465 -0.998535 -0.067627 -0.020220 -0.348001 -0.024477 34.200001 40.799999 48.000000
0.003906 -1.021973 -0.083740 -0.014899 -0.443782 -0.030863 33.900002 40.500000 45.900002
0.003906 -0.987305 -0.103027 -0.017028 -0.539562 -0.043633 34.500000 40.500000 44.700001
0.000977 -1.035400 -0.055908 -0.013835 -0.557653 -0.044697 35.700001 42.299999 47.099998
0.005127 -1.012695 -0.061768 -0.015963 -0.540626 -0.043633 35.700001 42.900002 45.299999
0.017090 -0.968750 -0.099365 -0.015963 -0.569360 -0.046826 34.799999 41.400002 45.000000
-0.005859 -1.010986 -0.071045 -0.011706 -0.542754 -0.042569 34.500000 41.700001 44.099998
0.002441 -0.999268 -0.072998 -0.009578 -0.519341 -0.040441 33.900002 41.099998 43.500000
-0.007568 -0.994385 -0.088135 -0.004257 -0.568296 -0.047890 35.099998 41.099998 41.099998
0.000488 -1.015137 -0.062744 -0.008514 -0.580002 -0.051083 34.500000 42.299999 41.099998
0.001465 -0.965088 -0.087158 -0.023413 -0.590644 -0.047890 34.500000 40.500000 38.700001
0.001465 -0.988525 -0.081543 -0.017028 -0.608736 -0.050019 35.700001 42.299999 40.500000
-0.002197 -0.997070 -0.081543 -0.031927 -0.649177 -0.054275 34.200001 41.400002 39.599998
-0.005371 -1.004150 -0.085205 -0.026606 -0.642791 -0.054275 34.200001 41.400002 39.599998
0.006836 -1.002197 -0.067383 -0.012771 -0.606608 -0.053211 35.700001 40.500000 38.099998
0.002930 -0.985107 -0.081787 -0.013835 -0.592773 -0.046826 34.799999 39.599998 39.000000
-0.000732 -0.952881 -0.089355 -0.008514 -0.556589 -0.048954 33.900002 42.299999 37.500000
0.009766 -1.007568 -0.062744 -0.012771 -0.504442 -0.040441 32.700001 41.700001 36.299999
0.009521 -1.019775 -0.051025 -0.017028 -0.477837 -0.036184 34.200001 42.599998 34.799999
0.009766 -1.006592 -0.063965 -0.013835 -0.456552 -0.032991 33.299999 42.299999 35.700001
0.004150 -1.030029 -0.065918 -0.017028 -0.457616 -0.035119 34.799999 42.000000 34.200001
0.011719 -1.005859 -0.062744 -0.022349 -0.422497 -0.032991 32.400002 43.200001 34.799999
0.011475 -0.992432 -0.083984 -0.019156 -0.435268 -0.035119 32.400002 42.599998 34.200001
0.006836 -0.982666 -0.076416 -0.018092 -0.426754 -0.034055 33.000000 42.599998 34.200001
-0.006592 -1.014160 -0.070801 -0.013835 -0.417176 -0.031927 32.700001 41.700001 32.700001
0.004883 -0.995850 -0.062500 -0.020220 -0.369286 -0.025541 33.900002 42.299999 33.900002
-0.005371 -1.012695 -0.077637 -0.014899 -0.377800 -0.027670 32.700001 43.500000 32.099998
0.009521 -1.006348 -0.059814 -0.014899 -0.368222 -0.025541 31.799999 42.599998 31.799999
0.008545 -0.989258 -0.086426 -0.010642 -0.377800 -0.029798 34.200001 42.000000 31.799999
0.013672 -1.010742 -0.074951 -0.019156 -0.384185 -0.028734 32.400002 43.200001 32.400002
0.012695 -1.024658 -0.086670 -0.013835 -0.424625 -0.034055 32.700001 42.900002 31.500000
0.016602 -1.032227 -0.062012 -0.022349 -0.464002 -0.035119 31.500000 42.900002 29.700001
0.007568 -0.988037 -0.099121 -0.020220 -0.487415 -0.040441 30.600000 43.200001 30.600000
0.010010 -0.995361 -0.086182 -0.015963 -0.539562 -0.042569 29.100000 42.299999 30.900000
0.009033 -1.003662 -0.063965 -0.012771 -0.528919 -0.045762 30.000000 42.000000 30.600000
0.003906 -1.023438 -0.073730 -0.018092 -0.510828 -0.037248 29.700001 42.299999 30.299999
0.013916 -0.953857 -0.073242 -0.015963 -0.495928 -0.040441 29.400000 43.200001 28.200001
0.011230 -1.004639 -0.067139 -0.014899 -0.474644 -0.036184 29.700001 42.299999 27.900000
-0.003174 -0.970215 -0.088379 -0.014899 -0.436332 -0.035119 30.600000 43.200001 25.799999
0.006592 -0.986084 -0.073975 -0.015963 -0.445910 -0.031927 30.000000 42.000000 25.799999
0.005615 -1.018311 -0.085693 -0.018092 -0.491672 -0.038312 27.600000 43.200001 28.200001
0.017822 -0.998779 -0.083252 -0.017028 -0.495928 -0.041505 29.400000 42.599998 26.400000
-0.003418 -1.002686 -0.046631 -0.010642 -0.383121 -0.025541 28.799999 43.200001 26.400000
0.004639 -0.993896 -0.096680 -0.014899 -0.432075 -0.031927 28.200001 44.400002 25.200001
0.002197 -1.005127 -0.085205 -0.013835 -0.468259 -0.035119 27.900000 42.900002 24.900000
0.001465 -1.017090 -0.073730 -0.015963 -0.469323 -0.035119 27.900000 41.700001 24.900000
0.006348 -0.993896 -0.098389 -0.018092 -0.443782 -0.035119 26.400000 42.599998 25.200001
0.024658 -1.017334 -0.110596 -0.020220 -0.473580 -0.037248 28.200001 43.799999 22.200001
0.000244 -0.993896 -0.088867 -0.014899 -0.468259 -0.040441 26.100000 42.299999 24.299999
0.009033 -0.996826 -0.085938 -0.018092 -0.451231 -0.034055 25.500000 42.900002 20.700001
0.017822 -0.983643 -0.080811 -0.014899 -0.446974 -0.036184 24.299999 44.700001 23.100000
-0.002197 -1.010498 -0.091309 -0.013835 -0.454424 -0.035119 25.500000 42.299999 22.500000
0.006592 -1.000000 -0.084961 -0.019156 -0.464002 -0.034055 25.200001 44.400002 21.000000
0.017578 -1.004639 -0.072510 -0.012771 -0.426754 -0.034055 25.200001 43.799999 21.600000
0.009521 -1.017578 -0.085205 -0.019156 -0.436332 -0.034055 21.900000 44.099998 20.700001
0.019775 -1.011475 -0.095703 -0.017028 -0.443782 -0.031927 23.400000 42.599998 19.799999
0.010498 -0.998779 -0.106689 -0.019156 -0.446974 -0.029798 23.100000 44.099998 20.100000
0.008057 -1.016113 -0.093506 -0.014899 -0.419304 -0.029798 23.100000 43.500000 20.700001
0.001465 -1.016602 -0.084961 -0.020220 -0.488479 -0.036184 21.000000 44.400002 19.200001
0.027832 -1.000488 -0.085938 -0.017028 -0.500185 -0.037248 21.600000 42.599998 18.600000
0.009766 -1.021973 -0.069092 -0.015963 -0.438460 -0.035119 21.299999 44.700001 18.900000
0.010986 -1.018555 -0.082520 -0.015963 -0.441653 -0.036184 21.600000 44.400002 20.400000
0.003418 -0.982910 -0.124756 -0.018092 -0.495928 -0.036184 19.200001 43.200001 16.799999
0.019775 -1.013428 -0.063232 -0.013835 -0.462938 -0.035119 21.600000 43.200001 18.000000
0.019043 -1.014160 -0.105713 -0.015963 -0.468259 -0.036184 19.500000 43.500000 17.700001
0.006592 -0.999512 -0.086182 -0.012771 -0.478901 -0.037248 19.200001 44.400002 18.000000
0.004395 -1.036133 -0.078857 -0.025541 -0.598094 -0.047890 18.000000 44.400002 17.400000
0.036865 -0.995117 -0.142090 -0.008514 -0.574681 -0.051083 17.700001 45.299999 16.500000
0.012207 -0.993408 -0.082520 -0.017028 -0.527855 -0.042569 18.000000 44.400002 15.600000
0.023926 -1.004639 -0.076660 -0.015963 -0.526791 -0.041505 17.400000 42.599998 18.000000
0.021484 -1.001953 -0.075684 -0.012771 -0.501250 -0.038312 16.500000 44.099998 14.100000
0.010742 -1.009521 -0.076660 -0.019156 -0.470387 -0.031927 14.700000 44.700001 14.700000
0.011719 -1.015137 -0.078369 -0.015963 -0.421433 -0.029798 14.700000 44.099998 16.500000
0.011230 -1.005371 -0.073730 -0.015963 -0.333102 -0.019156 15.300000 44.700001 13.500000
0.010010 -0.999268 -0.053223 -0.011706 -0.205395 -0.005321 14.400000 44.400002 15.000000
0.002197 -0.998779 -0.074463 -0.010642 -0.087266 0.005321 13.800000 43.799999 16.799999
0.005859 -0.997070 -0.073730 -0.019156 -0.017028 0.015963 14.400000 43.200001 15.000000
0.008057 -1.000732 -0.097412 -0.014899 0.022349 0.014899 14.100000 45.900002 14.700000
0.009277 -1.000977 -0.084717 -0.015963 0.019156 0.019156 14.100000 45.299999 14.700000
0.006104 -1.001709 -0.094971 -0.009578 0.019156 0.017028 15.000000 43.799999 13.800000
0.011963 -1.000977 -0.090576 -0.014899 0.020220 0.019156 15.600000 44.400002 15.600000
0.025391 -0.999268 -0.073242 -0.014899 0.021284 0.018092 14.400000 45.000000 14.400000
0.004150 -1.000244 -0.093750 -0.013835 0.021284 0.019156 15.300000 44.700001 15.900000
0.007324 -1.003662 -0.084229 -0.015963 0.021284 0.020220 14.700000 44.700001 15.900000
0.007080 -1.002441 -0.090088 -0.015963 0.023413 0.017028 14.400000 44.400002 14.400000
0.009766 -1.005615 -0.091064 -0.015963 0.023413 0.015963 12.600000 43.799999 15.000000
0.012451 -0.999512 -0.081543 -0.013835 0.020220 0.019156 14.100000 45.299999 14.700000
0.005859 -0.997559 -0.087402 -0.013835 0.020220 0.017028 14.400000 43.200001 15.600000
0.005859 -0.997070 -0.098877 -0.017028 0.019156 0.021284 12.600000 43.200001 14.400000
0.011963 -0.998047 -0.092773 -0.014899 0.021284 0.014899 15.000000 45.599998 14.400000
0.011475 -1.001709 -0.083252 -0.018092 0.020220 0.017028 14.400000 46.799999 16.799999
0.004395 -1.000488 -0.092529 -0.013835 0.019156 0.019156 14.700000 45.299999 17.100000
0.011230 -1.002441 -0.101562 -0.017028 0.023413 0.019156 13.800000 43.200001 15.000000
0.012695 -1.001953 -0.096924 -0.015963 0.021284 0.018092 13.800000 44.400002 13.800000
0.001709 -0.993896 -0.095947 -0.014899 0.021284 0.018092 15.300000 45.900002 14.100000
0.007812 -1.000488 -0.090576 -0.013835 0.019156 0.019156 12.900000 45.299999 14.700000
0.009277 -1.000977 -0.089600 -0.014899 0.021284 0.018092 14.700000 44.099998 16.500000
0.011719 -0.998047 -0.085693 -0.013835 0.021284 0.019156 12.900000 43.500000 14.100000
0.009766 -0.999023 -0.093506 -0.017028 0.022349 0.021284 14.700000 44.099998 15.900000
0.008301 -1.001709 -0.092773 -0.014899 0.020220 0.022349 13.800000 43.200001 16.200001
0.010986 -0.996094 -0.086426 -0.014899 0.020220 0.019156 14.100000 44.099998 15.300000
0.006836 -0.987549 -0.090820 -0.015963 0.022349 0.019156 13.800000 43.200001 13.800000
0.007568 -0.999512 -0.093018 -0.017028 0.019156 0.017028 13.200000 45.000000 15.600000
0.009766 -0.999512 -0.091309 -0.014899 0.021284 0.020220 12.600000 44.400002 14.400000
0.008789 -0.999756 -0.095947 -0.012771 0.019156 0.015963 15.300000 45.299999 15.300000
0.008789 -1.004883 -0.082764 -0.013835 0.022349 0.020220 13.800000 43.200001 13.800000
0.004639 -0.994873 -0.089355 -0.015963 0.023413 0.019156 13.200000 44.400002 15.000000
0.011475 -1.010742 -0.094727 -0.011706 0.019156 0.019156 12.900000 44.099998 15.900000
0.010254 -0.998779 -0.082764 -0.015963 0.022349 0.019156 15.900000 44.700001 15.300000
0.000488 -1.002197 -0.090332 -0.015963 0.021284 0.015963 15.000000 45.599998 14.400000
0.008301 -1.003662 -0.092529 -0.018092 0.023413 0.019156 15.300000 44.700001 15.900000
0.007568 -0.996338 -0.083252 -0.015963 0.021284 0.018092 13.800000 43.200001 14.400000
0.009521 -1.002930 -0.092529 -0.014899 0.020220 0.020220 14.100000 44.700001 15.900000
0.016357 -0.993164 -0.091797 -0.017028 0.021284 0.020220 13.500000 44.099998 14.700000
0.006836 -1.000732 -0.087646 -0.015963 0.019156 0.020220 13.500000 45.900002 14.700000
0.009766 -0.993408 -0.085693 -0.017028 0.021284 0.018092 14.700000 43.500000 15.900000
0.007812 -1.003662 -0.082275 -0.017028 0.018092 0.019156 13.800000 43.200001 15.000000
0.009521 -0.994141 -0.089600 -0.014899 0.019156 0.019156 13.200000 44.400002 15.000000
0.008545 -1.008789 -0.098877 -0.015963 0.021284 0.018092 13.200000 44.400002 15.000000
0.011475 -0.998535 -0.092285 -0.013835 0.023413 0.021284 13.800000 45.599998 16.200001
0.007080 -1.001953 -0.089600 -0.014899 0.020220 0.018092 15.300000 42.900002 14.700000
0.008545 -1.005859 -0.096924 -0.014899 0.022349 0.020220 12.900000 44.099998 15.300000
0.010986 -1.002930 -0.086670 -0.009578 0.021284 0.020220 15.000000 45.000000 14.400000
0.007080 -1.003662 -0.100342 -0.018092 0.020220 0.019156 14.100000 45.900002 14.700000
0.016357 -0.999023 -0.087891 -0.012771 0.022349 0.017028 14.100000 42.900002 14.700000
0.010986 -1.001953 -0.094482 -0.019156 0.017028 0.015963 15.300000 44.700001 14.700000
0.011230 -1.003418 -0.093506 -0.017028 0.018092 0.018092 14.400000 44.400002 15.600000
0.010254 -1.004395 -0.099854 -0.017028 0.022349 0.020220 12.900000 44.700001 14.100000
0.006592 -0.989258 -0.090820 -0.015963 0.020220 0.018092 15.600000 42.000000 14.400000
0.018799 -1.002930 -0.076660 -0.018092 0.021284 0.019156 13.500000 44.099998 14.700000
0.012939 -0.999023 -0.096924 -0.017028 0.022349 0.018092 14.700000 44.099998 15.900000
0.012695 -1.000732 -0.090088 -0.014899 0.019156 0.019156 14.700000 42.900002 14.100000
0.012451 -0.999756 -0.089111 -0.013835 0.021284 0.019156 14.400000 44.400002 15.600000
0.011963 -1.005371 -0.092285 -0.018092 0.021284 0.019156 13.200000 44.400002 15.000000
0.007812 -1.003418 -0.089844 -0.011706 0.019156 0.019156 14.700000 44.700001 15.900000
0.009277 -0.997803 -0.089844 -0.014899 0.020220 0.019156 14.400000 43.799999 15.000000
0.008789 -0.992188 -0.090088 -0.014899 0.019156 0.020220 14.700000 44.099998 13.500000
0.004150 -1.003906 -0.086914 -0.015963 0.019156 0.017028 14.700000 44.099998 15.900000
0.007324 -1.000732 -0.093994 -0.012771 0.020220 0.020220 14.400000 43.799999 14.400000
0.009766 -1.003662 -0.097900 -0.017028 0.021284 0.023413 13.200000 43.799999 15.000000
0.009277 -1.002197 -0.091553 -0.015963 0.020220 0.020220 14.700000 44.099998 15.300000
0.014893 -0.997314 -0.092041 -0.013835 0.022349 0.019156 13.200000 45.000000 14.400000
0.010498 -1.005127 -0.094238 -0.013835 0.019156 0.019156 15.600000 43.799999 15.600000
0.010742 -1.000000 -0.094238 -0.015963 0.019156 0.020220 14.400000 45.000000 13.800000
0.004883 -0.997070 -0.087402 -0.015963 0.022349 0.019156 13.200000 45.000000 15.000000
0.011475 -0.997559 -0.087646 -0.014899 0.019156 0.018092 15.300000 44.099998 12.900000
0.013916 -1.000244 -0.086670 -0.013835 0.018092 0.019156 14.100000 44.099998 14.700000
0.010742 -0.998535 -0.085449 -0.014899 0.023413 0.015963 14.100000 44.700001 15.900000
0.011475 -0.998047 -0.082275 -0.013835 0.020220 0.018092 14.700000 44.099998 15.300000
0.008545 -1.008301 -0.087158 -0.015963 0.020220 0.019156 13.500000 44.700001 14.100000
0.012451 -1.000732 -0.101562 -0.020220 0.022349 0.017028 12.600000 45.000000 16.799999
0.001709 -1.003174 -0.084961 -0.017028 0.020220 0.019156 14.100000 44.099998 15.300000
0.004150 -1.000732 -0.085449 -0.014899 0.022349 0.020220 13.200000 45.599998 15.000000
0.010010 -1.001221 -0.083496 -0.013835 0.020220 0.017028 14.700000 45.299999 15.300000
0.004395 -1.000977 -0.092773 -0.012771 0.022349 0.018092 14.100000 43.500000 15.300000
0.015381 -0.996338 -0.098633 -0.015963 0.021284 0.019156 15.300000 42.900002 14.100000
0.010742 -1.004395 -0.104004 -0.012771 0.021284 0.015963 13.200000 45.000000 15.000000
0.007324 -0.995361 -0.101318 -0.014899 0.021284 0.015963 13.800000 45.000000 13.800000
0.009033 -0.999512 -0.089111 -0.019156 0.021284 0.017028 13.800000 44.400002 15.000000
0.005859 -0.995361 -0.099854 -0.013835 0.021284 0.020220 14.100000 45.299999 14.700000
0.011475 -0.999756 -0.087891 -0.015963 0.023413 0.019156 13.800000 44.400002 14.400000
0.012695 -1.000977 -0.078857 -0.014899 0.019156 0.018092 13.800000 43.799999 14.400000
0.009033 -0.999512 -0.092041 -0.014899 0.023413 0.021284 14.700000 44.700001 15.300000
0.010498 -0.999756 -0.094238 -0.013835 0.021284 0.019156 14.400000 45.000000 15.600000
0.010498 -1.000977 -0.092773 -0.013835 0.020220 0.017028 15.000000 43.799999 15.000000
0.009521 -1.003418 -0.092529 -0.013835 0.023413 0.018092 12.900000 44.700001 15.300000
0.009766 -0.991699 -0.089111 -0.013835 0.018092 0.018092 14.100000 42.900002 16.500000
0.012695 -1.002441 -0.089844 -0.015963 0.019156 0.019156 13.800000 43.799999 15.000000
0.011963 -1.002686 -0.089844 -0.015963 0.020220 0.019156 14.100000 43.500000 15.300000
0.005371 -0.995850 -0.091797 -0.013835 0.020220 0.018092 13.200000 43.200001 13.800000
0.013184 -0.997803 -0.091064 -0.017028 0.021284 0.015963 15.300000 45.900002 16.500000
-0.002441 -1.000977 -0.093018 -0.018092 0.024477 0.022349 13.500000 45.900002 14.700000
0.006836 -1.004639 -0.100586 -0.013835 0.021284 0.020220 14.100000 42.900002 14.100000
0.005859 -1.002197 -0.092285 -0.015963 0.017028 0.019156 15.000000 44.400002 15.000000
0.007324 -1.006836 -0.087402 -0.012771 0.019156 0.021284 13.200000 45.599998 13.200000
0.009521 -0.996826 -0.086670 -0.012771 0.019156 0.018092 14.700000 44.700001 14.700000
0.006348 -0.992676 -0.083984 -0.014899 0.020220 0.020220 15.300000 43.500000 16.500000
0.005127 -0.998047 -0.093018 -0.015963 0.022349 0.019156 13.800000 45.000000 14.400000
0.012695 -0.999512 -0.081543 -0.014899 0.021284 0.021284 15.900000 43.500000 15.300000
0.009521 -0.995117 -0.083984 -0.017028 0.022349 0.018092 12.900000 44.099998 14.700000
0.014648 -0.999023 -0.099365 -0.014899 0.020220 0.019156 14.100000 44.700001 15.300000
0.011963 -1.004883 -0.097656 -0.018092 0.017028 0.019156 14.400000 43.799999 17.400000
0.011719 -0.997314 -0.098633 -0.015963 0.019156 0.020220 12.900000 44.099998 14.100000
0.012695 -1.001953 -0.095459 -0.012771 0.018092 0.015963 15.600000 45.000000 14.400000
0.007812 -1.000732 -0.080322 -0.017028 0.019156 0.018092 14.100000 44.700001 15.300000
0.006104 -0.996582 -0.090332 -0.015963 0.020220 0.018092 13.500000 44.099998 15.300000
0.015381 -0.999512 -0.085449 -0.014899 0.017028 0.017028 12.900000 44.700001 13.500000
0.010498 -0.997803 -0.095459 -0.015963 0.019156 0.017028 14.400000 43.200001 15.600000
0.018066 -1.009033 -0.088867 -0.012771 0.019156 0.014899 13.500000 45.299999 14.100000
0.008301 -0.995850 -0.088867 -0.013835 0.020220 0.018092 15.600000 43.799999 14.400000
0.013916 -0.996094 -0.089844 -0.011706 0.021284 0.020220 15.000000 43.200001 15.000000
0.009033 -0.998779 -0.093018 -0.015963 0.020220 0.020220 14.100000 44.700001 14.700000
0.005127 -0.997314 -0.093750 -0.012771 0.020220 0.021284 13.200000 45.000000 15.000000
0.002930 -0.995605 -0.084229 -0.015963 0.022349 0.019156 13.800000 43.799999 14.400000
0.010742 -1.003174 -0.093018 -0.015963 0.019156 0.017028 14.400000 43.799999 15.000000
0.010498 -0.995361 -0.093018 -0.017028 0.019156 0.019156 14.100000 43.500000 15.900000
0.004150 -1.002686 -0.091553 -0.015963 0.022349 0.017028 13.500000 45.299999 14.700000
0.012939 -0.999023 -0.092041 -0.015963 0.019156 0.020220 14.400000 44.400002 14.400000
0.008057 -0.996582 -0.095215 -0.017028 0.021284 0.019156 13.500000 43.500000 15.900000
0.009521 -0.998047 -0.084473 -0.013835 0.019156 0.017028 14.400000 45.000000 14.400000
0.009277 -0.996338 -0.096436 -0.014899 0.020220 0.020220 12.600000 43.799999 14.400000
0.013428 -0.998291 -0.091064 -0.012771 0.020220 0.018092 13.800000 45.000000 13.800000
0.013428 -0.999023 -0.094238 -0.017028 0.019156 0.022349 14.100000 44.700001 14.700000
0.014160 -1.000732 -0.086914 -0.018092 0.017028 0.018092 14.100000 46.500000 16.500000
0.005371 -0.998047 -0.078125 -0.014899 0.021284 0.018092 14.100000 45.299999 16.500000
0.013184 -1.009766 -0.096436 -0.012771 0.023413 0.019156 14.400000 44.400002 14.400000
0.003418 -1.000244 -0.091309 -0.017028 0.020220 0.022349 15.000000 43.200001 15.000000
0.006348 -1.000488 -0.083496 -0.015963 0.022349 0.023413 11.700000 42.900002 17.700001
0.012939 -0.995850 -0.091309 -0.015963 0.018092 0.019156 15.000000 43.799999 15.600000
0.004395 -0.997803 -0.092041 -0.015963 0.020220 0.017028 14.400000 43.200001 15.600000
0.005127 -0.993164 -0.092041 -0.018092 0.020220 0.019156 15.000000 45.000000 15.000000
0.007568 -1.000977 -0.089355 -0.011706 0.023413 0.018092 14.100000 43.500000 14.700000
0.012207 -0.994629 -0.090332 -0.013835 0.019156 0.018092 12.900000 42.900002 14.100000
0.003174 -1.000732 -0.088379 -0.015963 0.019156 0.018092 14.400000 42.599998 15.600000
0.006104 -0.998535 -0.084473 -0.014899 0.022349 0.018092 14.400000 44.400002 15.000000
0.011230 -0.999023 -0.094238 -0.015963 0.018092 0.021284 15.000000 45.000000 15.600000
0.006836 -1.005859 -0.093994 -0.014899 0.021284 0.019156 12.300000 44.099998 15.300000
0.006348 -1.002686 -0.090332 -0.014899 0.021284 0.019156 14.400000 44.400002 15.600000
0.007812 -1.001953 -0.089844 -0.015963 0.020220 0.020220 15.000000 43.200001 13.800000
0.011230 -1.001221 -0.088135 -0.014899 0.017028 0.018092 13.500000 43.500000 13.500000
0.007812 -0.997070 -0.103271 -0.014899 0.020220 0.018092 13.800000 43.799999 15.000000
0.014893 -1.002197 -0.095459 -0.015963 0.022349 0.017028 14.700000 45.900002 15.900000
0.009521 -0.993408 -0.094238 -0.014899 0.020220 0.019156 15.300000 44.700001 14.700000
0.007568 -1.000000 -0.093994 -0.015963 0.023413 0.020220 14.400000 44.400002 14.400000
0.010742 -0.999023 -0.093750 -0.017028 0.019156 0.017028 13.500000 44.099998 14.700000
0.009766 -0.998779 -0.097412 -0.014899 0.022349 0.020220 16.799999 45.000000 16.200001
0.009277 -0.996094 -0.090820 -0.015963 0.020220 0.020220 13.200000 43.200001 14.400000
0.011230 -1.000244 -0.087158 -0.015963 0.022349 0.019156 14.400000 45.000000 14.400000
0.008545 -1.002197 -0.082275 -0.015963 0.020220 0.021284 12.900000 45.299999 15.900000
0.011719 -0.995850 -0.085449 -0.013835 0.019156 0.017028 15.600000 43.799999 14.400000
0.006592 -1.001709 -0.097656 -0.014899 0.022349 0.021284 14.700000 43.500000 16.500000
0.004395 -1.000732 -0.084473 -0.014899 0.022349 0.019156 13.500000 44.700001 15.900000
0.013916 -1.005371 -0.083252 -0.013835 0.023413 0.022349 13.800000 43.200001 13.800000
0.001953 -0.999512 -0.088135 -0.014899 0.020220 0.020220 14.700000 45.900002 16.500000
0.004639 -0.995850 -0.099121 -0.018092 0.022349 0.020220 15.300000 45.299999 14.100000
0.013184 -0.993164 -0.087646 -0.015963 0.020220 0.014899 14.100000 44.700001 15.900000
0.011230 -1.004883 -0.092285 -0.018092 0.021284 0.022349 13.200000 43.799999 15.000000
0.005615 -0.996582 -0.093994 -0.015963 0.022349 0.018092 14.100000 45.299999 14.700000
0.013184 -1.003418 -0.085205 -0.015963 0.020220 0.021284 12.900000 44.099998 14.100000
0.005371 -1.000977 -0.099121 -0.017028 0.020220 0.018092 12.600000 43.200001 16.799999
