0.000000 0.000000 420253962178031255552.000000 -0.012771 0.022349 0.019156 15.000000 45.000000 18.600000
0.009766 -0.992188 -0.088867 -0.014899 0.022349 0.018092 15.600000 43.799999 18.000000
0.009766 -0.999023 -0.082275 -0.011706 0.023413 0.018092 15.300000 44.700001 17.100000
0.005371 -1.000244 -0.072510 -0.013835 0.023413 0.020220 16.500000 45.299999 17.100000
0.015137 -0.995850 -0.073242 -0.014899 0.024477 0.018092 18.000000 45.000000 18.600000
0.000488 -0.999268 -0.084229 -0.014899 0.023413 0.017028 17.400000 42.599998 18.000000
0.002930 -0.995361 -0.084229 -0.012771 0.023413 0.019156 17.400000 43.799999 16.799999
0.009277 -1.000732 -0.093018 -0.013835 0.023413 0.017028 15.900000 45.299999 17.700001
0.012939 -1.001709 -0.077881 -0.014899 0.022349 0.015963 17.400000 45.000000 17.400000
0.007080 -0.997314 -0.085449 -0.011706 0.025541 0.018092 16.799999 46.799999 16.200001
0.008545 -0.999756 -0.081299 -0.015963 0.022349 0.019156 17.400000 43.799999 18.000000
0.011963 -1.001221 -0.085693 -0.015963 0.024477 0.015963 17.100000 46.500000 17.700001
0.014893 -1.004883 -0.098633 -0.018092 0.022349 0.019156 16.200001 46.200001 16.799999
0.010254 -0.991943 -0.081299 -0.015963 0.024477 0.021284 17.400000 44.400002 18.000000
0.007568 -0.992432 -0.080811 -0.015963 0.024477 0.017028 16.200001 46.200001 18.000000
0.013672 -0.995850 -0.083740 -0.014899 0.021284 0.018092 16.500000 45.900002 17.100000
0.016357 -0.993652 -0.083740 -0.012771 0.021284 0.018092 16.500000 44.099998 17.100000
0.007324 -0.991943 -0.081055 -0.013835 0.022349 0.015963 15.600000 46.200001 16.799999
0.003418 -1.001709 -0.078125 -0.015963 0.026606 0.017028 17.100000 45.299999 17.100000
0.008301 -1.002197 -0.085449 -0.017028 0.023413 0.017028 17.100000 44.099998 17.100000
0.012695 -1.002930 -0.081543 -0.010642 0.022349 0.020220 16.500000 44.700001 15.900000
0.006348 -0.991699 -0.080566 -0.014899 0.022349 0.020220 16.500000 45.299999 17.100000
0.010498 -0.994629 -0.079346 -0.014899 0.023413 0.019156 17.100000 44.700001 18.900000
0.010254 -0.999268 -0.080078 -0.013835 0.023413 0.019156 16.200001 44.400002 16.200001
0.012451 -0.992432 -0.085449 -0.014899 0.025541 0.021284 17.100000 46.500000 18.299999
0.015381 -1.004395 -0.079834 -0.015963 0.025541 0.020220 17.400000 43.799999 16.799999
0.003906 -0.995361 -0.084473 -0.015963 0.022349 0.017028 16.200001 44.400002 18.000000
0.006104 -1.000000 -0.078125 -0.017028 0.021284 0.018092 17.700001 45.299999 18.299999
0.009277 -0.997070 -0.083008 -0.017028 0.023413 0.018092 15.300000 45.299999 17.100000
0.010254 -1.004395 -0.080078 -0.014899 0.021284 0.014899 14.700000 44.700001 18.299999
0.013428 -0.999268 -0.079346 -0.015963 0.023413 0.018092 16.799999 45.599998 16.200001
0.011719 -0.998535 -0.084229 -0.014899 0.021284 0.022349 15.900000 43.500000 17.100000
0.011475 -1.003662 -0.074951 -0.018092 0.023413 0.019156 16.200001 44.400002 17.400000
0.010010 -0.992920 -0.082520 -0.015963 0.024477 0.018092 16.500000 44.099998 17.700001
0.008545 -0.998535 -0.083740 -0.017028 0.023413 0.017028 14.700000 44.700001 15.900000
0.009766 -1.005615 -0.083252 -0.011706 0.021284 0.019156 16.200001 44.400002 17.400000
0.010742 -0.995605 -0.080322 -0.014899 0.021284 0.018092 15.600000 45.599998 16.200001
0.002197 -0.996826 -0.085449 -0.014899 0.024477 0.015963 15.300000 45.900002 18.299999
0.008789 -0.996094 -0.082520 -0.014899 0.021284 0.018092 16.799999 43.799999 17.400000
0.016846 -0.995850 -0.084229 -0.017028 0.024477 0.017028 17.100000 45.900002 16.500000
0.010986 -0.995605 -0.086182 -0.014899 0.023413 0.017028 17.100000 44.099998 18.299999
0.009521 -1.001221 -0.087891 -0.015963 0.022349 0.021284 16.500000 44.099998 16.500000
0.007812 -0.997070 -0.077637 -0.017028 0.020220 0.018092 17.400000 45.000000 18.600000
0.010498 -0.994141 -0.089355 -0.018092 0.023413 0.019156 15.900000 45.299999 17.700001
0.011963 -1.003906 -0.083496 -0.014899 0.022349 0.018092 16.500000 45.299999 17.700001
0.012207 -1.001709 -0.087646 -0.013835 0.025541 0.017028 17.100000 44.700001 15.900000
0.001709 -1.000244 -0.077393 -0.014899 0.026606 0.018092 16.500000 45.299999 17.700001
0.011230 -0.991211 -0.080566 -0.014899 0.025541 0.018092 15.900000 45.299999 16.500000
0.011475 -0.991211 -0.080811 -0.014899 0.025541 0.018092 15.000000 44.400002 17.400000
0.004883 -1.003174 -0.076172 -0.015963 0.022349 0.018092 16.799999 46.799999 15.600000
0.008545 -1.000977 -0.082764 -0.012771 0.022349 0.015963 15.900000 47.099998 15.300000
0.009277 -0.998535 -0.084229 -0.015963 0.023413 0.017028 18.299999 44.700001 17.100000
0.007324 -0.990723 -0.078369 -0.014899 0.023413 0.019156 16.200001 45.000000 16.799999
0.012451 -1.000000 -0.079346 -0.014899 0.023413 0.022349 17.400000 45.000000 17.400000
0.012695 -1.000000 -0.078369 -0.013835 0.022349 0.018092 16.200001 46.799999 17.400000
0.007080 -0.992676 -0.091309 -0.014899 0.024477 0.017028 15.600000 46.200001 16.799999
0.013916 -0.998779 -0.081055 -0.015963 0.020220 0.020220 15.000000 45.000000 16.799999
0.007812 -0.999023 -0.080566 -0.017028 0.022349 0.018092 17.100000 44.099998 15.900000
0.010254 -0.998047 -0.076416 -0.014899 0.024477 0.018092 18.000000 45.599998 18.000000
0.010742 -0.998291 -0.095215 -0.024477 0.022349 0.017028 16.500000 45.900002 17.700001
0.012695 -0.994873 -0.085938 -0.110679 0.022349 0.019156 16.799999 45.000000 16.799999
0.018311 -0.999023 -0.092285 -0.156441 0.025541 0.019156 17.100000 46.500000 17.700001
0.005859 -1.001465 -0.080566 -0.175597 0.023413 0.019156 16.200001 45.599998 16.200001
0.012207 -0.993896 -0.107422 -0.171340 0.023413 0.022349 16.200001 45.000000 17.400000
0.010986 -0.994385 -0.113770 -0.124514 0.024477 0.020220 17.700001 46.500000 17.700001
0.012939 -0.996094 -0.112793 -0.064918 0.023413 0.023413 15.900000 45.299999 17.700001
0.000732 -0.994385 -0.106689 -0.003193 0.022349 0.017028 14.700000 46.500000 18.299999
0.009766 -0.998535 -0.109375 -0.020220 0.021284 0.015963 17.700001 45.299999 18.900000
0.015381 -0.995117 -0.106689 -0.025541 0.023413 0.017028 17.700001 44.099998 16.500000
0.017578 -0.998291 -0.106445 -0.057468 0.022349 0.021284 16.200001 44.400002 19.200001
0.010254 -0.993164 -0.118652 -0.076624 0.025541 0.021284 16.500000 45.900002 18.900000
0.012939 -0.995361 -0.103271 -0.181982 0.024477 0.023413 17.100000 45.900002 19.500000
0.014160 -0.989746 -0.124268 -0.192625 0.025541 0.019156 15.900000 45.900002 19.500000
0.013184 -0.988281 -0.128174 -0.171340 0.026606 0.019156 16.500000 45.900002 18.900000
0.013428 -0.995605 -0.128174 -0.178790 0.023413 0.020220 17.100000 44.700001 19.500000
0.006836 -0.988281 -0.131592 -0.166019 0.023413 0.020220 16.500000 46.500000 19.500000
0.011963 -0.991699 -0.144775 -0.104294 0.021284 0.021284 15.300000 45.900002 19.500000
0.007080 -0.988281 -0.143066 -0.051083 0.024477 0.018092 16.799999 46.200001 21.600000
0.014404 -0.992920 -0.141113 -0.032991 0.023413 0.020220 16.799999 45.000000 20.400000
0.016602 -0.995117 -0.150391 -0.068110 0.022349 0.019156 16.200001 45.000000 18.600000
0.004883 -0.990967 -0.145020 -0.092588 0.024477 0.020220 16.200001 46.799999 19.799999
0.015381 -0.993896 -0.153809 -0.091523 0.022349 0.023413 18.000000 47.400002 21.600000
0.006592 -0.992676 -0.149414 -0.147927 0.023413 0.020220 16.500000 45.900002 20.700001
0.010498 -0.986572 -0.149414 -0.192625 0.022349 0.021284 18.000000 46.200001 20.400000
0.016602 -0.990479 -0.164062 -0.166019 0.023413 0.018092 16.500000 47.700001 21.299999
0.012207 -0.980469 -0.167236 -0.139413 0.023413 0.019156 16.500000 47.099998 21.900000
0.005859 -0.979980 -0.173584 -0.079817 0.023413 0.021284 17.100000 45.299999 21.299999
0.012451 -0.988525 -0.180420 -0.052147 0.023413 0.015963 15.000000 48.000000 22.799999
0.010742 -0.978516 -0.177002 -0.055340 0.023413 0.017028 15.000000 46.799999 22.200001
0.010742 -0.980469 -0.176270 -0.080881 0.023413 0.019156 17.100000 47.099998 21.299999
0.014404 -0.981689 -0.178955 -0.125578 0.023413 0.018092 16.200001 46.799999 23.400000
0.002930 -0.985840 -0.181641 -0.152184 0.024477 0.021284 18.000000 46.799999 23.400000
0.004883 -0.988770 -0.183838 -0.155377 0.022349 0.021284 17.400000 48.599998 22.200001
0.014648 -0.976074 -0.200928 -0.096844 0.023413 0.019156 18.000000 45.599998 21.600000
0.006104 -0.976807 -0.196045 -0.070239 0.022349 0.018092 15.600000 44.400002 21.600000
0.017822 -0.981445 -0.193604 -0.075560 0.024477 0.018092 14.700000 46.500000 21.299999
0.008789 -0.972656 -0.194824 -0.075560 0.025541 0.018092 16.200001 47.400002 23.400000
0.003418 -0.978760 -0.198486 -0.091523 0.022349 0.019156 15.900000 47.099998 24.299999
0.009033 -0.978027 -0.203125 -0.046826 0.024477 0.018092 16.500000 47.700001 21.900000
0.010986 -0.973145 -0.215820 -0.083009 0.025541 0.018092 14.700000 45.299999 23.700001
0.013184 -0.978516 -0.198975 -0.127707 0.024477 0.021284 16.200001 48.000000 24.000000
0.010498 -0.971680 -0.207031 -0.151120 0.023413 0.020220 16.799999 46.799999 24.000000
0.014893 -0.979248 -0.217529 -0.179854 0.024477 0.019156 17.100000 47.700001 23.700001
0.006592 -0.979492 -0.225342 -0.176661 0.022349 0.019156 17.400000 48.000000 24.000000
0.009033 -0.973877 -0.231689 -0.169212 0.023413 0.021284 16.200001 46.799999 23.400000
0.013184 -0.965576 -0.232422 -0.175597 0.023413 0.019156 15.600000 48.599998 25.200001
0.008545 -0.973145 -0.238037 -0.157505 0.024477 0.018092 17.400000 49.200001 25.799999
0.009766 -0.970947 -0.248779 -0.092588 0.022349 0.015963 16.500000 47.700001 26.100000
0.007080 -0.963623 -0.237793 -0.159634 0.023413 0.020220 17.100000 48.299999 23.700001
0.011230 -0.971191 -0.255127 -0.124514 0.022349 0.017028 15.600000 48.599998 25.799999
0.010742 -0.964111 -0.255371 -0.098973 0.022349 0.019156 16.200001 48.599998 26.400000
0.004395 -0.964600 -0.254883 -0.147927 0.021284 0.022349 14.700000 48.900002 25.500000
0.008789 -0.962891 -0.253662 -0.117065 0.023413 0.018092 15.900000 47.099998 26.100000
0.012695 -0.967529 -0.262695 -0.129835 0.023413 0.020220 17.700001 47.700001 25.500000
0.010986 -0.954834 -0.272461 -0.142606 0.023413 0.019156 16.799999 48.599998 25.799999
0.001953 -0.956787 -0.269775 -0.131964 0.020220 0.019156 17.100000 48.299999 28.500000
0.004395 -0.959717 -0.281982 -0.120257 0.024477 0.019156 16.500000 47.700001 27.299999
0.011963 -0.958252 -0.277100 -0.129835 0.026606 0.019156 18.299999 49.500000 26.700001
0.010010 -0.951660 -0.280518 -0.105358 0.026606 0.018092 18.299999 48.900002 28.500000
0.009766 -0.951416 -0.287354 -0.113872 0.022349 0.022349 15.000000 48.599998 27.000000
0.006104 -0.950195 -0.293457 -0.084074 0.025541 0.020220 17.100000 48.299999 27.299999
0.005615 -0.949219 -0.294922 -0.086202 0.024477 0.020220 18.000000 51.000000 26.400000
0.008301 -0.951904 -0.293945 -0.178790 0.025541 0.022349 17.700001 50.099998 27.900000
0.011963 -0.950684 -0.305664 -0.176661 0.025541 0.018092 17.100000 48.299999 27.299999
0.002441 -0.955322 -0.313232 -0.159634 0.024477 0.018092 16.799999 49.200001 27.000000
0.010254 -0.943359 -0.303711 -0.123450 0.023413 0.020220 16.500000 49.500000 27.900000
0.003662 -0.946533 -0.319336 -0.100037 0.023413 0.019156 16.500000 50.099998 27.900000
0.009521 -0.943848 -0.317139 -0.102166 0.025541 0.018092 16.200001 49.200001 28.799999
0.007568 -0.941895 -0.324463 -0.053211 0.024477 0.017028 16.799999 49.200001 27.600000
0.015381 -0.940430 -0.314209 -0.027670 0.025541 0.020220 16.500000 50.700001 29.700001
0.011963 -0.943604 -0.319580 -0.063853 0.024477 0.021284 16.799999 48.000000 27.600000
0.008301 -0.944580 -0.326660 -0.107487 0.025541 0.018092 17.400000 47.400002 28.799999
0.010010 -0.947510 -0.324219 -0.176661 0.022349 0.021284 16.200001 48.599998 29.400000
0.005859 -0.937012 -0.337891 -0.167083 0.023413 0.020220 17.700001 49.500000 29.100000
0.005859 -0.936523 -0.338135 -0.157505 0.027670 0.020220 17.400000 49.799999 31.200001
0.009521 -0.942871 -0.339844 -0.118129 0.022349 0.015963 17.700001 48.900002 30.299999
0.009033 -0.940430 -0.340088 -0.130900 0.023413 0.018092 16.200001 51.000000 30.600000
0.008789 -0.941162 -0.354492 -0.148991 0.023413 0.019156 15.900000 48.900002 30.299999
0.009766 -0.931641 -0.351074 -0.085138 0.023413 0.019156 16.500000 50.099998 29.700001
0.005615 -0.926025 -0.365234 -0.078753 0.023413 0.020220 17.400000 49.799999 30.600000
0.011230 -0.933838 -0.366455 -0.083009 0.022349 0.021284 15.000000 48.599998 31.799999
0.011230 -0.923828 -0.345459 -0.092588 0.025541 0.020220 17.100000 48.900002 30.299999
0.008057 -0.934326 -0.359619 -0.139413 0.024477 0.022349 16.799999 49.200001 31.799999
0.007568 -0.923096 -0.361328 -0.097909 0.024477 0.021284 17.400000 49.200001 31.799999
0.004639 -0.919434 -0.368652 -0.098973 0.022349 0.020220 16.500000 50.700001 30.299999
0.011963 -0.926514 -0.366943 -0.142606 0.023413 0.019156 15.300000 47.700001 31.500000
0.006836 -0.917725 -0.365234 -0.180918 0.023413 0.018092 18.600000 49.799999 32.400002
0.000000 -0.919678 -0.391113 -0.207524 0.024477 0.022349 17.100000 48.299999 32.099998
0.004883 -0.912842 -0.392578 -0.179854 0.019156 0.021284 18.299999 50.099998 32.700001
0.009277 -0.917480 -0.395996 -0.134092 0.025541 0.021284 15.600000 49.799999 33.000000
0.005859 -0.907227 -0.395264 -0.142606 0.023413 0.018092 16.799999 49.200001 34.799999
0.013184 -0.906494 -0.400146 -0.102166 0.023413 0.019156 16.500000 50.099998 35.099998
0.011963 -0.908691 -0.402832 -0.069175 0.023413 0.021284 17.700001 50.700001 35.700001
0.009766 -0.903564 -0.401611 -0.119193 0.023413 0.018092 16.799999 49.799999 34.200001
0.009033 -0.904785 -0.413818 -0.124514 0.024477 0.021284 15.000000 48.599998 34.799999
0.007324 -0.904541 -0.410889 -0.189432 0.021284 0.021284 15.600000 49.799999 33.599998
0.004639 -0.901611 -0.419434 -0.137285 0.024477 0.019156 16.799999 49.200001 35.400002
0.007324 -0.903564 -0.426025 -0.146863 0.024477 0.018092 16.500000 50.099998 33.900002
0.008301 -0.897705 -0.427734 -0.139413 0.023413 0.018092 16.500000 49.500000 33.900002
0.003662 -0.895020 -0.427002 -0.136221 0.023413 0.018092 15.600000 49.799999 36.000000
0.011475 -0.895508 -0.431641 -0.143670 0.024477 0.020220 15.300000 50.099998 36.299999
0.007324 -0.892334 -0.438477 -0.178790 0.024477 0.021284 15.900000 51.299999 34.500000
0.011719 -0.887207 -0.447754 -0.178790 0.024477 0.019156 16.200001 50.400002 35.400002
0.009521 -0.886230 -0.456055 -0.166019 0.023413 0.019156 17.700001 51.299999 38.099998
0.008789 -0.884766 -0.452637 -0.129835 0.023413 0.019156 16.500000 48.299999 36.900002
0.009766 -0.878418 -0.458496 -0.103230 0.026606 0.020220 17.700001 48.900002 36.900002
0.013184 -0.877441 -0.454346 -0.139413 0.023413 0.021284 17.700001 50.700001 38.700001
0.007080 -0.874268 -0.461914 -0.161762 0.023413 0.020220 18.000000 50.400002 37.799999
0.004639 -0.878662 -0.471191 -0.148991 0.026606 0.020220 17.100000 49.500000 38.099998
0.005127 -0.870605 -0.475098 -0.172404 0.021284 0.021284 16.200001 50.400002 37.200001
0.007080 -0.867188 -0.478271 -0.167083 0.027670 0.019156 16.500000 49.500000 38.700001
0.004883 -0.871338 -0.486084 -0.154313 0.022349 0.021284 15.900000 49.500000 37.500000
0.006592 -0.861816 -0.492676 -0.139413 0.023413 0.020220 18.000000 49.799999 39.000000
0.005615 -0.862549 -0.494385 -0.139413 0.024477 0.021284 16.799999 49.799999 39.599998
0.007324 -0.859619 -0.505127 -0.154313 0.024477 0.020220 16.500000 48.900002 39.900002
0.006104 -0.853760 -0.489014 -0.172404 0.022349 0.017028 16.500000 49.500000 39.299999
0.006592 -0.848389 -0.498291 -0.168147 0.027670 0.019156 16.799999 51.000000 39.599998
0.011230 -0.853760 -0.524170 -0.219230 0.024477 0.019156 18.000000 49.799999 40.799999
0.004150 -0.852051 -0.513184 -0.188368 0.026606 0.020220 17.700001 51.900002 40.500000
0.010254 -0.846191 -0.515137 -0.127707 0.022349 0.020220 18.900000 48.900002 40.500000
0.003662 -0.845947 -0.519043 -0.164955 0.023413 0.021284 18.299999 49.500000 41.099998
0.008057 -0.838379 -0.523438 -0.160698 0.024477 0.022349 16.200001 48.599998 41.400002
0.001953 -0.837158 -0.532959 -0.145799 0.023413 0.018092 16.200001 51.000000 40.799999
0.005371 -0.832031 -0.532715 -0.142606 0.024477 0.020220 16.799999 48.599998 42.000000
0.012207 -0.835938 -0.536133 -0.159634 0.024477 0.020220 17.100000 51.299999 41.700001
0.006836 -0.825928 -0.548096 -0.145799 0.024477 0.020220 16.200001 51.000000 42.599998
-0.000488 -0.831543 -0.541748 -0.181982 0.024477 0.019156 17.400000 49.799999 43.799999
-0.001221 -0.821777 -0.548828 -0.167083 0.023413 0.019156 16.799999 50.400002 41.400002
0.000732 -0.822021 -0.543701 -0.166019 0.023413 0.019156 18.000000 49.200001 42.599998
0.003906 -0.815918 -0.556885 -0.169212 0.025541 0.017028 17.400000 51.000000 43.200001
0.007080 -0.813965 -0.576416 -0.148991 0.027670 0.015963 17.100000 49.500000 43.500000
0.008057 -0.812012 -0.573975 -0.161762 0.025541 0.019156 17.700001 49.500000 43.500000
0.008057 -0.801025 -0.572266 -0.172404 0.023413 0.023413 16.500000 50.099998 43.500000
0.013428 -0.804688 -0.575439 -0.141542 0.024477 0.021284 16.799999 49.799999 45.000000
0.004395 -0.808105 -0.584229 -0.154313 0.022349 0.019156 17.400000 49.200001 42.599998
0.007080 -0.798584 -0.595947 -0.158569 0.026606 0.022349 18.000000 49.200001 45.000000
0.007324 -0.803711 -0.580811 -0.200074 0.023413 0.020220 17.100000 50.099998 45.299999
0.004395 -0.790283 -0.600586 -0.178790 0.024477 0.020220 18.000000 49.799999 45.599998
0.005127 -0.784424 -0.596436 -0.171340 0.025541 0.020220 16.500000 50.099998 45.900002
0.008789 -0.783691 -0.598633 -0.170276 0.022349 0.019156 18.299999 49.500000 47.700001
0.010254 -0.780273 -0.603760 -0.167083 0.025541 0.018092 17.700001 50.700001 46.500000
0.004639 -0.781006 -0.612793 -0.164955 0.026606 0.020220 16.799999 50.400002 46.200001
0.007324 -0.773438 -0.625244 -0.112808 0.027670 0.019156 15.600000 49.200001 46.200001
0.008057 -0.770264 -0.613281 -0.118129 0.025541 0.015963 17.700001 49.500000 46.500000
0.007324 -0.766846 -0.626953 -0.102166 0.024477 0.018092 16.500000 50.099998 45.900002
0.009766 -0.769775 -0.616455 -0.093652 0.021284 0.018092 15.000000 48.599998 45.000000
0.002441 -0.769531 -0.628174 -0.093652 0.022349 0.022349 17.100000 49.500000 47.099998
0.005371 -0.765869 -0.625000 -0.105358 0.023413 0.019156 16.200001 48.599998 48.000000
0.006836 -0.767334 -0.632812 -0.106422 0.024477 0.018092 17.100000 48.299999 47.099998
0.004395 -0.755859 -0.634033 -0.118129 0.024477 0.020220 16.500000 48.900002 47.700001
0.006592 -0.753418 -0.630371 -0.101101 0.024477 0.022349 16.799999 48.599998 47.400002
0.008789 -0.751953 -0.637695 -0.079817 0.022349 0.018092 17.100000 48.299999 48.299999
0.002197 -0.751465 -0.641602 -0.069175 0.025541 0.019156 17.400000 50.400002 49.799999
0.010498 -0.749023 -0.639404 -0.090459 0.024477 0.018092 15.600000 49.799999 48.000000
0.004395 -0.747314 -0.643311 -0.111744 0.022349 0.019156 16.500000 47.700001 47.099998
0.012451 -0.747803 -0.641602 -0.085138 0.021284 0.019156 16.799999 49.200001 48.599998
-0.000488 -0.750244 -0.646973 -0.062789 0.022349 0.020220 17.100000 49.500000 48.299999
0.004883 -0.747559 -0.651367 -0.073431 0.022349 0.018092 16.799999 49.799999 48.000000
0.007324 -0.743408 -0.656250 -0.084074 0.022349 0.020220 17.100000 48.299999 49.500000
0.010498 -0.744385 -0.658936 -0.040441 0.019156 0.019156 16.500000 48.299999 49.500000
0.005615 -0.743408 -0.649414 -0.085138 0.023413 0.019156 16.799999 49.799999 48.599998
-0.001709 -0.739502 -0.653076 -0.112808 0.025541 0.019156 15.600000 48.599998 49.200001
0.005371 -0.739258 -0.660889 -0.103230 0.022349 0.018092 17.400000 48.599998 48.599998
0.010254 -0.732910 -0.658447 -0.117065 0.020220 0.019156 18.000000 49.200001 49.200001
0.008789 -0.742432 -0.655762 -0.172404 0.023413 0.022349 18.600000 49.799999 48.599998
0.007812 -0.733398 -0.665039 -0.108551 0.025541 0.024477 17.700001 48.900002 49.500000
0.009277 -0.729248 -0.669189 -0.160698 0.024477 0.021284 16.799999 49.200001 50.400002
0.010498 -0.727051 -0.669678 -0.142606 0.025541 0.020220 17.400000 48.599998 49.200001
0.004150 -0.721680 -0.670166 -0.092588 0.022349 0.018092 16.799999 49.200001 50.400002
0.009521 -0.716797 -0.676514 -0.074496 0.025541 0.021284 16.200001 48.599998 51.000000
0.002441 -0.723145 -0.677490 -0.057468 0.022349 0.018092 16.200001 50.400002 51.000000
0.007324 -0.713379 -0.677979 -0.073431 0.022349 0.019156 16.799999 49.799999 51.000000
0.009033 -0.719482 -0.676514 -0.113872 0.022349 0.024477 18.000000 48.599998 51.000000
0.010742 -0.712158 -0.676514 -0.088331 0.022349 0.020220 18.000000 48.000000 49.799999
0.006836 -0.717285 -0.687012 -0.092588 0.022349 0.020220 17.700001 47.700001 51.900002
0.005127 -0.712158 -0.678467 -0.122386 0.022349 0.017028 16.200001 47.400002 50.400002
0.006104 -0.700439 -0.687256 -0.090459 0.023413 0.018092 16.799999 48.000000 51.599998
0.012207 -0.706299 -0.695801 -0.065982 0.020220 0.018092 16.500000 47.700001 51.900002
0.007568 -0.699219 -0.693848 -0.050019 0.023413 0.021284 15.600000 48.599998 52.799999
0.007812 -0.703125 -0.700439 -0.083009 0.023413 0.021284 16.200001 47.400002 50.400002
0.008057 -0.705566 -0.699219 -0.089395 0.024477 0.020220 16.200001 48.599998 52.200001
0.005371 -0.705322 -0.702393 -0.123450 0.024477 0.018092 17.100000 49.500000 53.099998
0.010010 -0.696777 -0.697754 -0.094716 0.024477 0.021284 18.299999 47.099998 51.900002
0.012939 -0.690674 -0.703613 -0.070239 0.022349 0.019156 17.100000 47.700001 53.700001
0.007324 -0.688477 -0.700439 -0.079817 0.025541 0.019156 16.500000 48.299999 53.099998
0.008057 -0.692139 -0.708496 -0.031927 0.023413 0.020220 16.200001 48.000000 52.799999
0.005859 -0.696533 -0.707031 -0.032991 0.021284 0.021284 15.900000 46.500000 52.500000
0.007568 -0.691895 -0.704590 -0.047890 0.024477 0.018092 18.000000 49.799999 50.400002
0.005127 -0.689697 -0.717773 -0.031927 0.022349 0.017028 16.799999 46.799999 53.400002
0.011719 -0.696045 -0.694580 -0.040441 0.023413 0.018092 15.900000 45.900002 53.700001
0.004395 -0.695557 -0.715820 -0.056404 0.022349 0.019156 15.300000 46.500000 52.500000
0.011963 -0.682861 -0.707764 -0.051083 0.026606 0.019156 15.900000 50.099998 52.500000
0.008057 -0.687256 -0.711426 -0.034055 0.021284 0.019156 16.799999 47.400002 54.000000
0.006348 -0.683594 -0.717285 -0.027670 0.021284 0.019156 17.100000 48.299999 51.900002
0.010010 -0.688232 -0.708740 -0.055340 0.023413 0.015963 15.900000 49.500000 53.099998
0.004883 -0.687012 -0.704346 -0.054275 0.020220 0.018092 16.200001 48.599998 51.000000
0.005859 -0.682861 -0.719238 -0.035119 0.024477 0.018092 16.500000 48.900002 53.700001
0.016357 -0.679443 -0.710938 -0.012771 0.020220 0.021284 17.100000 48.299999 53.700001
0.013184 -0.684570 -0.719238 -0.025541 0.023413 0.015963 15.900000 47.700001 51.900002
0.010498 -0.687744 -0.710205 -0.085138 0.024477 0.020220 16.500000 48.900002 53.700001
0.006104 -0.677979 -0.715820 -0.014899 0.024477 0.017028 16.200001 48.000000 54.000000
0.007812 -0.685059 -0.708740 -0.010642 0.021284 0.017028 17.100000 47.700001 54.900002
-0.000244 -0.690430 -0.723389 -0.008514 0.024477 0.015963 17.100000 48.299999 53.700001
0.004395 -0.683838 -0.716797 -0.029798 0.018092 0.018092 16.200001 47.400002 52.200001
0.005127 -0.685791 -0.708740 -0.007450 0.021284 0.015963 16.200001 47.400002 54.000000
0.009521 -0.680420 -0.714844 -0.003193 0.021284 0.014899 18.299999 48.900002 52.500000
0.008545 -0.684570 -0.706543 -0.035119 0.024477 0.019156 16.500000 47.099998 53.700001
0.005127 -0.679688 -0.716797 -0.023413 0.021284 0.020220 16.500000 48.299999 53.700001
0.005127 -0.681641 -0.722168 -0.030863 0.021284 0.018092 15.900000 48.900002 50.700001
0.006104 -0.686523 -0.717285 -0.024477 0.022349 0.019156 16.799999 46.799999 52.799999
0.011230 -0.681641 -0.716797 -0.014899 0.021284 0.014899 17.700001 47.700001 53.700001
0.010010 -0.677490 -0.715088 -0.036184 0.022349 0.019156 17.100000 48.299999 53.099998
0.005859 -0.681641 -0.710693 -0.035119 0.021284 0.015963 15.900000 46.500000 54.299999
0.012207 -0.682373 -0.720459 -0.020220 0.021284 0.020220 17.100000 48.299999 53.099998
0.002197 -0.671387 -0.715576 -0.009578 0.022349 0.020220 17.400000 48.000000 52.200001
0.012207 -0.678955 -0.719482 0.011706 0.022349 0.018092 16.799999 48.599998 55.200001
0.005615 -0.689453 -0.710693 -0.026606 0.023413 0.018092 15.900000 48.299999 54.299999
0.006104 -0.673828 -0.717529 -0.029798 0.023413 0.018092 18.000000 47.400002 53.400002
0.001709 -0.674316 -0.701904 -0.001064 0.021284 0.018092 17.100000 49.500000 53.099998
0.001953 -0.683105 -0.712158 -0.002128 0.022349 0.019156 17.400000 48.000000 53.400002
0.007568 -0.682129 -0.718262 -0.035119 0.023413 0.015963 16.500000 48.900002 53.099998
0.006592 -0.676270 -0.724365 -0.018092 0.023413 0.019156 18.000000 48.000000 52.799999
0.003662 -0.679199 -0.720947 -0.013835 0.022349 0.022349 18.000000 48.599998 54.000000
0.007324 -0.678711 -0.714111 -0.018092 0.021284 0.021284 16.500000 49.500000 53.700001
0.009277 -0.678711 -0.715332 -0.025541 0.021284 0.018092 17.100000 47.099998 51.900002
0.009277 -0.681152 -0.724609 -0.035119 0.023413 0.018092 16.200001 48.000000 52.799999
0.007568 -0.675537 -0.717773 -0.015963 0.020220 0.019156 18.000000 49.200001 53.400002
0.014160 -0.685059 -0.715820 -0.013835 0.023413 0.020220 17.400000 49.200001 52.799999
0.008545 -0.679688 -0.720703 -0.010642 0.024477 0.020220 16.799999 47.400002 54.000000
0.011230 -0.673096 -0.711426 -0.018092 0.023413 0.019156 17.700001 48.299999 53.099998
0.011475 -0.682861 -0.709717 -0.010642 0.019156 0.018092 17.100000 47.700001 53.700001
0.011230 -0.680420 -0.717773 -0.012771 0.024477 0.015963 16.200001 48.000000 52.799999
0.005371 -0.678467 -0.712402 -0.013835 0.023413 0.020220 17.700001 48.900002 53.700001
0.010742 -0.679932 -0.715332 -0.010642 0.022349 0.018092 15.900000 48.299999 52.500000
0.002197 -0.679688 -0.712891 -0.028734 0.023413 0.017028 16.500000 49.500000 53.700001
0.013184 -0.678467 -0.716309 -0.006385 0.022349 0.019156 15.900000 48.299999 53.700001
0.006348 -0.683838 -0.706787 -0.021284 0.022349 0.014899 17.400000 48.000000 53.400002
0.010742 -0.679199 -0.709473 -0.018092 0.025541 0.014899 16.500000 48.299999 52.500000
0.011230 -0.678955 -0.721191 -0.022349 0.020220 0.021284 16.799999 48.599998 54.599998
0.007568 -0.675049 -0.717285 -0.007450 0.026606 0.019156 15.000000 47.400002 54.000000
