-0.004395 -1.003174 -0.058105 -0.015963 0.021284 0.019156 31.799999 40.799999 55.200001
-0.003418 -0.999023 -0.069824 -0.015963 0.022349 0.019156 33.000000 40.200001 54.599998
-0.008301 -1.001221 -0.067383 -0.017028 0.022349 0.019156 32.400002 38.400002 55.200001
-0.009521 -0.998779 -0.071289 -0.012771 0.023413 0.021284 32.400002 43.200001 55.799999
-0.004883 -1.000244 -0.073242 -0.015963 0.024477 0.018092 33.000000 42.000000 55.200001
-0.008545 -0.996582 -0.067871 -0.011706 0.024477 0.020220 32.099998 41.700001 55.500000
-0.004883 -1.002930 -0.069824 -0.013835 0.024477 0.017028 32.400002 39.599998 54.599998
-0.010986 -0.997314 -0.059570 -0.014899 0.024477 0.015963 30.900000 40.500000 54.900002
-0.005371 -1.002930 -0.065186 -0.018092 0.025541 0.018092 33.000000 40.799999 56.400002
-0.012451 -0.999512 -0.068848 -0.013835 0.024477 0.019156 31.799999 40.200001 55.200001
-0.015869 -1.003906 -0.064209 -0.013835 0.022349 0.018092 32.400002 41.400002 55.200001
-0.013916 -1.001465 -0.066895 -0.014899 0.024477 0.020220 30.900000 41.700001 54.299999
-0.010254 -0.994873 -0.070068 -0.014899 0.024477 0.019156 31.799999 40.200001 54.599998
-0.010254 -1.002197 -0.072510 -0.014899 0.021284 0.017028 33.000000 39.000000 57.000000
-0.009277 -0.995117 -0.065186 -0.013835 0.022349 0.017028 32.700001 41.099998 53.700001
-0.010742 -1.002686 -0.055664 -0.017028 0.021284 0.019156 31.500000 39.900002 55.500000
-0.004150 -0.996094 -0.067139 -0.017028 0.022349 0.019156 32.700001 40.500000 53.099998
-0.004395 -1.001465 -0.070312 -0.010642 0.023413 0.019156 33.599998 41.400002 55.200001
-0.012451 -0.997559 -0.057861 -0.013835 0.023413 0.017028 32.099998 41.099998 54.299999
-0.004395 -1.006104 -0.064209 -0.017028 0.023413 0.019156 32.099998 41.099998 54.299999
-0.006836 -1.002441 -0.065430 -0.014899 0.025541 0.015963 32.700001 39.299999 54.299999
-0.008789 -0.997559 -0.071289 -0.012771 0.023413 0.020220 33.599998 39.599998 58.200001
-0.012207 -0.999268 -0.065430 -0.011706 0.021284 0.019156 31.200001 40.799999 54.599998
-0.007324 -1.008057 -0.071289 -0.015963 0.020220 0.019156 32.099998 41.099998 55.500000
-0.012695 -0.991943 -0.061523 -0.013835 0.020220 0.018092 33.900002 40.500000 56.099998
-0.011475 -1.000977 -0.063232 -0.015963 0.024477 0.018092 32.400002 40.799999 54.599998
-0.009521 -0.997803 -0.066406 -0.012771 0.021284 0.018092 32.400002 40.799999 55.200001
-0.005615 -0.995117 -0.057373 -0.012771 0.023413 0.018092 31.799999 40.200001 55.200001
-0.010010 -1.003174 -0.062988 -0.013835 0.021284 0.018092 32.700001 41.700001 54.900002
-0.010010 -0.995117 -0.075928 -0.012771 0.022349 0.018092 31.500000 41.099998 53.700001
-0.007324 -0.998535 -0.067139 -0.010642 0.022349 0.015963 31.500000 39.900002 54.299999
-0.012207 -0.995117 -0.064453 -0.011706 0.022349 0.015963 33.599998 40.200001 54.599998
-0.006348 -0.993164 -0.064453 -0.010642 0.026606 0.019156 33.900002 40.500000 54.299999
-0.010010 -0.996826 -0.059326 -0.014899 0.021284 0.013835 32.099998 40.500000 54.900002
-0.009033 -1.000244 -0.074951 -0.015963 0.019156 0.019156 32.400002 39.599998 56.400002
-0.006104 -0.997314 -0.066162 -0.012771 0.019156 0.017028 31.500000 41.099998 54.299999
-0.006836 -1.008545 -0.067627 -0.014899 0.024477 0.018092 33.299999 41.700001 55.500000
-0.010742 -1.002197 -0.061279 -0.019156 0.023413 0.015963 33.599998 40.799999 55.799999
-0.009521 -0.991211 -0.068115 -0.014899 0.023413 0.018092 33.599998 41.400002 55.200001
-0.006348 -0.998535 -0.065674 -0.015963 0.023413 0.018092 32.700001 41.700001 54.900002
-0.010498 -1.000977 -0.070068 -0.015963 0.024477 0.018092 33.000000 40.200001 54.599998
-0.004639 -0.996094 -0.067139 -0.013835 0.021284 0.019156 32.400002 40.799999 55.200001
-0.010010 -1.000732 -0.064941 -0.015963 0.020220 0.021284 32.400002 42.000000 56.400002
-0.008057 -1.003662 -0.059082 -0.012771 0.022349 0.019156 31.799999 41.400002 56.400002
-0.010986 -1.000244 -0.065186 -0.015963 0.023413 0.018092 33.000000 40.200001 56.400002
-0.007568 -1.000732 -0.069580 -0.012771 0.025541 0.018092 32.700001 40.500000 54.299999
-0.011230 -0.995117 -0.076416 -0.014899 0.025541 0.019156 32.400002 41.400002 53.400002
-0.007080 -0.997314 -0.063965 -0.013835 0.023413 0.018092 33.000000 39.000000 55.200001
-0.011475 -0.997559 -0.066162 -0.015963 0.022349 0.018092 32.700001 41.099998 54.299999
-0.010498 -0.996094 -0.073242 -0.010642 0.022349 0.019156 33.299999 40.500000 54.299999
-0.006104 -1.000488 -0.074951 -0.012771 0.023413 0.019156 33.599998 39.599998 55.799999
-0.007568 -0.999023 -0.062500 -0.017028 0.025541 0.019156 31.799999 40.200001 56.400002
-0.001465 -0.997070 -0.071045 -0.010642 0.022349 0.018092 32.099998 40.500000 55.500000
-0.007080 -1.004883 -0.074951 -0.013835 0.022349 0.018092 31.799999 41.400002 53.400002
-0.008545 -0.998047 -0.061035 -0.013835 0.023413 0.020220 31.500000 40.500000 55.500000
-0.007324 -1.001465 -0.070068 -0.012771 0.024477 0.017028 31.200001 40.799999 54.000000
-0.015869 -1.006836 -0.074219 -0.018092 0.021284 0.017028 33.000000 40.200001 55.799999
-0.013428 -0.994873 -0.073242 -0.014899 0.023413 0.017028 32.700001 41.700001 54.299999
-0.014893 -0.995361 -0.062988 -0.014899 0.023413 0.018092 31.799999 40.200001 55.200001
-0.009033 -0.999268 -0.074219 -0.012771 0.025541 0.019156 32.700001 41.099998 55.500000
-0.012207 -0.988525 -0.074707 -0.015963 0.020220 0.018092 31.799999 42.000000 54.599998
-0.007568 -0.999756 -0.067627 -0.013835 0.026606 0.014899 33.000000 42.000000 55.799999
-0.010254 -0.995850 -0.065186 -0.014899 0.021284 0.019156 32.400002 40.799999 54.599998
-0.005371 -1.001953 -0.063721 -0.017028 0.022349 0.019156 32.700001 41.700001 54.299999
-0.002686 -1.001709 -0.066406 -0.061725 0.022349 0.019156 33.000000 39.000000 55.200001
-0.016846 -1.000244 -0.074219 -0.086202 0.022349 0.020220 31.799999 40.799999 55.799999
-0.006592 -1.000732 -0.074219 -0.057468 0.020220 0.018092 32.099998 39.900002 54.900002
-0.014648 -1.003418 -0.068604 -0.089395 0.022349 0.022349 32.700001 40.500000 55.500000
-0.012451 -0.994873 -0.075195 -0.083009 0.025541 0.020220 33.900002 40.500000 56.099998
-0.012451 -0.999512 -0.077148 -0.081945 0.022349 0.017028 33.000000 41.400002 55.799999
-0.011719 -1.002686 -0.083496 -0.052147 0.024477 0.018092 32.400002 42.599998 54.599998
-0.013184 -0.997803 -0.090332 0.012771 0.023413 0.019156 32.099998 41.700001 55.500000
-0.008301 -0.997559 -0.084229 0.021284 0.024477 0.020220 32.700001 40.500000 54.299999
-0.008789 -0.999512 -0.075928 -0.075560 0.022349 0.021284 33.000000 40.200001 55.200001
-0.004150 -0.993408 -0.080078 -0.097909 0.022349 0.021284 33.000000 40.799999 55.799999
-0.007080 -0.998291 -0.079590 -0.169212 0.023413 0.019156 32.400002 40.200001 55.799999
-0.008301 -1.002197 -0.090820 -0.150056 0.022349 0.023413 32.099998 41.700001 55.500000
-0.005859 -0.989990 -0.094727 -0.108551 0.022349 0.017028 33.000000 40.799999 57.000000
-0.002441 -0.992432 -0.107910 -0.106422 0.022349 0.018092 33.299999 39.900002 57.299999
-0.013916 -0.999512 -0.100098 -0.085138 0.021284 0.018092 32.700001 39.299999 55.500000
-0.004883 -0.990967 -0.101807 -0.056404 0.022349 0.019156 32.099998 40.500000 57.900002
-0.006836 -0.997070 -0.098145 -0.091523 0.021284 0.021284 32.099998 41.700001 56.700001
-0.005615 -0.996338 -0.106934 -0.107487 0.023413 0.017028 32.700001 39.900002 57.299999
-0.003418 -0.997314 -0.108887 -0.075560 0.023413 0.019156 32.400002 39.599998 57.000000
0.000000 -0.992920 -0.101074 -0.102166 0.021284 0.020220 31.799999 40.200001 56.400002
-0.014404 -0.992432 -0.112793 -0.144735 0.024477 0.019156 32.700001 41.099998 57.900002
-0.008545 -0.993652 -0.126953 -0.151120 0.025541 0.018092 31.799999 39.599998 56.400002
-0.009277 -0.992188 -0.128418 -0.123450 0.023413 0.022349 32.099998 39.299999 56.700001
-0.006104 -0.990479 -0.118164 -0.113872 0.023413 0.018092 31.200001 39.599998 57.000000
-0.002197 -0.998047 -0.124023 -0.148991 0.023413 0.019156 31.799999 38.400002 58.200001
-0.013428 -0.986816 -0.136475 -0.144735 0.024477 0.019156 32.099998 39.900002 58.500000
-0.009033 -0.988037 -0.139648 -0.155377 0.024477 0.019156 33.900002 39.299999 57.900002
-0.005127 -0.986816 -0.140869 -0.123450 0.022349 0.018092 33.000000 38.400002 59.400002
-0.007080 -0.988281 -0.141602 -0.163891 0.023413 0.021284 32.099998 39.299999 59.099998
-0.004883 -0.985352 -0.153320 -0.161762 0.023413 0.019156 34.200001 39.599998 59.400002
-0.007812 -0.983398 -0.159668 -0.158569 0.025541 0.019156 32.400002 40.200001 58.200001
-0.010498 -0.989014 -0.163818 -0.151120 0.024477 0.021284 33.299999 39.299999 59.099998
-0.011475 -0.991455 -0.176514 -0.133028 0.022349 0.019156 32.400002 39.000000 58.200001
-0.015137 -0.981934 -0.173096 -0.155377 0.026606 0.023413 32.400002 37.799999 59.400002
-0.008789 -0.988037 -0.165527 -0.179854 0.024477 0.021284 33.000000 39.599998 58.799999
-0.010010 -0.980225 -0.176025 -0.137285 0.024477 0.020220 32.700001 38.099998 60.299999
-0.015137 -0.977783 -0.186035 -0.151120 0.023413 0.019156 31.200001 37.799999 60.599998
-0.014404 -0.979980 -0.194092 -0.142606 0.024477 0.020220 32.700001 37.500000 60.299999
-0.011719 -0.978027 -0.195068 -0.147927 0.024477 0.020220 34.500000 37.500000 60.299999
-0.016357 -0.980713 -0.200684 -0.180918 0.025541 0.021284 30.900000 37.500000 62.099998
-0.008545 -0.972412 -0.209229 -0.172404 0.023413 0.020220 33.299999 37.500000 62.700001
-0.008301 -0.972656 -0.207031 -0.116000 0.021284 0.020220 30.900000 36.900002 59.700001
-0.011230 -0.978027 -0.214600 -0.141542 0.023413 0.017028 32.700001 37.500000 60.299999
-0.007080 -0.975586 -0.213867 -0.119193 0.029798 0.021284 31.500000 38.099998 62.099998
-0.008301 -0.970459 -0.234375 -0.103230 0.025541 0.014899 32.700001 38.099998 61.500000
-0.009766 -0.969238 -0.221191 -0.123450 0.022349 0.018092 33.000000 37.200001 61.200001
-0.011230 -0.971436 -0.229248 -0.122386 0.023413 0.017028 31.500000 38.099998 61.500000
-0.012451 -0.972412 -0.229980 -0.146863 0.023413 0.019156 33.299999 36.900002 62.099998
-0.004639 -0.964844 -0.235596 -0.157505 0.023413 0.021284 33.299999 36.900002 61.500000
-0.011230 -0.970703 -0.239990 -0.170276 0.025541 0.022349 30.900000 35.700001 62.700001
-0.008301 -0.967773 -0.239502 -0.131964 0.022349 0.022349 32.099998 38.700001 62.099998
-0.010010 -0.967529 -0.239990 -0.121322 0.024477 0.019156 32.099998 36.299999 62.099998
-0.004395 -0.963135 -0.260986 -0.143670 0.021284 0.021284 32.400002 37.200001 63.000000
-0.009766 -0.965088 -0.260742 -0.131964 0.021284 0.020220 31.799999 37.200001 63.000000
-0.009766 -0.960449 -0.266846 -0.134092 0.023413 0.019156 33.299999 35.700001 63.299999
-0.007324 -0.957031 -0.265381 -0.124514 0.022349 0.021284 31.799999 35.400002 64.199997
-0.015625 -0.954346 -0.271240 -0.102166 0.023413 0.021284 33.299999 36.299999 64.500000
-0.008789 -0.956055 -0.273926 -0.170276 0.023413 0.020220 32.099998 36.900002 64.500000
-0.009033 -0.956299 -0.275146 -0.178790 0.023413 0.018092 32.099998 36.900002 63.299999
-0.012207 -0.952393 -0.283936 -0.166019 0.024477 0.019156 33.299999 36.299999 63.900002
-0.010010 -0.950195 -0.295410 -0.186239 0.024477 0.019156 33.000000 36.000000 63.599998
-0.005371 -0.950195 -0.293213 -0.188368 0.021284 0.021284 31.500000 37.500000 64.500000
-0.013672 -0.949707 -0.311279 -0.189432 0.021284 0.020220 32.700001 34.500000 65.099998
-0.015137 -0.950928 -0.309570 -0.161762 0.020220 0.017028 32.099998 36.900002 64.500000
-0.011963 -0.943848 -0.320557 -0.154313 0.023413 0.019156 33.000000 35.400002 65.400002
-0.009277 -0.947510 -0.323975 -0.147927 0.022349 0.019156 33.599998 36.000000 66.599998
-0.015137 -0.941650 -0.323975 -0.124514 0.025541 0.018092 33.000000 36.000000 66.000000
-0.012939 -0.943115 -0.317383 -0.138349 0.025541 0.020220 33.299999 34.500000 66.300003
-0.017334 -0.934082 -0.330078 -0.195817 0.026606 0.019156 33.900002 33.900002 66.900002
-0.007080 -0.937988 -0.334961 -0.178790 0.022349 0.017028 32.700001 33.299999 66.900002
-0.012451 -0.936035 -0.343750 -0.108551 0.022349 0.019156 32.700001 35.099998 66.900002
-0.004395 -0.936523 -0.341553 -0.163891 0.025541 0.020220 33.299999 35.700001 66.300003
-0.007080 -0.928223 -0.359375 -0.181982 0.022349 0.018092 33.299999 34.500000 66.300003
-0.011230 -0.932617 -0.354004 -0.257542 0.026606 0.022349 31.799999 34.200001 68.400002
-0.015869 -0.919434 -0.361084 -0.238386 0.027670 0.023413 32.099998 33.299999 67.500000
-0.002930 -0.922852 -0.375244 -0.219230 0.022349 0.018092 33.000000 33.599998 68.400002
-0.007568 -0.916992 -0.376709 -0.147927 0.025541 0.022349 32.700001 33.900002 68.099998
-0.009766 -0.920654 -0.384766 -0.063853 0.021284 0.014899 32.700001 32.700001 68.099998
-0.010986 -0.916748 -0.380127 -0.129835 0.025541 0.019156 33.599998 33.599998 67.800003
-0.008545 -0.914551 -0.384033 -0.127707 0.024477 0.023413 35.099998 34.500000 66.900002
-0.016602 -0.913574 -0.385498 -0.144735 0.025541 0.018092 31.200001 33.000000 67.199997
-0.015625 -0.914551 -0.386963 -0.154313 0.024477 0.020220 33.000000 34.200001 67.800003
-0.005127 -0.905762 -0.400879 -0.121322 0.025541 0.020220 33.000000 31.799999 69.000000
-0.011475 -0.905762 -0.406006 -0.145799 0.020220 0.019156 33.599998 32.400002 70.199997
-0.015869 -0.911865 -0.408203 -0.128771 0.021284 0.015963 32.099998 32.700001 69.900002
-0.005371 -0.910400 -0.409912 -0.168147 0.026606 0.020220 32.099998 32.099998 68.099998
-0.016602 -0.903076 -0.422607 -0.160698 0.024477 0.018092 32.400002 32.400002 69.000000
-0.009521 -0.896973 -0.420654 -0.094716 0.024477 0.023413 33.299999 32.099998 67.500000
-0.008545 -0.900391 -0.416504 -0.147927 0.022349 0.020220 33.299999 32.700001 68.699997
-0.012695 -0.895020 -0.423584 -0.156441 0.022349 0.021284 30.299999 31.500000 68.699997
-0.003906 -0.899658 -0.433594 -0.141542 0.024477 0.021284 33.299999 31.500000 68.699997
-0.015137 -0.895996 -0.427246 -0.133028 0.024477 0.021284 31.200001 30.000000 69.000000
-0.011719 -0.894531 -0.440674 -0.134092 0.024477 0.018092 34.500000 30.299999 69.300003
-0.012451 -0.894287 -0.435791 -0.179854 0.023413 0.019156 31.799999 32.400002 69.599998
-0.007812 -0.889893 -0.438477 -0.129835 0.025541 0.020220 32.400002 31.200001 70.800003
-0.004883 -0.886719 -0.457764 -0.155377 0.023413 0.017028 33.299999 31.500000 69.900002
-0.009033 -0.879150 -0.460449 -0.202203 0.026606 0.022349 32.099998 29.100000 68.699997
-0.013672 -0.876465 -0.469727 -0.159634 0.024477 0.020220 32.400002 31.799999 70.199997
-0.002197 -0.878906 -0.467773 -0.126643 0.024477 0.019156 32.400002 30.000000 71.400002
-0.006104 -0.870605 -0.465576 -0.129835 0.025541 0.019156 31.799999 30.000000 72.000000
-0.013184 -0.872314 -0.470947 -0.117065 0.025541 0.022349 32.700001 30.299999 70.500000
-0.013428 -0.877686 -0.473633 -0.137285 0.025541 0.019156 32.400002 30.000000 71.400002
-0.008789 -0.865967 -0.475830 -0.105358 0.022349 0.021284 33.000000 30.600000 70.800003
-0.008789 -0.871826 -0.475586 -0.121322 0.023413 0.019156 33.900002 29.700001 71.699997
-0.006348 -0.872314 -0.477051 -0.107487 0.021284 0.022349 33.299999 27.900000 72.300003
-0.010986 -0.872559 -0.496582 -0.186239 0.025541 0.019156 30.900000 29.100000 70.500000
-0.007080 -0.860352 -0.496582 -0.235194 0.023413 0.022349 31.799999 31.200001 71.400002
-0.008301 -0.857666 -0.492188 -0.220294 0.024477 0.023413 32.099998 28.500000 72.900002
-0.010742 -0.850342 -0.517822 -0.178790 0.021284 0.019156 32.099998 27.900000 74.099998
-0.017578 -0.853271 -0.517578 -0.080881 0.023413 0.020220 33.000000 29.400000 72.000000
-0.015625 -0.848145 -0.505859 -0.148991 0.023413 0.017028 32.700001 27.900000 72.900002
-0.012451 -0.846436 -0.510986 -0.138349 0.024477 0.020220 33.900002 28.500000 70.500000
-0.015137 -0.835938 -0.519043 -0.103230 0.023413 0.021284 32.700001 27.900000 73.500000
-0.016602 -0.847900 -0.518799 -0.126643 0.025541 0.019156 32.700001 27.900000 75.900002
-0.015381 -0.845947 -0.522705 -0.154313 0.022349 0.020220 31.799999 28.200001 75.000000
-0.016113 -0.837158 -0.535156 -0.146863 0.022349 0.019156 32.099998 26.700001 72.900002
-0.012451 -0.834229 -0.538330 -0.128771 0.021284 0.019156 33.299999 27.900000 74.099998
-0.013916 -0.831299 -0.540039 -0.136221 0.023413 0.018092 32.400002 27.000000 73.800003
-0.010742 -0.832031 -0.540039 -0.194753 0.024477 0.019156 32.700001 26.700001 74.099998
-0.009033 -0.833740 -0.536133 -0.190496 0.024477 0.022349 32.400002 25.799999 73.800003
-0.015869 -0.828125 -0.548096 -0.184111 0.026606 0.019156 33.000000 27.000000 73.800003
-0.014893 -0.824951 -0.555420 -0.161762 0.024477 0.018092 31.200001 27.600000 73.800003
-0.010010 -0.818604 -0.555176 -0.173469 0.022349 0.021284 33.599998 25.799999 75.599998
-0.010010 -0.818359 -0.571777 -0.171340 0.025541 0.022349 32.700001 24.900000 74.699997
-0.007568 -0.810059 -0.564453 -0.153248 0.022349 0.019156 31.799999 26.400000 75.000000
-0.011475 -0.800537 -0.579346 -0.100037 0.024477 0.019156 32.400002 25.799999 76.800003
-0.009033 -0.808105 -0.574707 -0.103230 0.022349 0.018092 31.799999 24.000000 75.599998
-0.014648 -0.802979 -0.571045 -0.103230 0.020220 0.020220 32.099998 26.700001 75.900002
-0.011963 -0.797119 -0.582031 -0.094716 0.023413 0.022349 32.400002 24.000000 74.400002
-0.010010 -0.799072 -0.580078 -0.142606 0.023413 0.019156 32.700001 24.299999 73.500000
-0.009033 -0.798584 -0.584961 -0.163891 0.023413 0.020220 33.000000 24.600000 75.000000
-0.004395 -0.792969 -0.595947 -0.088331 0.022349 0.020220 33.299999 24.900000 75.300003
-0.006104 -0.796875 -0.590332 -0.086202 0.022349 0.018092 32.400002 24.600000 75.000000
-0.013184 -0.793945 -0.592529 -0.158569 0.025541 0.022349 33.000000 24.000000 75.000000
-0.006104 -0.794189 -0.593506 -0.146863 0.024477 0.021284 33.599998 23.400000 74.400002
-0.012451 -0.787109 -0.602783 -0.116000 0.023413 0.020220 32.099998 25.500000 74.699997
-0.016113 -0.784180 -0.602295 -0.142606 0.022349 0.018092 31.500000 23.700001 75.300003
-0.005859 -0.781982 -0.605713 -0.172404 0.025541 0.020220 32.099998 25.500000 75.900002
-0.012939 -0.774414 -0.612549 -0.134092 0.024477 0.020220 31.799999 24.000000 75.000000
-0.008545 -0.778564 -0.614258 -0.137285 0.022349 0.019156 33.599998 24.600000 76.800003
-0.014404 -0.775146 -0.616211 -0.147927 0.022349 0.017028 33.000000 24.000000 78.599998
-0.014404 -0.769775 -0.626709 -0.180918 0.025541 0.023413 32.700001 23.100000 77.699997
-0.010742 -0.759033 -0.628662 -0.133028 0.022349 0.018092 32.400002 21.600000 76.800003
-0.006836 -0.762695 -0.622559 -0.112808 0.023413 0.020220 31.799999 23.400000 77.400002
-0.012207 -0.765137 -0.629883 -0.120257 0.024477 0.018092 32.700001 21.900000 76.500000
-0.012451 -0.759033 -0.641357 -0.156441 0.024477 0.020220 32.400002 22.200001 77.400002
-0.008301 -0.761963 -0.646484 -0.131964 0.024477 0.021284 33.000000 22.799999 78.000000
-0.007568 -0.750977 -0.636230 -0.095780 0.022349 0.019156 33.299999 21.900000 77.699997
-0.006104 -0.744629 -0.653564 -0.091523 0.024477 0.019156 32.099998 22.500000 75.300003
-0.010742 -0.750488 -0.653809 -0.112808 0.022349 0.020220 31.500000 23.100000 77.099998
-0.007568 -0.741455 -0.643066 -0.103230 0.023413 0.017028 32.700001 20.700001 77.099998
-0.009033 -0.744141 -0.654785 -0.083009 0.022349 0.022349 32.700001 23.100000 78.300003
-0.010010 -0.739990 -0.654785 -0.028734 0.025541 0.022349 33.599998 20.400000 79.199997
-0.016113 -0.738770 -0.645508 0.001064 0.022349 0.019156 31.500000 20.700001 77.099998
-0.011719 -0.749512 -0.651855 -0.018092 0.023413 0.017028 31.500000 21.900000 77.699997
-0.014893 -0.743408 -0.660156 -0.037248 0.021284 0.020220 32.700001 21.900000 77.699997
-0.009766 -0.742432 -0.652832 -0.002128 0.023413 0.018092 32.700001 22.500000 78.900002
-0.008301 -0.741455 -0.654053 0.022349 0.023413 0.017028 32.099998 21.900000 77.099998
-0.009521 -0.739502 -0.646973 -0.014899 0.023413 0.020220 32.400002 21.600000 76.800003
-0.014160 -0.742920 -0.645020 -0.023413 0.021284 0.020220 32.099998 21.299999 77.699997
-0.010742 -0.739746 -0.652100 -0.029798 0.023413 0.018092 33.599998 22.200001 76.199997
-0.008545 -0.740723 -0.654541 -0.032991 0.024477 0.019156 31.200001 21.600000 78.000000
-0.011475 -0.739258 -0.644531 -0.024477 0.024477 0.018092 32.099998 22.500000 77.699997
-0.013916 -0.742920 -0.656738 -0.024477 0.024477 0.018092 31.799999 22.200001 77.400002
-0.012451 -0.735596 -0.653076 -0.043633 0.024477 0.015963 32.400002 21.600000 77.400002
-0.006104 -0.734619 -0.652344 -0.019156 0.027670 0.019156 33.299999 22.500000 78.300003
-0.014404 -0.743408 -0.658936 -0.018092 0.023413 0.018092 32.099998 20.100000 77.099998
-0.001953 -0.739502 -0.656006 -0.034055 0.022349 0.020220 30.600000 21.600000 76.800003
-0.008545 -0.742676 -0.653076 0.013835 0.021284 0.019156 32.400002 21.000000 76.800003
-0.009277 -0.740723 -0.653809 -0.022349 0.023413 0.020220 33.000000 22.799999 77.400002
-0.009521 -0.748291 -0.653564 -0.047890 0.025541 0.017028 34.500000 20.100000 77.699997
-0.005615 -0.736816 -0.645996 -0.025541 0.019156 0.015963 32.099998 21.299999 77.699997
-0.013916 -0.736572 -0.653809 -0.026606 0.021284 0.020220 32.400002 21.000000 76.800003
-0.011230 -0.739014 -0.660400 -0.059597 0.020220 0.020220 32.099998 21.900000 77.099998
-0.007812 -0.738037 -0.660889 -0.012771 0.024477 0.021284 31.799999 21.600000 76.800003
-0.009766 -0.751709 -0.648438 -0.023413 0.024477 0.020220 32.099998 23.100000 75.900002
-0.009766 -0.739258 -0.665283 -0.034055 0.022349 0.019156 33.000000 23.400000 76.800003
-0.011230 -0.743164 -0.672363 -0.008514 0.022349 0.021284 33.299999 21.299999 77.099998
-0.012939 -0.733887 -0.648682 -0.010642 0.023413 0.017028 32.700001 21.299999 79.500000
-0.010742 -0.739990 -0.649902 -0.073431 0.024477 0.015963 32.400002 21.000000 78.599998
-0.016113 -0.737061 -0.658203 -0.069175 0.022349 0.022349 32.700001 21.299999 77.699997
-0.009033 -0.731934 -0.668213 -0.018092 0.022349 0.017028 32.700001 22.500000 77.099998
-0.006104 -0.737549 -0.670654 -0.025541 0.023413 0.020220 31.500000 22.500000 77.699997
-0.011719 -0.725342 -0.655029 -0.043633 0.024477 0.018092 31.200001 22.799999 78.000000
-0.010010 -0.730225 -0.666504 0.003193 0.023413 0.018092 32.700001 20.700001 76.500000
-0.014648 -0.744141 -0.660156 -0.041505 0.024477 0.021284 33.000000 21.600000 78.599998
-0.012695 -0.736328 -0.658936 -0.050019 0.022349 0.020220 32.400002 22.200001 78.000000
-0.013428 -0.729980 -0.669189 -0.040441 0.024477 0.022349 32.400002 21.600000 77.400002
-0.010986 -0.730713 -0.672119 -0.052147 0.025541 0.017028 33.299999 21.299999 79.500000
-0.016357 -0.735840 -0.664307 -0.050019 0.023413 0.018092 32.700001 20.100000 79.500000
-0.011475 -0.730225 -0.676514 -0.047890 0.023413 0.018092 33.299999 21.299999 79.500000
-0.010498 -0.731201 -0.661377 -0.036184 0.023413 0.020220 33.299999 21.900000 78.300003
-0.009033 -0.736572 -0.672363 -0.065982 0.022349 0.014899 32.400002 21.000000 78.000000
-0.013672 -0.729004 -0.660400 -0.052147 0.022349 0.019156 31.799999 20.400000 77.400002
-0.002197 -0.728760 -0.660889 -0.048954 0.021284 0.021284 33.000000 20.400000 79.199997
-0.013428 -0.727051 -0.682617 -0.047890 0.023413 0.020220 33.000000 20.400000 78.000000
-0.013672 -0.715332 -0.682861 -0.032991 0.022349 0.018092 33.599998 19.200001 79.199997
-0.018799 -0.726318 -0.670166 -0.023413 0.022349 0.020220 30.299999 21.299999 78.300003
-0.006836 -0.723145 -0.666748 -0.007450 0.023413 0.018092 32.400002 20.400000 78.000000
-0.009033 -0.720703 -0.666992 -0.018092 0.022349 0.015963 32.400002 21.600000 78.599998
-0.006104 -0.717285 -0.668701 -0.012771 0.021284 0.019156 32.700001 20.100000 77.699997
-0.011230 -0.723877 -0.662842 -0.007450 0.021284 0.019156 33.299999 21.900000 78.300003
-0.001465 -0.730469 -0.668701 -0.023413 0.022349 0.021284 32.099998 20.700001 77.099998
-0.015381 -0.734863 -0.661377 -0.011706 0.019156 0.023413 33.299999 20.700001 78.900002
-0.004395 -0.724854 -0.673584 -0.055340 0.024477 0.018092 33.299999 21.299999 78.300003
-0.005859 -0.724854 -0.683105 -0.025541 0.022349 0.017028 32.099998 20.100000 78.300003
-0.015869 -0.729736 -0.677734 -0.020220 0.023413 0.015963 33.299999 20.100000 78.300003
-0.007324 -0.719971 -0.677979 -0.024477 0.022349 0.020220 32.099998 20.700001 78.300003
-0.011230 -0.729492 -0.679688 -0.026606 0.023413 0.018092 32.700001 20.700001 78.300003
-0.009033 -0.726318 -0.672363 -0.002128 0.024477 0.020220 33.000000 19.799999 79.800003
-0.011963 -0.729492 -0.662842 -0.014899 0.023413 0.020220 33.900002 21.900000 78.300003
-0.003906 -0.725342 -0.671387 -0.025541 0.023413 0.018092 32.700001 20.700001 77.699997
-0.006348 -0.726562 -0.684326 -0.011706 0.021284 0.011706 32.700001 19.500000 77.699997
-0.015625 -0.726074 -0.680420 0.002128 0.022349 0.018092 32.099998 20.700001 77.699997
-0.010254 -0.726074 -0.676514 -0.026606 0.022349 0.015963 33.599998 21.000000 79.800003
-0.009277 -0.718018 -0.679443 -0.035119 0.023413 0.019156 31.500000 20.700001 78.300003
-0.010010 -0.724609 -0.673096 -0.060661 0.023413 0.019156 32.400002 20.400000 79.199997
-0.013184 -0.719727 -0.681152 -0.046826 0.021284 0.018092 32.099998 20.100000 77.099998
-0.011475 -0.723145 -0.676514 -0.014899 0.023413 0.018092 32.700001 19.500000 79.500000
-0.015137 -0.720703 -0.674561 -0.021284 0.023413 0.017028 31.500000 18.900000 77.699997
-0.011475 -0.722412 -0.670898 -0.019156 0.023413 0.019156 30.900000 21.299999 78.900002
-0.010742 -0.715820 -0.681152 0.010642 0.022349 0.017028 32.400002 21.000000 78.599998
-0.011230 -0.723145 -0.681885 -0.026606 0.022349 0.023413 31.799999 19.200001 79.199997
-0.011230 -0.727051 -0.678467 -0.019156 0.023413 0.019156 32.700001 21.900000 77.699997
-0.009277 -0.720703 -0.677490 -0.043633 0.021284 0.015963 33.299999 19.500000 78.900002
-0.011475 -0.721680 -0.682373 0.009578 0.024477 0.015963 31.799999 19.799999 78.000000
-0.010010 -0.718018 -0.669678 -0.056404 0.025541 0.021284 33.599998 21.000000 79.199997
-0.010742 -0.720215 -0.673340 -0.101101 0.024477 0.019156 31.500000 19.500000 76.500000
-0.011719 -0.711426 -0.681396 -0.021284 0.022349 0.019156 33.000000 20.400000 79.199997
-0.010254 -0.717041 -0.677246 -0.014899 0.023413 0.015963 33.900002 20.700001 78.900002
-0.014404 -0.721680 -0.674805 -0.040441 0.024477 0.019156 30.600000 21.600000 78.000000
-0.013916 -0.712646 -0.679932 -0.007450 0.022349 0.021284 32.700001 21.299999 78.900002
-0.009277 -0.718994 -0.675293 -0.027670 0.021284 0.020220 32.099998 20.100000 78.900002
-0.012451 -0.712646 -0.680176 -0.006385 0.024477 0.017028 32.700001 19.500000 78.900002
-0.011963 -0.723633 -0.673584 -0.018092 0.023413 0.020220 32.400002 20.400000 78.599998
