0.000488 0.976562 -0.130127 -0.018092 0.023413 0.017028 32.700001 -50.099998 36.299999
0.002686 0.978760 -0.125977 -0.014899 0.022349 0.017028 31.799999 -49.200001 36.000000
0.004395 0.979248 -0.132812 -0.011706 0.024477 0.020220 33.900002 -50.099998 35.700001
0.008789 0.979980 -0.135010 -0.015963 0.020220 0.020220 33.299999 -48.900002 36.299999
-0.001221 0.977295 -0.126221 -0.013835 0.019156 0.019156 34.500000 -48.900002 35.700001
0.000488 0.976318 -0.135498 -0.013835 0.022349 0.015963 33.299999 -50.099998 35.700001
0.004639 0.979004 -0.132812 -0.014899 0.021284 0.019156 33.299999 -48.900002 35.099998
0.001465 0.982178 -0.124268 -0.017028 0.023413 0.018092 33.900002 -48.299999 35.099998
0.001465 0.981201 -0.134766 -0.017028 0.021284 0.015963 34.500000 -48.299999 35.700001
0.000000 0.978027 -0.125732 -0.014899 0.023413 0.018092 33.299999 -48.299999 36.900002
0.005371 0.973877 -0.131348 -0.014899 0.023413 0.019156 33.900002 -50.700001 35.099998
0.000000 0.979004 -0.118164 -0.017028 0.024477 0.018092 34.200001 -49.200001 36.000000
0.003662 0.972412 -0.122070 -0.012771 0.022349 0.019156 34.500000 -50.099998 36.299999
0.009766 0.984131 -0.117676 -0.017028 0.024477 0.017028 33.299999 -50.700001 36.299999
0.002930 0.980713 -0.129395 -0.015963 0.021284 0.014899 33.900002 -48.299999 36.299999
0.000000 0.974609 -0.128174 -0.013835 0.022349 0.018092 33.900002 -48.900002 35.099998
-0.000977 0.978760 -0.118408 -0.015963 0.022349 0.018092 32.700001 -49.500000 33.900002
-0.002686 0.984619 -0.122559 -0.011706 0.023413 0.019156 32.700001 -51.299999 34.500000
-0.001709 0.978027 -0.123291 -0.015963 0.023413 0.018092 32.099998 -48.299999 35.099998
0.008057 0.979492 -0.128662 -0.018092 0.024477 0.019156 32.400002 -49.200001 34.799999
0.004883 0.982178 -0.126221 -0.013835 0.021284 0.015963 33.000000 -49.799999 35.400002
-0.002441 0.986572 -0.123291 -0.015963 0.024477 0.015963 33.000000 -51.000000 34.200001
0.004395 0.970215 -0.120605 -0.013835 0.022349 0.018092 32.099998 -50.700001 34.500000
0.008057 0.979980 -0.128174 -0.011706 0.023413 0.018092 32.099998 -49.500000 34.500000
0.002930 0.986328 -0.125488 -0.013835 0.023413 0.020220 32.400002 -49.200001 35.400002
-0.001953 0.970459 -0.132812 -0.012771 0.022349 0.023413 34.200001 -49.200001 34.200001
-0.003662 0.994629 -0.122559 -0.014899 0.023413 0.018092 33.599998 -51.000000 35.400002
-0.000732 0.965576 -0.126221 -0.020220 0.023413 0.019156 33.299999 -49.500000 34.500000
-0.001709 0.982178 -0.124512 -0.017028 0.021284 0.019156 34.799999 -50.400002 36.000000
-0.000977 0.979248 -0.125244 -0.015963 0.021284 0.018092 34.200001 -50.400002 36.000000
-0.001465 0.971680 -0.121582 -0.017028 0.022349 0.019156 34.500000 -48.900002 36.299999
0.004639 0.988770 -0.127197 -0.013835 0.022349 0.018092 33.900002 -50.099998 35.099998
0.001221 0.969238 -0.129150 -0.015963 0.022349 0.021284 33.299999 -49.500000 34.500000
0.002441 0.977783 -0.127441 -0.015963 0.022349 0.015963 32.700001 -48.900002 36.299999
-0.002197 0.977783 -0.117188 -0.017028 0.024477 0.020220 35.099998 -51.299999 35.099998
0.002441 0.971924 -0.123291 -0.014899 0.023413 0.018092 33.900002 -49.500000 35.700001
0.001953 0.981201 -0.129883 -0.014899 0.022349 0.020220 33.299999 -49.500000 36.299999
0.003906 0.980957 -0.119629 -0.015963 0.020220 0.018092 32.400002 -49.799999 34.200001
0.003906 0.976807 -0.124268 -0.013835 0.022349 0.020220 33.900002 -48.299999 35.700001
0.000488 0.985596 -0.119385 -0.012771 0.022349 0.015963 33.900002 -49.500000 35.700001
0.006348 0.979492 -0.130615 -0.012771 0.026606 0.018092 33.000000 -50.400002 35.400002
0.002197 0.976074 -0.124268 -0.017028 0.025541 0.021284 33.000000 -48.599998 34.799999
0.004150 0.982178 -0.128174 -0.015963 0.023413 0.018092 33.599998 -50.400002 34.799999
0.000732 0.979248 -0.130127 -0.013835 0.022349 0.020220 34.500000 -50.099998 35.700001
0.001709 0.981445 -0.122070 -0.014899 0.024477 0.018092 33.900002 -50.099998 34.500000
0.002930 0.984131 -0.124756 -0.015963 0.021284 0.020220 35.099998 -48.900002 36.299999
0.002686 0.981445 -0.136475 -0.017028 0.022349 0.020220 34.200001 -49.200001 35.400002
0.003418 0.978760 -0.131592 -0.014899 0.023413 0.019156 32.099998 -50.099998 35.700001
-0.003418 0.978760 -0.127197 -0.014899 0.023413 0.019156 33.900002 -50.099998 34.500000
0.010254 0.976318 -0.126221 -0.017028 0.022349 0.018092 33.299999 -50.099998 35.700001
-0.003174 0.979248 -0.124512 -0.015963 0.021284 0.018092 34.200001 -49.200001 36.000000
-0.001221 0.978516 -0.131836 -0.012771 0.023413 0.022349 33.900002 -48.900002 35.099998
0.006592 0.979248 -0.124512 -0.011706 0.024477 0.022349 33.299999 -49.500000 36.900002
0.005127 0.981445 -0.136719 -0.017028 0.022349 0.018092 34.500000 -50.099998 36.299999
0.004639 0.981934 -0.133301 -0.013835 0.020220 0.017028 33.599998 -51.000000 34.799999
-0.004395 0.977539 -0.130127 -0.012771 0.022349 0.017028 33.299999 -49.500000 35.099998
-0.000732 0.984619 -0.131836 -0.018092 0.022349 0.021284 33.599998 -49.799999 34.799999
0.003174 0.979492 -0.120117 -0.018092 0.023413 0.018092 32.700001 -50.099998 35.700001
0.002930 0.979980 -0.124756 -0.012771 0.023413 0.023413 32.700001 -50.700001 35.099998
0.001953 0.981689 -0.133057 -0.011706 0.020220 0.022349 32.700001 -48.900002 35.099998
0.001709 0.982666 -0.126709 0.040441 0.020220 0.020220 34.500000 -50.700001 36.299999
0.001709 0.979004 -0.138916 0.058532 0.022349 0.015963 33.599998 -49.799999 36.000000
0.003418 0.975830 -0.132812 0.046826 0.021284 0.017028 33.599998 -49.799999 35.400002
0.003174 0.977051 -0.129883 0.027670 0.022349 0.015963 33.299999 -50.099998 35.099998
0.003418 0.979980 -0.136719 0.043633 0.021284 0.017028 33.299999 -49.500000 35.700001
0.006592 0.971191 -0.134521 0.074496 0.023413 0.019156 33.299999 -50.099998 36.299999
0.000488 0.980469 -0.138916 0.129835 0.021284 0.018092 33.599998 -49.200001 36.000000
0.000732 0.973145 -0.149658 0.105358 0.021284 0.018092 33.900002 -48.299999 35.700001
0.003418 0.970703 -0.143066 0.111744 0.021284 0.018092 32.400002 -49.200001 36.599998
-0.001465 0.979248 -0.160156 0.119193 0.022349 0.015963 33.000000 -51.000000 37.799999
-0.000244 0.969727 -0.158936 0.125578 0.021284 0.018092 32.700001 -48.299999 35.700001
-0.000977 0.970947 -0.159668 0.081945 0.021284 0.014899 32.099998 -48.299999 36.299999
0.005859 0.972656 -0.176758 0.085138 0.020220 0.018092 34.200001 -48.599998 38.400002
0.004150 0.974609 -0.169678 0.086202 0.019156 0.018092 34.200001 -51.000000 36.599998
-0.001709 0.973877 -0.173096 0.054275 0.024477 0.019156 33.000000 -50.400002 37.200001
0.007080 0.970459 -0.182617 0.047890 0.020220 0.017028 33.900002 -50.700001 38.099998
-0.005371 0.972412 -0.185059 0.044697 0.021284 0.018092 32.400002 -51.000000 40.200001
0.004150 0.972168 -0.181885 0.027670 0.023413 0.015963 33.299999 -50.700001 38.099998
0.002197 0.970703 -0.184814 0.050019 0.022349 0.021284 32.400002 -49.799999 39.599998
0.007324 0.971924 -0.192139 0.074496 0.020220 0.020220 32.700001 -50.099998 38.099998
0.000732 0.965088 -0.190430 0.095780 0.020220 0.020220 32.099998 -50.700001 38.700001
0.001221 0.963867 -0.193115 0.120257 0.021284 0.018092 33.000000 -51.000000 38.400002
0.000244 0.965088 -0.205811 0.092588 0.020220 0.018092 33.299999 -49.500000 39.900002
0.003174 0.966553 -0.189697 0.107487 0.023413 0.014899 33.000000 -50.400002 39.000000
-0.000732 0.959717 -0.208984 0.068110 0.023413 0.014899 33.900002 -50.099998 39.299999
0.001465 0.961182 -0.212402 0.048954 0.022349 0.015963 33.000000 -49.799999 39.599998
-0.003174 0.964844 -0.221436 0.043633 0.022349 0.017028 32.400002 -51.000000 40.200001
0.001465 0.964355 -0.205322 0.067046 0.020220 0.017028 33.599998 -49.799999 39.000000
-0.001953 0.963135 -0.205322 0.062789 0.019156 0.018092 34.200001 -49.799999 39.000000
0.001953 0.962891 -0.207275 0.053211 0.021284 0.017028 34.200001 -49.799999 40.200001
0.004395 0.960693 -0.221680 0.051083 0.023413 0.018092 33.299999 -50.099998 39.299999
0.003418 0.965820 -0.222168 0.089395 0.021284 0.017028 33.900002 -50.099998 41.099998
0.000977 0.962646 -0.226807 0.067046 0.022349 0.020220 31.799999 -49.799999 41.400002
0.003906 0.960938 -0.229492 0.064918 0.022349 0.019156 32.400002 -49.200001 40.799999
-0.002686 0.955322 -0.231445 0.048954 0.022349 0.020220 34.500000 -49.500000 38.700001
0.005127 0.957275 -0.220947 0.073431 0.021284 0.018092 31.200001 -50.400002 39.000000
0.000732 0.956055 -0.237549 0.060661 0.021284 0.017028 33.000000 -49.799999 40.200001
0.000977 0.956787 -0.242188 0.079817 0.020220 0.014899 31.500000 -50.099998 40.500000
0.003662 0.957520 -0.240723 0.062789 0.022349 0.015963 32.400002 -51.000000 42.000000
0.000732 0.957520 -0.242920 0.061725 0.022349 0.019156 33.599998 -49.799999 39.599998
0.003662 0.954102 -0.239746 0.060661 0.022349 0.018092 31.799999 -49.200001 42.000000
-0.001709 0.952881 -0.250000 0.092588 0.021284 0.019156 33.000000 -50.400002 40.200001
0.003906 0.952148 -0.258301 0.083009 0.021284 0.014899 32.400002 -49.200001 41.400002
0.001709 0.959717 -0.250244 0.090459 0.022349 0.017028 31.200001 -49.799999 42.599998
-0.000488 0.949463 -0.265869 0.122386 0.023413 0.018092 33.000000 -49.799999 39.599998
-0.000244 0.948730 -0.274902 0.092588 0.022349 0.018092 33.000000 -50.400002 43.200001
-0.000977 0.946533 -0.268311 0.107487 0.020220 0.015963 34.200001 -51.000000 42.000000
-0.000244 0.948975 -0.276367 0.059597 0.023413 0.019156 33.599998 -49.799999 43.200001
0.006592 0.946045 -0.269287 0.077688 0.022349 0.019156 32.700001 -50.700001 41.700001
-0.006104 0.952393 -0.277588 0.047890 0.022349 0.015963 33.299999 -48.900002 41.700001
0.001953 0.944336 -0.281494 0.059597 0.021284 0.018092 33.299999 -49.500000 42.299999
0.005127 0.942383 -0.280762 0.024477 0.021284 0.018092 33.000000 -51.000000 42.000000
-0.003906 0.940674 -0.282471 0.031927 0.024477 0.019156 33.900002 -52.500000 41.700001
-0.000732 0.944580 -0.286133 0.024477 0.023413 0.018092 34.799999 -50.400002 43.200001
-0.001221 0.942627 -0.289307 0.041505 0.021284 0.018092 32.400002 -49.200001 43.200001
0.006348 0.946045 -0.280518 0.055340 0.019156 0.017028 33.599998 -49.799999 43.799999
-0.000244 0.939209 -0.281982 0.047890 0.024477 0.019156 35.099998 -51.299999 42.299999
-0.002686 0.937744 -0.283691 0.078753 0.021284 0.017028 32.700001 -49.500000 42.299999
-0.000732 0.936035 -0.301758 0.092588 0.020220 0.020220 33.000000 -49.799999 45.599998
-0.001465 0.947754 -0.313477 0.043633 0.022349 0.018092 33.599998 -48.599998 43.200001
0.000977 0.928467 -0.295898 0.069175 0.023413 0.015963 33.000000 -48.599998 44.400002
0.006592 0.935303 -0.299805 0.024477 0.022349 0.017028 32.700001 -49.500000 43.500000
-0.001953 0.937012 -0.299316 0.025541 0.023413 0.018092 32.700001 -51.299999 42.900002
0.004150 0.932861 -0.303467 0.041505 0.022349 0.018092 33.000000 -49.799999 43.200001
-0.001221 0.939209 -0.311035 0.014899 0.024477 0.018092 33.000000 -49.799999 44.400002
-0.001953 0.938965 -0.307861 0.054275 0.022349 0.014899 32.700001 -50.700001 44.700001
-0.000488 0.929932 -0.312256 0.043633 0.022349 0.018092 33.599998 -52.200001 42.599998
-0.007080 0.940674 -0.308105 0.056404 0.021284 0.020220 33.000000 -49.799999 43.200001
-0.004395 0.932129 -0.313477 0.144735 0.021284 0.018092 32.400002 -49.200001 44.400002
-0.000488 0.927246 -0.328369 0.107487 0.023413 0.018092 33.599998 -49.200001 44.400002
0.001709 0.934570 -0.323975 0.059597 0.022349 0.019156 33.900002 -48.900002 44.700001
-0.002686 0.931152 -0.317871 0.072367 0.020220 0.013835 33.599998 -49.200001 44.400002
-0.002197 0.925781 -0.326172 0.062789 0.023413 0.018092 31.500000 -48.900002 44.099998
0.005127 0.925537 -0.336426 0.076624 0.022349 0.019156 30.600000 -50.400002 45.000000
0.001221 0.927734 -0.339844 0.036184 0.024477 0.018092 33.000000 -49.799999 43.200001
-0.004883 0.922607 -0.333496 0.043633 0.022349 0.017028 33.900002 -49.500000 45.299999
0.003662 0.921631 -0.332275 0.060661 0.024477 0.018092 33.599998 -49.200001 46.200001
-0.002686 0.923340 -0.331055 0.050019 0.024477 0.017028 31.500000 -48.900002 45.900002
0.002686 0.919922 -0.344482 0.040441 0.021284 0.015963 32.700001 -48.299999 46.500000
-0.002930 0.931396 -0.346436 0.022349 0.021284 0.017028 32.700001 -50.700001 45.299999
0.001221 0.921631 -0.350586 0.014899 0.024477 0.018092 33.599998 -49.200001 46.799999
0.001221 0.920166 -0.348633 0.048954 0.021284 0.015963 32.400002 -50.400002 44.400002
0.002197 0.916260 -0.347900 0.058532 0.023413 0.018092 32.700001 -49.500000 45.900002
0.002930 0.921387 -0.348145 0.117065 0.022349 0.017028 32.700001 -50.099998 46.500000
-0.001953 0.917236 -0.350098 0.139413 0.020220 0.018092 35.400002 -49.200001 45.599998
0.005615 0.915527 -0.357910 0.112808 0.021284 0.015963 33.000000 -49.799999 46.200001
0.000488 0.908447 -0.355957 0.056404 0.022349 0.018092 31.799999 -49.200001 47.400002
0.000977 0.915283 -0.357666 0.054275 0.019156 0.018092 32.700001 -48.299999 46.500000
-0.000977 0.914307 -0.377930 0.012771 0.021284 0.021284 33.599998 -48.599998 47.400002
0.003174 0.910889 -0.368164 0.001064 0.022349 0.020220 33.299999 -50.099998 48.299999
-0.002686 0.911865 -0.373779 -0.006385 0.024477 0.019156 32.099998 -48.900002 47.099998
0.001709 0.911377 -0.377197 -0.023413 0.022349 0.017028 34.200001 -49.200001 46.799999
0.006592 0.911133 -0.374268 -0.023413 0.021284 0.017028 33.000000 -49.200001 46.799999
-0.000488 0.908936 -0.373291 -0.003193 0.021284 0.018092 32.400002 -49.799999 47.400002
0.000977 0.910645 -0.366943 0.001064 0.022349 0.021284 33.000000 -49.799999 46.200001
-0.004883 0.906982 -0.369141 0.007450 0.019156 0.019156 33.000000 -49.200001 47.400002
-0.001221 0.916016 -0.369141 -0.005321 0.024477 0.019156 31.799999 -50.400002 48.599998
0.005127 0.914062 -0.377686 -0.007450 0.023413 0.019156 31.500000 -48.900002 45.299999
-0.001465 0.908447 -0.383057 -0.002128 0.024477 0.020220 34.200001 -50.400002 46.799999
-0.000488 0.913818 -0.365723 -0.022349 0.024477 0.017028 33.599998 -51.599998 45.599998
-0.005371 0.906250 -0.369385 -0.023413 0.024477 0.019156 32.700001 -49.500000 47.099998
-0.005371 0.915283 -0.373535 -0.022349 0.023413 0.018092 33.000000 -49.799999 46.799999
-0.002441 0.905762 -0.369629 -0.022349 0.023413 0.018092 32.700001 -48.299999 47.099998
0.004883 0.917480 -0.370850 -0.018092 0.023413 0.020220 32.099998 -48.900002 46.500000
0.001953 0.910889 -0.363525 -0.012771 0.024477 0.019156 31.799999 -49.200001 45.599998
0.003418 0.908203 -0.374268 0.018092 0.022349 0.017028 31.500000 -49.500000 45.900002
-0.003662 0.906982 -0.372070 -0.001064 0.022349 0.018092 33.000000 -49.799999 45.599998
0.004150 0.916504 -0.374756 0.004257 0.022349 0.019156 33.299999 -48.900002 46.500000
-0.003174 0.913818 -0.378662 -0.008514 0.022349 0.015963 34.500000 -48.299999 45.900002
0.003418 0.911865 -0.381348 -0.027670 0.021284 0.020220 33.900002 -50.099998 46.500000
0.006592 0.909180 -0.379150 -0.014899 0.021284 0.018092 33.299999 -50.099998 45.900002
-0.006104 0.904541 -0.370117 -0.009578 0.023413 0.017028 33.299999 -48.299999 47.700001
0.002197 0.911865 -0.381348 -0.002128 0.024477 0.019156 33.900002 -48.299999 46.500000
-0.002686 0.906494 -0.389160 -0.032991 0.022349 0.020220 31.500000 -48.299999 45.900002
0.000977 0.909424 -0.370117 -0.017028 0.022349 0.020220 33.000000 -49.799999 46.200001
-0.000244 0.903809 -0.377686 -0.009578 0.023413 0.020220 33.599998 -50.400002 47.400002
0.003418 0.898438 -0.367920 -0.022349 0.020220 0.018092 31.500000 -48.299999 47.099998
0.001221 0.911377 -0.367188 -0.019156 0.022349 0.022349 33.900002 -49.500000 47.099998
-0.000732 0.914062 -0.375000 -0.018092 0.022349 0.020220 34.500000 -50.099998 46.500000
-0.003174 0.912598 -0.369873 -0.011706 0.025541 0.020220 33.599998 -50.400002 47.400002
0.001709 0.909912 -0.380615 -0.017028 0.022349 0.019156 33.599998 -49.799999 46.799999
-0.000732 0.911133 -0.369141 -0.015963 0.021284 0.019156 31.799999 -49.200001 45.599998
0.001953 0.906250 -0.376709 -0.010642 0.023413 0.020220 34.500000 -48.299999 47.700001
-0.003418 0.910889 -0.366943 -0.005321 0.022349 0.017028 34.500000 -50.099998 47.700001
-0.001221 0.908447 -0.377930 -0.019156 0.022349 0.017028 33.599998 -48.000000 46.799999
0.001953 0.910889 -0.369385 -0.014899 0.020220 0.017028 35.099998 -49.500000 47.700001
0.001465 0.909668 -0.370850 -0.015963 0.021284 0.019156 32.099998 -50.099998 45.900002
0.004395 0.908203 -0.370605 -0.014899 0.022349 0.020220 33.599998 -51.000000 47.400002
-0.001709 0.913330 -0.375732 -0.017028 0.023413 0.015963 32.400002 -49.200001 46.799999
-0.000977 0.908936 -0.385986 -0.019156 0.023413 0.018092 33.599998 -49.200001 46.799999
0.002441 0.911621 -0.369873 -0.024477 0.022349 0.018092 33.599998 -51.000000 46.799999
0.003662 0.904297 -0.385498 -0.017028 0.022349 0.021284 32.700001 -48.900002 46.500000
0.002930 0.916016 -0.373291 -0.009578 0.024477 0.017028 34.200001 -50.400002 46.200001
0.001465 0.908447 -0.373047 -0.002128 0.022349 0.018092 32.700001 -47.099998 46.500000
-0.004150 0.904785 -0.371094 -0.014899 0.021284 0.018092 32.099998 -48.900002 45.900002
0.003418 0.907471 -0.379639 -0.015963 0.019156 0.020220 33.299999 -48.900002 47.099998
0.001221 0.908936 -0.375000 -0.018092 0.023413 0.018092 32.700001 -48.900002 47.099998
0.001709 0.907715 -0.379639 -0.007450 0.021284 0.021284 32.400002 -50.400002 46.200001
0.005127 0.912598 -0.368652 -0.014899 0.022349 0.020220 32.700001 -50.099998 47.700001
0.004395 0.912842 -0.368652 -0.017028 0.022349 0.018092 31.500000 -50.700001 48.299999
-0.000732 0.919678 -0.379639 -0.014899 0.022349 0.017028 32.099998 -50.099998 46.500000
0.000000 0.916992 -0.371094 -0.007450 0.023413 0.019156 34.200001 -48.599998 45.599998
-0.002930 0.910889 -0.371582 -0.020220 0.023413 0.020220 33.000000 -49.799999 46.799999
0.000000 0.908447 -0.368408 -0.024477 0.021284 0.021284 34.200001 -49.200001 45.599998
-0.000488 0.908936 -0.369629 -0.011706 0.019156 0.017028 34.799999 -50.400002 45.000000
-0.003174 0.907227 -0.378174 -0.010642 0.024477 0.019156 35.700001 -50.099998 46.500000
0.000000 0.903076 -0.373779 -0.015963 0.022349 0.015963 33.299999 -48.900002 46.500000
0.000000 0.910400 -0.381592 -0.021284 0.020220 0.020220 33.299999 -48.900002 45.900002
0.002197 0.906250 -0.377930 -0.013835 0.023413 0.019156 32.700001 -48.299999 46.500000
0.002930 0.907715 -0.373047 -0.014899 0.021284 0.020220 33.000000 -48.000000 46.200001
-0.000977 0.904785 -0.377441 -0.013835 0.021284 0.017028 32.700001 -49.500000 46.500000
0.000977 0.911133 -0.380859 -0.021284 0.022349 0.019156 33.299999 -48.299999 45.299999
0.000977 0.914795 -0.368164 -0.012771 0.025541 0.019156 33.599998 -48.000000 46.799999
-0.000244 0.912598 -0.386719 -0.015963 0.024477 0.019156 34.799999 -49.799999 47.400002
0.000000 0.904785 -0.375000 -0.020220 0.022349 0.020220 32.700001 -50.099998 47.099998
-0.000244 0.909180 -0.371094 -0.014899 0.023413 0.020220 33.299999 -48.299999 46.500000
0.002686 0.907471 -0.375977 -0.022349 0.020220 0.019156 33.299999 -48.900002 47.099998
0.004395 0.914062 -0.370850 -0.011706 0.024477 0.020220 33.599998 -49.799999 46.799999
-0.004150 0.910156 -0.367676 -0.012771 0.022349 0.017028 33.900002 -49.500000 47.099998
-0.002197 0.912598 -0.371094 -0.020220 0.022349 0.018092 33.599998 -50.400002 45.599998
-0.004639 0.910156 -0.365723 -0.008514 0.024477 0.019156 33.000000 -49.200001 45.599998
0.008301 0.908691 -0.374756 -0.008514 0.022349 0.019156 31.799999 -48.000000 46.799999
0.003662 0.911377 -0.373779 -0.010642 0.023413 0.017028 33.599998 -48.599998 47.400002
0.000000 0.910400 -0.381104 -0.020220 0.022349 0.017028 33.900002 -50.099998 47.099998
0.003906 0.915039 -0.361328 -0.012771 0.022349 0.015963 32.700001 -50.700001 46.500000
-0.002197 0.912354 -0.373535 -0.013835 0.019156 0.018092 32.400002 -49.200001 47.400002
-0.002441 0.906982 -0.374512 -0.013835 0.025541 0.019156 32.400002 -49.799999 46.200001
-0.002441 0.910889 -0.378662 -0.007450 0.023413 0.018092 32.400002 -49.200001 46.200001
-0.003174 0.908936 -0.369873 -0.022349 0.023413 0.018092 32.099998 -50.099998 45.900002
-0.001709 0.910400 -0.379150 -0.008514 0.022349 0.017028 33.900002 -50.099998 47.099998
0.000732 0.912109 -0.382568 -0.006385 0.023413 0.017028 33.000000 -49.799999 46.799999
0.002441 0.912842 -0.374756 -0.019156 0.022349 0.018092 32.700001 -48.299999 47.099998
0.001709 0.914307 -0.371582 -0.015963 0.022349 0.020220 33.299999 -50.099998 47.700001
0.003662 0.906982 -0.370605 -0.023413 0.021284 0.017028 33.599998 -49.799999 45.599998
0.000732 0.907471 -0.376465 -0.010642 0.024477 0.020220 33.000000 -50.400002 45.599998
-0.003906 0.911865 -0.380127 -0.018092 0.023413 0.017028 31.799999 -49.799999 46.799999
0.003662 0.907471 -0.382568 -0.014899 0.024477 0.018092 33.000000 -48.599998 47.400002
0.001953 0.907227 -0.372070 -0.012771 0.022349 0.019156 33.000000 -49.799999 46.799999
-0.003906 0.910156 -0.377197 -0.013835 0.023413 0.018092 32.400002 -49.799999 46.799999
0.007080 0.910889 -0.372559 -0.008514 0.020220 0.019156 32.700001 -49.500000 47.099998
-0.001709 0.907715 -0.378418 -0.014899 0.021284 0.020220 33.299999 -48.299999 45.900002
-0.000977 0.912354 -0.377441 -0.015963 0.023413 0.018092 33.599998 -49.799999 46.200001
0.000000 0.908691 -0.375244 -0.007450 0.023413 0.017028 32.700001 -50.099998 47.099998
0.003662 0.910889 -0.381348 -0.020220 0.021284 0.018092 32.700001 -49.500000 47.700001
-0.004150 0.908447 -0.373047 -0.013835 0.023413 0.015963 32.400002 -51.000000 44.400002
0.005859 0.910400 -0.374023 -0.019156 0.023413 0.017028 32.400002 -48.599998 45.599998
-0.000977 0.904297 -0.370605 -0.010642 0.022349 0.021284 33.000000 -48.000000 48.000000
-0.002686 0.914062 -0.373779 0.000000 0.021284 0.018092 33.900002 -49.500000 45.299999
0.002930 0.905518 -0.371338 -0.012771 0.022349 0.019156 31.500000 -48.900002 47.700001
0.004395 0.903320 -0.376709 -0.006385 0.022349 0.017028 34.500000 -50.099998 46.500000
-0.002441 0.913086 -0.369385 0.018092 0.022349 0.017028 33.900002 -48.299999 47.099998
-0.001709 0.908203 -0.387695 -0.014899 0.023413 0.017028 32.700001 -48.900002 46.500000
0.000244 0.907715 -0.372803 -0.018092 0.020220 0.019156 33.000000 -48.000000 46.799999
0.003418 0.907471 -0.369629 -0.023413 0.023413 0.015963 34.500000 -49.500000 47.099998
-0.000244 0.914551 -0.366455 -0.019156 0.022349 0.021284 31.799999 -49.799999 47.400002
0.002441 0.915283 -0.374023 -0.015963 0.022349 0.017028 33.599998 -49.200001 44.400002
-0.001953 0.900635 -0.374756 -0.011706 0.021284 0.021284 32.700001 -49.500000 47.099998
0.001709 0.911621 -0.379150 -0.009578 0.023413 0.017028 33.000000 -49.799999 46.200001
0.000000 0.911377 -0.375488 -0.012771 0.023413 0.018092 32.700001 -47.700001 45.900002
-0.001465 0.907227 -0.371582 -0.009578 0.019156 0.018092 33.299999 -48.900002 48.299999
0.000977 0.903564 -0.378906 -0.023413 0.023413 0.015963 32.099998 -50.099998 47.099998
0.000977 0.913086 -0.378418 -0.018092 0.023413 0.018092 33.000000 -48.599998 46.799999
0.001465 0.907959 -0.374023 -0.015963 0.021284 0.019156 32.400002 -49.799999 47.400002
-0.001221 0.904785 -0.370117 -0.013835 0.022349 0.018092 33.599998 -49.200001 46.799999
-0.001953 0.913574 -0.362549 -0.019156 0.023413 0.018092 33.599998 -49.200001 48.599998
-0.005371 0.912842 -0.379639 -0.019156 0.021284 0.020220 32.700001 -48.299999 46.500000
0.006592 0.908691 -0.376465 -0.005321 0.021284 0.018092 31.500000 -48.900002 45.900002
0.003662 0.909668 -0.366211 -0.014899 0.023413 0.018092 33.599998 -48.599998 46.799999
-0.004395 0.899902 -0.371582 -0.014899 0.024477 0.020220 33.000000 -49.799999 48.000000
-0.006836 0.907471 -0.371338 -0.023413 0.022349 0.022349 33.299999 -47.700001 47.700001
0.002441 0.913086 -0.370850 -0.011706 0.023413 0.017028 32.400002 -49.200001 46.799999
-0.000488 0.908936 -0.376953 -0.015963 0.023413 0.015963 32.700001 -49.500000 45.900002
-0.000732 0.912109 -0.370850 -0.012771 0.021284 0.018092 31.799999 -48.599998 46.200001
0.002686 0.909424 -0.374756 -0.013835 0.023413 0.018092 33.000000 -48.000000 48.000000
0.009766 0.907959 -0.369873 -0.012771 0.023413 0.018092 32.099998 -50.099998 48.299999
0.001953 0.907715 -0.377441 -0.010642 0.023413 0.018092 33.000000 -49.200001 46.200001
-0.000977 0.903076 -0.376709 -0.011706 0.022349 0.018092 33.000000 -49.200001 47.400002
-0.002197 0.905029 -0.373047 -0.018092 0.022349 0.017028 33.000000 -49.799999 46.799999
-0.002441 0.907227 -0.372559 -0.019156 0.021284 0.019156 32.700001 -48.900002 45.900002
-0.002930 0.905762 -0.377441 -0.019156 0.020220 0.019156 33.000000 -48.000000 45.599998
-0.002441 0.905029 -0.374023 -0.018092 0.024477 0.017028 33.299999 -51.299999 48.299999
0.004150 0.905518 -0.376221 -0.014899 0.023413 0.017028 33.599998 -50.400002 46.200001
0.003174 0.906494 -0.375488 -0.014899 0.022349 0.020220 33.599998 -48.000000 46.799999
-0.000732 0.914795 -0.364746 -0.018092 0.024477 0.019156 32.700001 -48.900002 45.900002
-0.002441 0.909424 -0.385498 -0.019156 0.021284 0.017028 31.799999 -48.599998 46.799999
0.000244 0.914307 -0.375488 -0.019156 0.020220 0.020220 33.599998 -48.000000 46.799999
-0.002686 0.913086 -0.364746 -0.026606 0.019156 0.019156 33.000000 -49.200001 46.799999
0.003418 0.907959 -0.373779 -0.015963 0.020220 0.020220 33.299999 -48.900002 47.099998
-0.002441 0.908936 -0.369141 -0.013835 0.019156 0.021284 33.000000 -49.200001 47.400002
-0.003174 0.909180 -0.369385 -0.023413 0.023413 0.017028 35.099998 -48.900002 47.700001
0.003174 0.901855 -0.371582 -0.021284 0.021284 0.020220 33.599998 -48.000000 46.200001
0.001465 0.907959 -0.380615 -0.020220 0.019156 0.019156 33.599998 -48.000000 46.799999
-0.000977 0.908203 -0.372559 -0.012771 0.022349 0.015963 33.900002 -49.500000 47.099998
-0.004639 0.907227 -0.375244 -0.017028 0.022349 0.015963 33.299999 -48.299999 46.500000
0.000732 0.911621 -0.365234 -0.015963 0.022349 0.020220 33.599998 -48.599998 46.799999
0.002197 0.910156 -0.366699 -0.009578 0.024477 0.018092 33.299999 -50.099998 47.099998
0.007568 0.907959 -0.378174 -0.012771 0.021284 0.020220 34.799999 -48.000000 46.200001
-0.005859 0.908936 -0.375488 -0.020220 0.022349 0.018092 33.599998 -49.200001 46.799999
0.000488 0.913086 -0.385742 -0.017028 0.025541 0.017028 33.900002 -50.099998 46.500000
0.002686 0.914795 -0.362061 -0.008514 0.023413 0.018092 34.500000 -50.700001 47.099998
