0.000000 0.000000 709668970904305260835110912.000000 0.000000 0.000000 0.000000 0.000000 152219415605309079552000.000000 302096580608.000000
0.007568 -0.014893 1.018066 -0.007450 0.006385 0.052147 -9.600000 27.000000 -5.400000
0.017578 -0.010010 1.024414 -0.008514 0.001064 0.053211 -10.800000 27.600000 -7.200000
0.014404 -0.008301 1.023926 -0.015963 0.002128 0.043633 -9.900000 26.700001 -8.100000
0.010498 -0.016357 1.024170 -0.004257 0.008514 0.037248 -10.500000 25.500000 -7.500000
0.019531 -0.011963 1.019043 -0.011706 0.020220 0.030863 -10.800000 27.600000 -6.000000
0.018311 -0.013672 1.022217 -0.015963 0.022349 0.026606 -8.700000 28.500000 -6.900000
0.007080 -0.011719 1.023438 -0.011706 0.022349 0.017028 -10.200000 27.000000 -7.800000
0.012695 -0.020752 1.023682 -0.018092 0.014899 0.014899 -9.300000 27.299999 -6.300000
0.014648 -0.014404 1.018799 -0.020220 0.023413 0.017028 -9.600000 26.400000 -8.400000
0.008545 -0.017090 1.017822 -0.010642 0.011706 0.010642 -10.800000 26.400000 -5.400000
0.015137 -0.014160 1.025391 -0.006385 0.015963 0.022349 -10.200000 27.000000 -7.200000
0.011963 -0.013672 1.024658 -0.017028 0.020220 0.031927 -8.400000 26.400000 -6.600000
0.006836 -0.011475 1.015625 -0.010642 0.007450 0.039376 -10.200000 25.200001 -6.000000
0.016113 -0.020752 1.024658 0.003193 0.012771 0.040441 -9.600000 27.600000 -6.600000
0.012939 -0.012451 1.029297 0.000000 0.020220 0.039376 -9.300000 26.700001 -7.500000
0.013428 -0.007324 1.025391 -0.008514 0.020220 0.034055 -9.600000 25.799999 -6.600000
0.017822 -0.009766 1.028564 -0.012771 0.021284 0.031927 -9.300000 27.299999 -8.700000
0.010742 -0.019287 1.018066 -0.010642 0.017028 0.034055 -9.900000 27.299999 -8.700000
0.014893 -0.011230 1.017578 0.003193 0.014899 0.030863 -10.500000 29.100000 -7.500000
0.017090 -0.010254 1.011719 -0.003193 0.006385 0.019156 -8.100000 26.700001 -9.300000
0.018799 -0.006348 1.023438 -0.013835 0.022349 0.020220 -9.900000 25.500000 -8.100000
0.012695 -0.018066 1.023926 -0.008514 0.020220 0.036184 -10.200000 26.400000 -7.200000
0.016846 -0.020996 1.016602 0.002128 0.013835 0.067046 -9.900000 27.299999 -8.100000
0.010498 -0.016846 1.016602 0.002128 0.005321 0.072367 -9.300000 26.700001 -8.700000
0.015869 -0.008057 1.024902 0.000000 -0.004257 0.065982 -9.600000 26.400000 -4.800000
0.014160 -0.012451 1.023926 0.001064 -0.005321 0.077688 -10.500000 27.299999 -6.900000
0.013916 -0.010254 1.012451 -0.004257 -0.019156 0.090459 -10.200000 24.600000 -7.800000
0.024170 -0.002197 1.036133 -0.003193 -0.017028 0.067046 -11.400000 26.400000 -8.400000
0.017578 -0.008301 1.029541 -0.015963 0.002128 0.058532 -10.500000 27.299999 -7.500000
0.027588 -0.011719 1.025391 0.000000 -0.002128 0.041505 -9.600000 26.400000 -8.400000
0.025879 0.008545 1.026855 -0.022349 0.004257 0.024477 -9.600000 27.000000 -8.400000
0.022461 -0.011475 1.024414 -0.009578 0.023413 -0.002128 -9.900000 26.700001 -6.900000
0.023193 -0.001709 1.031250 -0.024477 0.030863 -0.003193 -10.200000 27.600000 -8.400000
0.025879 -0.007568 1.018311 -0.021284 0.005321 0.017028 -8.700000 27.900000 -6.300000
0.023682 -0.007568 1.017578 -0.007450 0.010642 0.006385 -9.000000 25.799999 -7.800000
0.021240 -0.009766 1.015625 -0.020220 0.013835 0.031927 -10.200000 27.000000 -9.000000
0.020996 -0.010254 1.022461 -0.008514 0.006385 0.035119 -10.500000 27.299999 -8.100000
0.023438 -0.009766 1.027344 -0.006385 0.008514 0.042569 -10.800000 27.000000 -6.600000
0.022217 -0.007080 1.019287 -0.005321 -0.001064 0.056404 -10.800000 25.799999 -7.200000
0.035156 -0.014404 1.029785 0.029798 -0.001064 0.042569 -9.600000 25.200001 -8.400000
0.023926 -0.001953 1.030029 0.000000 0.014899 0.051083 -9.000000 26.400000 -8.400000
0.025146 0.000732 1.024658 -0.008514 0.015963 0.048954 -10.200000 26.400000 -7.200000
0.024170 0.001465 1.020996 -0.012771 0.008514 0.058532 -9.900000 27.299999 -7.500000
0.031006 -0.011719 1.024902 -0.003193 0.006385 0.071303 -10.500000 26.100000 -7.500000
0.040283 -0.009277 1.025146 0.000000 0.021284 0.047890 -7.500000 27.299999 -7.500000
0.024414 -0.005859 1.012939 -0.009578 0.005321 0.055340 -9.600000 28.200001 -7.200000
0.029785 0.000488 1.036133 -0.010642 0.024477 0.037248 -9.900000 26.100000 -6.900000
0.036865 -0.012207 1.024902 -0.004257 0.030863 0.040441 -8.700000 25.500000 -9.300000
0.031250 -0.002930 1.023438 -0.004257 0.032991 0.043633 -9.300000 26.700001 -5.700000
0.028320 0.000244 1.021729 0.005321 0.030863 0.024477 -11.100000 27.299999 -6.300000
0.024658 -0.002930 1.017822 -0.006385 0.027670 0.025541 -9.000000 27.600000 -7.200000
0.025635 -0.002930 1.015625 -0.015963 0.020220 0.031927 -8.400000 25.200001 -6.600000
0.027344 -0.009033 1.020752 -0.007450 0.006385 0.039376 -9.900000 26.700001 -8.100000
0.035645 -0.005859 1.025879 -0.011706 0.021284 0.032991 -9.000000 26.400000 -7.200000
0.029053 0.000977 1.018311 -0.026606 0.015963 0.041505 -9.300000 26.700001 -6.300000
0.030762 -0.006104 1.024902 -0.008514 0.013835 0.054275 -10.800000 27.000000 -6.600000
0.027344 0.000977 1.017822 -0.012771 0.025541 0.054275 -8.400000 26.400000 -6.600000
0.028076 -0.002686 1.027588 -0.010642 0.024477 0.053211 -10.500000 26.700001 -8.700000
0.034912 -0.002441 1.031982 -0.010642 0.026606 0.063853 -8.400000 25.200001 -6.600000
0.029297 -0.007568 1.029053 -0.009578 0.022349 0.063853 -9.300000 26.700001 -6.900000
0.033936 -0.002197 1.014893 -0.004257 0.013835 0.061725 -7.800000 25.200001 -8.400000
0.023438 -0.004150 1.025879 -0.009578 0.021284 0.072367 -9.000000 28.799999 -7.800000
0.025146 -0.003174 1.020996 -0.021284 0.011706 0.073431 -9.600000 25.799999 -7.800000
0.031738 -0.000732 1.024414 -0.003193 0.015963 0.064918 -7.200000 26.400000 -8.400000
0.025879 -0.002197 1.020508 -0.004257 0.006385 0.065982 -8.400000 25.799999 -7.800000
0.028564 -0.006592 1.018311 -0.002128 0.018092 0.041505 -9.900000 27.900000 -6.300000
0.029785 0.000488 1.022705 -0.013835 0.024477 0.041505 -8.700000 27.299999 -6.900000
0.027832 -0.004639 1.023193 -0.012771 0.025541 0.034055 -9.000000 26.400000 -7.800000
0.029053 -0.006836 1.022217 -0.008514 0.019156 0.041505 -8.100000 27.900000 -8.100000
0.031494 0.001221 1.032715 -0.017028 0.031927 0.030863 -9.300000 27.299999 -6.900000
0.033203 -0.003174 1.012939 -0.012771 0.027670 0.043633 -9.600000 29.400000 -6.600000
0.030273 0.003174 1.028564 -0.023413 0.043633 0.034055 -8.700000 26.700001 -6.300000
0.028564 -0.006836 1.028564 -0.021284 0.038312 0.047890 -10.200000 27.000000 -7.200000
0.026367 -0.007080 1.029297 -0.020220 0.038312 0.057468 -8.400000 27.600000 -6.600000
0.025391 -0.011230 1.024414 -0.017028 0.030863 0.065982 -9.300000 26.700001 -5.700000
0.022461 0.000000 1.026855 -0.020220 0.034055 0.072367 -9.600000 27.000000 -8.400000
0.026855 0.000244 1.020996 -0.021284 0.028734 0.076624 -8.400000 28.200001 -7.800000
0.026855 -0.005371 1.017578 -0.007450 0.011706 0.081945 -7.800000 27.600000 -6.600000
0.026855 0.000977 1.024414 -0.007450 0.021284 0.069175 -8.400000 27.600000 -7.200000
0.031494 -0.001709 1.032715 -0.010642 0.025541 0.062789 -6.600000 27.000000 -7.200000
0.026855 -0.005615 1.021973 -0.012771 0.027670 0.058532 -9.300000 26.700001 -6.900000
0.020996 -0.009033 1.026855 -0.012771 0.019156 0.053211 -8.100000 27.900000 -8.700000
0.034668 0.004150 1.021240 -0.014899 0.023413 0.050019 -8.100000 26.700001 -6.300000
0.028564 -0.003418 1.016357 -0.013835 0.022349 0.039376 -9.000000 26.400000 -6.000000
0.022949 -0.007080 1.031250 -0.013835 0.021284 0.050019 -7.800000 25.799999 -7.200000
0.034180 0.009521 1.027100 -0.022349 0.035119 0.040441 -9.900000 27.900000 -6.300000
0.019775 -0.004150 1.025879 -0.017028 0.023413 0.050019 -7.200000 25.799999 -6.600000
0.034424 0.001953 1.031738 -0.012771 0.026606 0.052147 -8.100000 26.700001 -6.900000
0.027832 0.001709 1.018066 -0.014899 0.025541 0.058532 -9.000000 27.000000 -8.400000
0.025391 0.005371 1.025879 -0.021284 0.027670 0.053211 -8.100000 26.700001 -7.500000
0.025146 -0.001709 1.024170 -0.021284 0.029798 0.054275 -6.900000 27.299999 -6.900000
0.025391 -0.001465 1.032471 -0.023413 0.035119 0.067046 -8.100000 29.100000 -7.500000
0.025879 -0.001709 1.020508 -0.025541 0.043633 0.074496 -8.100000 27.299999 -7.500000
0.024414 -0.002930 1.029053 -0.027670 0.040441 0.064918 -8.100000 28.500000 -6.900000
0.019775 -0.002686 1.021484 -0.025541 0.036184 0.068110 -6.600000 26.400000 -6.600000
0.027344 -0.000977 1.015137 -0.020220 0.031927 0.067046 -9.000000 29.400000 -6.600000
0.021240 0.000000 1.025146 -0.015963 0.026606 0.063853 -6.600000 25.799999 -8.400000
0.025391 0.006348 1.020264 -0.017028 0.027670 0.057468 -7.500000 27.900000 -7.500000
0.022217 -0.003662 1.021240 -0.017028 0.025541 0.053211 -7.800000 27.600000 -7.800000
0.019043 -0.011230 1.024902 -0.008514 0.015963 0.065982 -7.500000 27.299999 -7.500000
0.023193 -0.002930 1.021484 -0.014899 0.014899 0.071303 -7.800000 28.799999 -8.400000
0.020508 -0.004639 1.019043 -0.018092 0.020220 0.071303 -5.400000 26.400000 -8.400000
0.017090 -0.001953 1.027588 -0.014899 0.017028 0.078753 -6.000000 28.200001 -6.600000
0.023682 -0.008545 1.025391 -0.010642 0.023413 0.081945 -6.300000 29.100000 -8.100000
0.026367 -0.005859 1.026611 -0.009578 0.030863 0.092588 -9.000000 28.799999 -6.600000
0.020996 -0.007080 1.025146 -0.017028 0.026606 0.093652 -6.600000 25.799999 -6.600000
0.021484 -0.009766 1.019287 -0.012771 0.018092 0.094716 -6.600000 28.200001 -7.800000
0.027588 0.000244 1.023193 -0.006385 0.020220 0.081945 -6.900000 27.299999 -8.100000
0.020752 -0.006104 1.015381 -0.009578 0.013835 0.085138 -6.900000 30.299999 -6.900000
0.029785 0.008301 1.028809 -0.021284 0.032991 0.076624 -6.300000 28.500000 -8.100000
0.022461 -0.002930 1.025635 -0.026606 0.035119 0.061725 -7.200000 26.400000 -8.400000
0.018555 -0.003906 1.015381 -0.015963 0.031927 0.055340 -6.000000 30.000000 -7.200000
0.024170 -0.005371 1.031494 -0.012771 0.029798 0.055340 -6.000000 28.799999 -7.200000
0.018311 -0.000244 1.022461 -0.014899 0.028734 0.052147 -5.700000 27.900000 -7.500000
0.021240 0.004150 1.027832 -0.017028 0.029798 0.047890 -8.400000 29.400000 -8.400000
0.022949 -0.009766 1.014404 -0.018092 0.023413 0.050019 -7.500000 27.299999 -7.500000
0.018311 -0.005127 1.019287 -0.004257 0.015963 0.063853 -6.900000 27.900000 -6.900000
0.019043 0.000977 1.018311 -0.018092 0.029798 0.061725 -7.200000 27.600000 -8.400000
0.015625 -0.009521 1.026611 -0.006385 0.018092 0.069175 -7.200000 28.200001 -7.800000
0.026611 -0.002197 1.023193 -0.011706 0.019156 0.067046 -6.900000 29.100000 -6.300000
0.020752 -0.006592 1.020752 -0.015963 0.031927 0.073431 -5.700000 30.299999 -6.900000
0.018555 0.001465 1.015137 -0.020220 0.037248 0.073431 -7.500000 29.100000 -6.300000
0.027100 -0.005615 1.025879 -0.021284 0.044697 0.067046 -5.700000 27.299999 -5.700000
0.018555 -0.007080 1.022949 -0.020220 0.035119 0.060661 -6.000000 27.600000 -6.000000
0.021729 -0.006836 1.022461 -0.020220 0.032991 0.057468 -7.200000 27.600000 -7.800000
0.025391 0.000000 1.025879 -0.023413 0.035119 0.053211 -5.100000 27.299999 -7.500000
0.013428 -0.013184 1.020020 -0.017028 0.026606 0.050019 -7.500000 29.100000 -6.900000
0.019531 -0.010010 1.021973 -0.009578 0.013835 0.058532 -6.300000 30.299999 -8.100000
0.026611 -0.006348 1.013428 -0.007450 0.021284 0.058532 -6.000000 28.799999 -6.600000
0.022949 -0.006592 1.022217 -0.018092 0.028734 0.057468 -7.200000 27.600000 -6.600000
0.021484 -0.011475 1.020996 -0.019156 0.023413 0.063853 -6.600000 28.200001 -6.600000
0.025146 -0.003174 1.022217 -0.009578 0.018092 0.058532 -7.500000 29.100000 -6.300000
0.015625 -0.013184 1.017578 -0.011706 0.018092 0.062789 -4.800000 28.799999 -7.800000
0.026123 -0.008545 1.025391 -0.019156 0.031927 0.084074 -6.000000 28.200001 -7.800000
0.016357 -0.003662 1.026367 -0.022349 0.037248 0.085138 -6.300000 29.700001 -7.500000
0.016602 -0.007568 1.025391 -0.022349 0.030863 0.089395 -3.600000 29.400000 -6.000000
0.012207 -0.007812 1.028564 -0.014899 0.035119 0.084074 -5.100000 28.500000 -6.900000
0.011475 -0.012939 1.024902 -0.020220 0.037248 0.074496 -4.800000 26.400000 -7.200000
0.016357 -0.009033 1.034180 -0.017028 0.034055 0.076624 -4.800000 29.400000 -7.200000
0.010986 -0.009766 1.034424 -0.022349 0.030863 0.071303 -4.800000 30.000000 -7.800000
0.008301 -0.014160 1.023926 -0.019156 0.023413 0.077688 -4.500000 29.700001 -8.100000
0.012939 -0.012451 1.026855 -0.011706 0.017028 0.078753 -5.700000 29.700001 -6.900000
0.019775 -0.014893 1.027588 -0.013835 0.023413 0.074496 -5.700000 28.500000 -6.900000
0.010986 -0.005859 1.019775 -0.017028 0.024477 0.068110 -4.800000 28.200001 -7.200000
0.020508 -0.010742 1.021484 -0.010642 0.022349 0.065982 -3.300000 27.900000 -6.300000
0.018555 -0.007568 1.012451 -0.015963 0.028734 0.060661 -4.200000 28.799999 -7.200000
0.013428 -0.015137 1.019287 -0.021284 0.025541 0.067046 -4.800000 27.600000 -8.400000
0.020752 -0.012451 1.024902 -0.017028 0.023413 0.076624 -4.200000 28.200001 -7.200000
0.010254 -0.004150 1.027832 -0.012771 0.022349 0.074496 -4.200000 27.600000 -6.000000
0.017578 -0.009033 1.018066 -0.008514 0.020220 0.063853 -4.500000 28.500000 -5.700000
0.013672 -0.011963 1.030029 -0.011706 0.020220 0.076624 -5.400000 29.400000 -7.200000
0.014648 -0.009766 1.025635 -0.015963 0.023413 0.072367 -4.800000 28.799999 -7.200000
0.012939 -0.013916 1.021240 -0.021284 0.027670 0.073431 -3.000000 30.600000 -7.200000
0.021240 -0.009766 1.021484 -0.018092 0.031927 0.076624 -4.200000 30.000000 -9.000000
0.020264 -0.003906 1.022461 -0.020220 0.041505 0.069175 -4.200000 28.799999 -6.600000
0.016846 -0.018066 1.031250 -0.021284 0.026606 0.078753 -3.900000 28.500000 -7.500000
0.018066 -0.012207 1.011963 -0.010642 0.018092 0.076624 -3.900000 28.500000 -7.500000
0.009277 -0.009766 1.023193 -0.015963 0.022349 0.070239 -3.300000 29.100000 -6.300000
0.019287 -0.008789 1.027832 -0.020220 0.030863 0.076624 -3.900000 29.700001 -6.300000
0.012939 -0.003662 1.027100 -0.021284 0.034055 0.075560 -4.500000 29.100000 -7.500000
0.010010 -0.008789 1.016846 -0.019156 0.031927 0.076624 -4.500000 27.900000 -8.100000
0.015137 -0.017578 1.022461 -0.017028 0.022349 0.098973 -3.000000 29.400000 -5.400000
0.010010 -0.011719 1.026123 -0.011706 0.021284 0.112808 -2.100000 29.100000 -7.500000
0.012207 -0.004395 1.014160 -0.013835 0.026606 0.096844 -3.000000 29.400000 -6.600000
0.015137 -0.011230 1.016846 -0.015963 0.025541 0.085138 -4.500000 29.700001 -8.100000
0.010498 -0.008301 1.021484 -0.010642 0.023413 0.078753 -4.200000 30.000000 -6.000000
0.010498 -0.010742 1.027344 -0.015963 0.028734 0.074496 -4.500000 27.900000 -7.500000
0.013916 -0.012451 1.018066 -0.022349 0.031927 0.071303 -1.800000 29.400000 -8.400000
0.013672 -0.005615 1.035889 -0.017028 0.025541 0.062789 -1.500000 30.299999 -6.900000
0.011719 -0.012695 1.027100 -0.013835 0.026606 0.063853 -3.300000 29.100000 -6.900000
0.015137 -0.009033 1.024170 -0.015963 0.027670 0.069175 -2.100000 27.900000 -9.300000
0.010498 -0.005859 1.031250 -0.017028 0.026606 0.064918 -3.300000 28.500000 -6.900000
0.017822 -0.013428 1.030762 -0.017028 0.021284 0.064918 -4.200000 30.000000 -6.000000
0.007812 -0.017090 1.029053 -0.012771 0.017028 0.073431 -2.700000 28.500000 -7.500000
0.017822 -0.005859 1.033203 -0.015963 0.022349 0.072367 -1.500000 30.299999 -6.900000
0.010742 -0.011230 1.023438 -0.019156 0.020220 0.087266 -2.400000 27.600000 -6.000000
0.011963 -0.020020 1.028564 -0.011706 0.020220 0.088331 -2.700000 30.900000 -6.900000
0.003418 -0.011475 1.020020 -0.012771 0.019156 0.090459 -3.600000 29.400000 -7.800000
0.008057 -0.002197 1.019775 -0.004257 0.012771 0.089395 -3.300000 30.299999 -6.900000
0.016113 -0.007324 1.010498 -0.009578 0.019156 0.088331 -1.800000 29.400000 -6.000000
0.011719 -0.007812 1.028320 -0.004257 0.015963 0.073431 -1.800000 28.799999 -7.200000
0.013184 -0.016113 1.022461 -0.003193 0.021284 0.084074 -1.800000 30.000000 -7.800000
0.014160 -0.004639 1.018311 -0.017028 0.029798 0.085138 -3.000000 30.600000 -7.200000
0.011230 -0.008057 1.025635 -0.018092 0.025541 0.085138 -2.700000 29.100000 -6.900000
0.016113 -0.011230 1.023682 -0.008514 0.012771 0.081945 -0.600000 28.200001 -6.600000
0.013428 -0.004883 1.017090 -0.014899 0.020220 0.079817 -1.800000 30.000000 -7.200000
0.009766 -0.005371 1.025391 -0.012771 0.019156 0.081945 -1.500000 29.700001 -7.500000
0.020020 -0.008789 1.028076 -0.021284 0.026606 0.069175 -0.900000 29.700001 -7.500000
0.023193 -0.010742 1.023438 -0.022349 0.029798 0.067046 -0.300000 30.299999 -7.500000
0.015381 -0.009766 1.025146 -0.017028 0.039376 0.057468 -1.500000 28.500000 -6.900000
0.009277 -0.005859 1.025879 -0.021284 0.030863 0.047890 -0.900000 29.700001 -7.500000
0.015869 -0.005859 1.025635 -0.012771 0.017028 0.043633 -2.400000 27.000000 -7.200000
0.014160 -0.020752 1.020996 -0.011706 0.021284 0.036184 -0.900000 29.100000 -7.500000
0.015381 -0.012939 1.024170 -0.013835 0.020220 0.034055 -1.200000 30.000000 -8.400000
0.009277 -0.009277 1.039795 -0.015963 0.023413 0.044697 -0.900000 29.700001 -6.300000
0.014404 -0.010254 1.019287 -0.013835 0.024477 0.040441 -1.500000 29.100000 -5.700000
0.011963 -0.014160 1.014893 -0.017028 0.015963 0.040441 -1.500000 29.100000 -7.500000
0.011963 -0.007568 1.019531 -0.010642 0.021284 0.038312 -2.400000 31.200001 -7.800000
0.010742 -0.002930 1.017334 -0.014899 0.029798 0.037248 -1.800000 30.600000 -7.200000
0.010986 -0.009033 1.033203 -0.015963 0.030863 0.035119 0.000000 28.799999 -6.000000
0.015137 -0.011230 1.015137 -0.017028 0.020220 0.030863 -1.200000 30.000000 -6.600000
0.014648 -0.018311 1.025146 -0.012771 0.020220 0.025541 -1.200000 30.600000 -6.600000
0.004150 -0.006348 1.016113 -0.011706 0.015963 0.028734 -0.900000 29.700001 -8.100000
0.013428 -0.010254 1.022949 -0.008514 0.014899 0.013835 0.000000 31.200001 -7.200000
0.015869 -0.008789 1.022461 -0.001064 0.001064 0.015963 -2.400000 29.400000 -9.000000
0.020020 -0.009521 1.040039 -0.013835 0.018092 0.015963 0.600000 30.000000 -7.200000
0.012695 -0.006104 1.019531 -0.019156 0.021284 0.015963 -1.200000 29.400000 -7.800000
0.016602 -0.007568 1.025879 -0.014899 0.023413 0.010642 -1.500000 30.299999 -7.500000
0.015625 -0.013916 1.021484 -0.008514 0.019156 0.017028 -1.800000 30.000000 -6.000000
0.014648 -0.004639 1.011475 -0.015963 0.028734 0.014899 -0.300000 30.299999 -9.300000
0.018555 -0.001221 1.021973 -0.014899 0.027670 0.008514 -1.200000 28.799999 -6.600000
0.016602 -0.013428 1.020020 -0.010642 0.020220 0.011706 -1.200000 30.600000 -9.000000
0.016602 -0.007080 1.027832 -0.017028 0.026606 0.023413 -2.100000 30.900000 -8.100000
0.010742 -0.002197 1.019287 -0.013835 0.028734 0.015963 -2.400000 30.000000 -6.600000
0.014648 -0.001953 1.020020 -0.022349 0.022349 0.019156 -2.400000 30.000000 -6.000000
0.006104 -0.013672 1.023438 -0.018092 0.021284 0.024477 -1.500000 29.700001 -6.900000
0.015381 -0.012939 1.033691 -0.018092 0.029798 0.020220 -2.100000 29.100000 -6.900000
0.015869 -0.006592 1.022949 -0.017028 0.027670 0.020220 -0.900000 29.100000 -8.700000
0.007812 -0.010254 1.015381 -0.010642 0.018092 0.024477 -0.900000 29.100000 -8.700000
0.011963 -0.012939 1.028564 -0.013835 0.021284 0.024477 -0.900000 27.299999 -6.300000
0.021484 -0.006592 1.023193 -0.012771 0.022349 0.023413 -1.800000 30.000000 -6.600000
0.014404 -0.015625 1.025391 -0.015963 0.023413 0.025541 -0.600000 28.200001 -7.800000
0.016113 -0.012939 1.026367 -0.013835 0.018092 0.027670 -0.300000 30.299999 -6.900000
0.018066 -0.013672 1.025879 -0.010642 0.020220 0.021284 -2.400000 30.000000 -7.200000
0.010254 -0.016846 1.021240 -0.013835 0.024477 0.019156 -0.900000 29.700001 -6.900000
0.010742 -0.007812 1.020752 -0.019156 0.025541 0.026606 -1.200000 31.799999 -6.600000
0.014404 -0.008301 1.030029 -0.020220 0.029798 0.019156 -1.200000 29.400000 -8.400000
0.011230 -0.017822 1.022949 -0.017028 0.024477 0.019156 -2.400000 28.799999 -6.600000
0.012939 -0.010498 1.021729 -0.010642 0.019156 0.017028 0.900000 29.100000 -5.700000
0.012695 -0.016113 1.018555 -0.014899 0.022349 0.029798 -2.100000 29.700001 -8.100000
0.014648 -0.004395 1.025146 -0.019156 0.034055 0.032991 -0.900000 31.500000 -7.500000
0.007812 -0.013916 1.018799 -0.018092 0.022349 0.027670 0.300000 31.500000 -6.300000
0.011230 -0.008545 1.021484 -0.012771 0.019156 0.030863 0.000000 29.400000 -7.800000
0.010254 -0.002686 1.029785 -0.012771 0.019156 0.023413 -0.300000 29.700001 -8.100000
0.012695 -0.001709 1.017578 -0.012771 0.023413 0.010642 0.000000 30.000000 -7.800000
0.005859 -0.007080 1.028320 -0.014899 0.020220 0.017028 -1.200000 29.400000 -7.800000
0.012695 -0.010742 1.026855 -0.014899 0.023413 0.015963 -1.800000 31.200001 -7.800000
0.018066 -0.003906 1.017578 -0.015963 0.024477 0.021284 -1.500000 29.700001 -7.500000
0.020996 -0.011963 1.025879 -0.015963 0.025541 0.017028 -0.300000 30.900000 -6.900000
0.010986 -0.009277 1.023193 -0.021284 0.023413 0.022349 -2.100000 30.900000 -7.500000
0.016357 -0.015625 1.024170 -0.011706 0.009578 0.025541 -0.300000 30.900000 -6.300000
0.017090 -0.007080 1.022705 -0.018092 0.014899 0.018092 -0.600000 31.200001 -7.800000
0.012695 -0.013916 1.016602 -0.011706 0.018092 0.018092 0.600000 28.799999 -7.800000
0.010254 -0.003418 1.024902 -0.011706 0.022349 0.018092 -1.800000 30.000000 -6.600000
0.010742 0.004639 1.024902 -0.014899 0.023413 0.018092 -1.500000 29.700001 -5.700000
0.012207 -0.009277 1.022949 -0.010642 0.022349 0.022349 -1.800000 29.400000 -7.800000
0.019531 -0.009033 1.013184 -0.015963 0.024477 0.022349 -0.600000 30.000000 -7.800000
0.010010 -0.004395 1.024902 -0.010642 0.020220 0.024477 -0.900000 29.100000 -7.500000
0.017090 -0.009277 1.031250 -0.012771 0.025541 0.020220 -1.800000 30.000000 -6.600000
0.014893 -0.006836 1.017090 -0.017028 0.030863 0.024477 -2.100000 29.700001 -7.500000
0.017090 -0.005127 1.027832 -0.015963 0.030863 0.020220 0.300000 30.900000 -5.700000
0.009277 -0.011719 1.017090 -0.015963 0.030863 0.017028 -0.300000 29.700001 -7.500000
0.014648 -0.010498 1.020020 -0.026606 0.031927 0.018092 -0.900000 29.700001 -5.700000
0.012939 -0.010254 1.018555 -0.019156 0.021284 0.013835 -1.200000 28.799999 -6.600000
0.012207 -0.015625 1.021484 -0.012771 0.008514 0.037248 -1.500000 29.100000 -7.500000
0.013184 -0.020996 1.027100 -0.009578 0.023413 0.027670 -3.000000 29.400000 -7.800000
0.007812 -0.009766 1.018555 -0.005321 0.017028 0.029798 -1.500000 29.100000 -6.300000
0.009766 -0.009033 1.018311 -0.010642 0.013835 0.024477 -2.400000 31.200001 -7.200000
0.014648 -0.012939 1.030273 -0.009578 0.011706 0.026606 -0.300000 30.900000 -6.900000
0.015869 -0.007080 1.024902 -0.011706 0.019156 0.012771 0.000000 30.600000 -7.800000
0.014160 -0.002686 1.014893 -0.018092 0.023413 0.007450 -1.500000 28.500000 -6.300000
0.017578 -0.005859 1.022461 -0.020220 0.019156 -0.003193 -0.300000 29.100000 -6.900000
0.009766 -0.014404 1.022461 -0.005321 0.017028 0.010642 -1.500000 29.100000 -6.300000
0.012451 -0.008789 1.026123 -0.015963 0.025541 0.018092 -1.200000 30.600000 -6.600000
0.011963 -0.002197 1.029297 -0.015963 0.028734 0.019156 -2.100000 30.299999 -6.300000
0.021240 -0.008789 1.018066 -0.015963 0.027670 0.018092 0.000000 30.000000 -7.200000
0.013672 -0.016113 1.019531 -0.009578 0.020220 0.017028 -2.100000 30.900000 -6.300000
0.013428 -0.005127 1.020752 -0.014899 0.020220 0.020220 -1.200000 29.400000 -6.000000
0.010742 0.001709 1.026611 -0.018092 0.029798 0.020220 0.000000 30.000000 -6.000000
0.016357 -0.012695 1.026367 -0.005321 0.010642 0.027670 -1.800000 31.200001 -7.200000
0.017090 -0.012207 1.030273 -0.012771 0.021284 0.029798 0.600000 31.200001 -7.800000
0.017090 -0.000244 1.015625 -0.012771 0.021284 0.025541 -2.400000 30.000000 -7.200000
0.011719 -0.010254 1.019531 -0.014899 0.015963 0.022349 -0.600000 30.600000 -7.200000
0.019043 -0.009033 1.025879 -0.012771 0.025541 0.018092 -0.300000 29.700001 -6.900000
0.013428 -0.004395 1.025391 -0.011706 0.022349 0.018092 -1.500000 28.500000 -6.900000
0.010498 -0.009277 1.026855 -0.017028 0.020220 0.015963 -0.900000 30.299999 -6.900000
0.007568 -0.005371 1.024414 -0.014899 0.019156 0.011706 -1.200000 30.600000 -7.200000
0.013184 -0.011719 1.020020 -0.014899 0.021284 0.014899 0.000000 29.400000 -7.200000
0.018555 -0.006836 1.023438 -0.015963 0.028734 0.026606 -0.600000 29.400000 -7.200000
0.006592 0.000977 1.013184 -0.019156 0.017028 0.019156 0.000000 28.799999 -7.200000
0.018311 -0.011230 1.028809 -0.023413 0.021284 0.017028 -1.800000 30.000000 -7.200000
0.013916 -0.012207 1.026123 -0.015963 0.025541 0.022349 -0.600000 29.400000 -7.200000
0.007324 -0.006348 1.021973 -0.015963 0.021284 0.015963 -1.200000 30.600000 -7.800000
0.014404 -0.007568 1.025879 -0.019156 0.024477 0.007450 -1.500000 29.100000 -7.500000
0.016357 -0.011230 1.025635 -0.012771 0.021284 0.012771 -1.500000 30.900000 -6.300000
0.012207 -0.010498 1.030029 -0.013835 0.017028 0.021284 -0.900000 30.299999 -6.300000
0.014648 -0.006592 1.029053 -0.012771 0.024477 0.017028 -2.100000 29.700001 -6.900000
0.017090 -0.003418 1.020020 -0.010642 0.013835 0.022349 -0.300000 30.299999 -8.100000
0.012451 -0.012695 1.029785 -0.013835 0.015963 0.024477 -0.300000 30.299999 -9.300000
0.019287 -0.007812 1.014160 -0.009578 0.014899 0.025541 -0.900000 30.900000 -6.900000
0.014893 -0.014893 1.020508 -0.010642 0.024477 0.034055 -1.500000 29.700001 -7.500000
0.007812 -0.003662 1.019775 -0.008514 0.022349 0.024477 -1.500000 29.700001 -7.500000
0.010010 -0.006836 1.019043 -0.010642 0.012771 0.018092 -1.200000 30.000000 -7.800000
0.023926 -0.002441 1.023682 -0.008514 0.013835 0.022349 -1.200000 30.600000 -6.600000
0.012939 -0.003662 1.019043 -0.013835 0.019156 0.014899 -0.600000 28.799999 -6.600000
0.008301 -0.006348 1.016357 -0.012771 0.012771 0.010642 -0.600000 28.200001 -7.800000
0.014160 -0.005371 1.021973 -0.011706 0.024477 0.007450 -1.800000 28.799999 -7.800000
0.018066 -0.010742 1.021240 -0.014899 0.029798 0.014899 -0.900000 29.700001 -6.300000
0.010254 -0.003662 1.017334 -0.023413 0.030863 0.014899 -1.200000 29.400000 -6.600000
