0.000000 0.000000 122898554699014388951547904.000000 -0.012771 0.028734 0.014899 3.600000 43.799999 10.200000
-0.020020 -1.002930 0.025879 -0.013835 0.026606 0.015963 3.000000 44.400002 9.000000
-0.016113 -0.999512 0.014893 -0.013835 0.024477 0.014899 1.500000 44.099998 9.900000
-0.018799 -0.997070 0.015869 -0.013835 0.026606 0.019156 2.700000 44.099998 9.900000
-0.019531 -1.001221 0.024902 -0.014899 0.024477 0.020220 3.300000 43.500000 8.700000
-0.015869 -1.006104 0.012451 -0.012771 0.026606 0.017028 2.400000 44.400002 9.000000
-0.014404 -1.000977 0.013916 -0.014899 0.026606 0.018092 3.600000 45.599998 9.000000
-0.016602 -1.005127 0.021973 -0.018092 0.025541 0.014899 2.400000 45.000000 7.800000
-0.021240 -1.002441 0.014404 -0.010642 0.027670 0.022349 4.200000 43.799999 9.600000
-0.018066 -1.001953 0.011475 -0.013835 0.023413 0.017028 3.300000 43.500000 8.700000
-0.014160 -1.003174 0.020752 -0.013835 0.024477 0.014899 3.900000 44.099998 9.900000
-0.015137 -1.004395 0.013916 -0.013835 0.024477 0.018092 2.100000 43.500000 9.300000
-0.012451 -1.004150 0.016846 -0.014899 0.024477 0.018092 2.400000 43.799999 10.800000
-0.014404 -1.004883 0.017578 -0.011706 0.025541 0.018092 2.400000 43.799999 9.600000
-0.019775 -0.997559 0.010986 -0.017028 0.024477 0.018092 3.000000 43.799999 10.200000
-0.010498 -1.001221 0.018066 -0.012771 0.026606 0.018092 2.400000 43.200001 9.000000
-0.020508 -0.998291 0.016113 -0.010642 0.025541 0.014899 3.000000 43.200001 11.400000
-0.010498 -0.997070 0.012695 -0.013835 0.027670 0.017028 5.100000 43.500000 9.300000
-0.013916 -1.004639 0.017822 -0.014899 0.023413 0.019156 2.400000 43.799999 10.800000
-0.016113 -1.004395 0.011475 -0.012771 0.025541 0.020220 3.300000 45.900002 9.300000
-0.017822 -1.000732 0.011475 -0.013835 0.023413 0.018092 2.400000 43.200001 9.600000
-0.015381 -0.998535 0.008301 -0.015963 0.025541 0.019156 3.300000 44.099998 9.900000
-0.019043 -0.998779 0.015381 -0.013835 0.026606 0.017028 3.000000 45.000000 9.000000
-0.014160 -1.001221 0.017334 -0.013835 0.025541 0.019156 3.600000 43.200001 9.600000
-0.013184 -0.996826 0.022949 -0.009578 0.019156 0.018092 3.900000 44.099998 9.300000
-0.014404 -0.999512 0.010742 -0.012771 0.023413 0.018092 4.200000 43.799999 9.000000
-0.019775 -1.001953 0.017334 -0.014899 0.024477 0.015963 3.900000 43.500000 8.700000
-0.015137 -0.994141 0.021973 -0.018092 0.024477 0.014899 3.300000 42.900002 9.900000
-0.019043 -1.003174 0.019775 -0.012771 0.021284 0.014899 4.200000 43.200001 9.600000
-0.015381 -1.003418 0.014160 -0.012771 0.025541 0.018092 1.200000 45.000000 9.000000
-0.011230 -1.001465 0.023926 -0.012771 0.024477 0.014899 2.400000 44.400002 10.800000
-0.009521 -1.000732 0.016602 -0.013835 0.024477 0.015963 3.300000 44.099998 9.300000
-0.014160 -1.007568 0.022217 -0.012771 0.026606 0.018092 3.300000 42.900002 9.900000
-0.019531 -1.008301 0.021484 -0.015963 0.024477 0.021284 2.100000 44.099998 11.100000
-0.018555 -1.003174 0.018311 -0.014899 0.026606 0.019156 4.200000 44.400002 10.200000
-0.011719 -1.003906 0.017090 -0.014899 0.026606 0.017028 5.400000 43.799999 9.600000
-0.020996 -1.005859 0.011719 -0.012771 0.025541 0.018092 3.600000 44.400002 9.600000
-0.014404 -0.999512 0.016113 -0.013835 0.028734 0.019156 2.400000 45.000000 9.600000
-0.020264 -0.999512 0.017822 -0.014899 0.026606 0.018092 2.100000 44.099998 10.500000
-0.021484 -1.000244 0.013428 -0.015963 0.027670 0.017028 3.300000 44.099998 9.300000
-0.016602 -1.006592 0.011719 -0.012771 0.025541 0.015963 4.200000 42.599998 7.800000
-0.013428 -0.998779 0.015381 -0.014899 0.024477 0.017028 2.700000 45.299999 8.700000
-0.015381 -0.994873 0.014893 -0.013835 0.026606 0.014899 3.900000 44.700001 9.300000
-0.018555 -1.000244 0.019287 -0.014899 0.023413 0.020220 3.000000 45.000000 8.400000
-0.013916 -1.006592 0.016846 -0.011706 0.025541 0.017028 5.100000 42.299999 9.300000
-0.015625 -1.004395 0.013916 -0.014899 0.024477 0.018092 1.800000 44.400002 10.200000
-0.013916 -1.006348 0.015137 -0.013835 0.024477 0.017028 3.300000 44.099998 8.100000
-0.011963 -1.004639 0.010742 -0.015963 0.024477 0.018092 2.700000 44.700001 9.900000
-0.010498 -1.000977 0.020996 -0.014899 0.026606 0.015963 2.400000 43.200001 9.000000
-0.018066 -1.001221 0.018311 -0.017028 0.023413 0.017028 3.300000 44.700001 8.700000
-0.013916 -1.008545 0.015625 -0.013835 0.023413 0.017028 2.400000 44.400002 10.200000
-0.015381 -1.008545 0.014893 -0.013835 0.028734 0.015963 4.200000 45.000000 10.200000
-0.016357 -1.005127 0.021240 -0.012771 0.023413 0.019156 1.800000 44.400002 9.000000
-0.014404 -1.000977 0.010986 -0.017028 0.024477 0.017028 3.000000 43.200001 12.000000
-0.018555 -1.001221 0.017334 -0.013835 0.023413 0.018092 3.000000 45.000000 10.200000
-0.015869 -1.005371 0.016602 -0.015963 0.025541 0.014899 2.100000 44.099998 9.900000
-0.014160 -0.999023 0.004639 -0.012771 0.025541 0.015963 1.800000 43.200001 10.200000
-0.014160 -0.993896 0.020752 -0.012771 0.025541 0.015963 3.900000 45.299999 8.700000
-0.008545 -1.009277 0.015869 -0.019156 0.025541 0.019156 2.700000 43.500000 11.700000
-0.016113 -0.997559 -0.003418 -0.013835 0.027670 0.021284 2.100000 43.500000 9.300000
-0.012939 -0.994385 0.020264 -0.014899 0.025541 0.019156 1.800000 43.799999 10.200000
-0.018066 -0.999023 0.026367 -0.014899 0.022349 0.015963 2.100000 44.700001 10.500000
-0.017090 -1.002197 0.017822 -0.017028 0.027670 0.014899 2.400000 43.799999 11.400000
-0.019287 -1.000244 0.015137 -0.013835 0.024477 0.017028 3.900000 44.700001 9.300000
-0.017334 -1.009766 0.025391 -0.014899 0.025541 0.017028 3.900000 45.299999 9.900000
-0.019775 -1.005371 0.019775 -0.014899 0.026606 0.015963 3.300000 45.900002 8.100000
-0.018555 -1.004395 0.015381 -0.015963 0.025541 0.019156 1.800000 43.200001 10.200000
-0.019531 -1.000732 0.021240 -0.014899 0.023413 0.017028 2.400000 42.599998 9.600000
-0.010986 -0.999023 0.017090 -0.014899 0.024477 0.015963 3.300000 42.900002 10.500000
-0.012451 -1.001953 0.018555 -0.014899 0.024477 0.019156 2.700000 44.700001 10.500000
-0.020264 -0.996826 0.011963 -0.014899 0.024477 0.019156 2.100000 44.099998 8.700000
-0.020752 -1.001953 0.016113 -0.011706 0.025541 0.015963 3.600000 44.400002 10.200000
-0.010742 -1.002197 0.011475 -0.014899 0.025541 0.015963 2.700000 44.700001 10.500000
-0.017822 -0.996338 0.016846 -0.011706 0.027670 0.020220 2.400000 43.799999 10.800000
-0.016113 -1.002441 0.005615 -0.013835 0.024477 0.015963 4.500000 44.099998 9.900000
-0.015625 -1.001221 0.011230 -0.013835 0.024477 0.018092 2.100000 45.299999 10.500000
-0.010010 -1.007080 0.016113 -0.010642 0.025541 0.017028 3.600000 44.400002 9.600000
-0.013428 -1.003174 0.010010 -0.014899 0.024477 0.015963 2.100000 45.900002 8.700000
-0.012695 -1.001709 0.024170 -0.010642 0.026606 0.015963 3.300000 44.099998 9.300000
-0.013428 -1.002441 0.016846 -0.014899 0.026606 0.019156 3.000000 45.000000 9.600000
-0.015869 -0.995117 0.018066 -0.012771 0.028734 0.017028 3.600000 43.799999 9.000000
-0.018066 -1.001221 0.008789 -0.013835 0.024477 0.017028 3.000000 43.799999 9.600000
-0.018555 -1.004150 0.015625 -0.014899 0.026606 0.015963 3.000000 43.799999 10.200000
-0.016113 -1.000977 0.010498 -0.015963 0.027670 0.020220 3.600000 44.400002 9.600000
-0.015137 -1.010254 0.017578 -0.014899 0.023413 0.017028 3.600000 42.599998 7.800000
-0.006836 -1.000732 0.013672 -0.013835 0.022349 0.018092 2.700000 42.900002 11.100000
-0.007080 -1.000244 0.019287 -0.015963 0.025541 0.019156 1.500000 44.700001 10.500000
-0.014160 -1.002197 0.010010 -0.017028 0.024477 0.020220 2.700000 43.500000 11.100000
-0.019775 -1.002686 0.018799 -0.011706 0.024477 0.020220 3.600000 43.799999 9.000000
-0.013672 -1.001465 0.010498 -0.015963 0.024477 0.015963 3.900000 44.700001 9.900000
-0.013916 -1.008545 0.014404 -0.014899 0.026606 0.018092 2.400000 42.599998 9.600000
-0.011475 -1.001221 0.017822 -0.017028 0.025541 0.019156 0.900000 44.099998 10.500000
-0.021240 -1.010010 0.017334 -0.013835 0.022349 0.017028 2.400000 43.799999 10.800000
-0.019043 -1.003662 0.024414 -0.014899 0.023413 0.019156 3.600000 45.599998 9.600000
-0.013916 -0.997559 0.010010 -0.017028 0.026606 0.020220 3.000000 44.400002 9.600000
-0.022217 -0.999756 0.015381 -0.013835 0.022349 0.018092 3.600000 45.000000 9.600000
-0.020508 -1.006104 0.015137 -0.013835 0.025541 0.019156 2.400000 43.799999 9.600000
-0.012939 -1.004639 0.020752 -0.013835 0.023413 0.017028 3.000000 45.000000 9.000000
-0.012451 -1.001709 0.019287 -0.015963 0.026606 0.015963 4.200000 43.799999 9.600000
-0.016846 -0.999023 0.024414 -0.013835 0.025541 0.015963 3.300000 44.099998 9.300000
-0.014160 -1.005371 0.019531 -0.015963 0.027670 0.018092 4.500000 44.099998 9.300000
-0.018799 -0.998047 0.020996 -0.011706 0.023413 0.018092 3.600000 43.200001 8.400000
-0.021240 -0.999756 0.024658 -0.014899 0.024477 0.015963 3.000000 45.000000 9.600000
-0.017334 -1.001709 0.014648 -0.011706 0.024477 0.017028 0.600000 44.400002 10.800000
-0.011230 -1.000732 0.019043 -0.012771 0.025541 0.020220 2.700000 44.099998 9.900000
-0.015869 -1.005859 0.017090 -0.014899 0.024477 0.019156 2.400000 45.599998 9.600000
-0.019531 -1.000000 0.021240 -0.012771 0.025541 0.015963 2.700000 44.700001 9.900000
-0.019287 -0.995850 0.023193 -0.015963 0.027670 0.015963 3.000000 44.400002 9.600000
-0.021240 -1.001953 0.016846 -0.013835 0.026606 0.014899 2.700000 44.700001 8.700000
-0.017822 -0.998291 0.015869 -0.014899 0.024477 0.018092 2.700000 44.099998 9.300000
-0.017578 -1.003662 0.024170 -0.012771 0.023413 0.015963 4.500000 44.700001 10.500000
-0.024170 -0.999023 0.008545 -0.012771 0.025541 0.017028 2.100000 44.700001 10.500000
-0.011719 -1.005371 0.021240 -0.014899 0.022349 0.019156 4.800000 43.799999 10.800000
-0.020508 -1.000488 0.013184 -0.012771 0.025541 0.017028 2.400000 44.400002 9.600000
-0.015625 -1.001221 0.022949 -0.019156 0.024477 0.019156 2.700000 44.700001 10.500000
-0.016113 -0.994873 0.008789 -0.015963 0.025541 0.017028 3.000000 45.599998 9.600000
-0.018066 -1.001709 0.019043 -0.010642 0.025541 0.017028 3.900000 43.500000 9.900000
-0.019043 -1.002441 0.009277 -0.014899 0.023413 0.019156 4.500000 44.700001 11.700000
-0.020264 -0.999512 0.010010 -0.010642 0.025541 0.020220 2.100000 44.700001 9.900000
-0.020264 -0.999512 0.008545 -0.014899 0.023413 0.014899 2.700000 44.700001 8.700000
-0.011963 -1.001709 0.010742 -0.014899 0.026606 0.015963 2.100000 42.299999 9.900000
-0.015625 -0.996826 0.010498 -0.010642 0.023413 0.020220 4.200000 44.400002 9.600000
-0.016357 -0.998291 0.012695 -0.013835 0.024477 0.018092 2.100000 45.299999 9.300000
-0.021240 -1.003906 0.019043 -0.011706 0.025541 0.019156 3.600000 43.799999 10.800000
-0.021973 -1.002686 0.014160 -0.013835 0.024477 0.018092 2.400000 45.599998 9.000000
-0.019287 -0.995605 0.020264 -0.012771 0.024477 0.020220 3.900000 45.299999 8.700000
-0.012939 -1.005127 0.018555 -0.014899 0.024477 0.017028 3.600000 44.400002 9.600000
-0.012451 -1.009277 0.013428 -0.015963 0.026606 0.020220 3.300000 44.099998 9.900000
-0.017334 -1.003906 0.017822 -0.011706 0.023413 0.014899 4.200000 43.200001 9.000000
-0.012207 -0.997070 0.010254 -0.013835 0.024477 0.018092 3.300000 44.099998 9.300000
-0.014160 -0.992676 0.011475 -0.013835 0.024477 0.017028 3.900000 44.700001 9.900000
-0.023193 -1.000732 0.013428 -0.013835 0.027670 0.017028 3.300000 42.900002 11.100000
-0.014893 -1.003662 0.020752 -0.013835 0.027670 0.019156 2.700000 44.099998 9.900000
-0.016602 -0.993896 0.021484 -0.014899 0.024477 0.015963 3.300000 44.099998 9.300000
-0.020752 -0.994385 0.018311 -0.014899 0.023413 0.018092 3.300000 44.099998 9.300000
-0.018066 -1.002930 0.027588 -0.015963 0.022349 0.020220 2.400000 43.799999 9.600000
-0.019287 -1.002197 0.013916 -0.013835 0.024477 0.020220 3.000000 45.000000 10.200000
-0.019287 -0.996582 0.010742 -0.015963 0.025541 0.015963 3.600000 44.400002 9.600000
-0.012207 -0.996094 0.014648 -0.011706 0.023413 0.015963 2.700000 44.099998 10.500000
-0.017578 -1.004395 0.019287 -0.012771 0.023413 0.017028 4.200000 45.000000 9.000000
-0.018066 -1.005371 0.008301 -0.009578 0.024477 0.020220 2.700000 44.700001 8.700000
-0.017822 -0.999756 0.026855 -0.012771 0.025541 0.017028 3.300000 45.299999 9.900000
-0.018555 -1.009033 0.017822 -0.015963 0.023413 0.017028 2.400000 44.400002 9.000000
-0.012451 -1.000488 0.011475 -0.014899 0.024477 0.018092 2.700000 42.900002 10.500000
-0.014160 -0.997559 0.025146 -0.018092 0.023413 0.018092 5.400000 43.200001 9.600000
-0.022461 -0.999268 0.013428 -0.012771 0.026606 0.015963 3.000000 44.400002 9.600000
-0.020508 -1.003906 0.008545 -0.013835 0.025541 0.021284 4.800000 45.000000 10.200000
-0.017822 -0.996094 0.019043 -0.012771 0.024477 0.018092 3.600000 45.000000 9.600000
-0.013672 -0.998779 0.027344 -0.010642 0.025541 0.018092 2.100000 42.900002 9.900000
-0.013184 -1.003906 0.023682 -0.011706 0.025541 0.021284 3.900000 44.700001 9.300000
-0.020996 -1.004395 0.020264 -0.012771 0.025541 0.019156 3.300000 44.700001 9.300000
-0.017822 -0.998047 0.006348 -0.014899 0.024477 0.014899 2.700000 42.900002 10.500000
-0.015869 -0.999512 0.007080 -0.013835 0.025541 0.018092 2.700000 44.099998 9.900000
-0.014160 -1.002197 0.017822 -0.013835 0.025541 0.017028 3.300000 44.700001 9.300000
-0.016846 -1.003906 0.011230 -0.011706 0.024477 0.021284 2.400000 43.799999 10.200000
-0.017578 -1.007568 0.013916 -0.013835 0.024477 0.019156 2.400000 43.799999 9.600000
-0.018311 -1.001953 0.003418 -0.014899 0.025541 0.020220 1.800000 46.200001 9.600000
-0.021484 -0.997314 0.013916 -0.014899 0.027670 0.020220 3.600000 42.599998 9.600000
-0.010986 -1.001221 0.015625 -0.015963 0.024477 0.019156 3.300000 44.099998 10.500000
-0.015137 -1.000732 0.014893 -0.012771 0.025541 0.014899 3.300000 44.700001 8.100000
-0.018066 -1.001221 0.014160 -0.013835 0.024477 0.019156 3.600000 43.799999 9.600000
-0.017822 -0.996826 0.016357 -0.014899 0.024477 0.019156 3.000000 43.799999 9.600000
-0.017090 -0.996826 0.010742 -0.013835 0.025541 0.017028 3.600000 43.799999 10.800000
-0.015625 -1.004883 0.016846 -0.011706 0.026606 0.017028 3.000000 43.799999 10.200000
-0.017334 -1.000244 0.012207 -0.013835 0.025541 0.015963 3.000000 43.200001 9.000000
-0.017822 -1.000977 0.018555 -0.013835 0.025541 0.018092 3.000000 45.000000 9.600000
-0.014893 -0.999512 0.015625 -0.012771 0.028734 0.017028 2.100000 43.500000 11.700000
-0.012207 -0.997314 0.016113 -0.012771 0.025541 0.019156 3.900000 43.500000 9.300000
-0.012451 -1.001221 0.019775 -0.012771 0.023413 0.019156 3.600000 43.200001 9.600000
-0.018311 -1.004883 0.013428 -0.011706 0.026606 0.017028 2.100000 44.099998 9.900000
-0.019287 -0.999512 0.016113 -0.011706 0.024477 0.019156 4.200000 45.000000 10.200000
-0.017334 -1.007324 0.013428 -0.017028 0.025541 0.018092 3.000000 44.400002 10.200000
-0.017334 -1.000244 0.009766 -0.018092 0.025541 0.021284 2.700000 45.299999 9.900000
-0.012695 -1.001709 0.015869 -0.015963 0.026606 0.018092 3.000000 44.400002 7.800000
-0.020752 -1.005371 0.016113 -0.013835 0.028734 0.014899 4.800000 43.200001 9.600000
-0.018555 -1.000244 0.021729 -0.013835 0.025541 0.017028 1.800000 44.400002 8.400000
-0.013184 -1.000244 0.014404 -0.013835 0.026606 0.019156 2.100000 42.900002 11.100000
-0.016846 -0.999268 0.019775 -0.015963 0.025541 0.017028 4.200000 42.599998 10.200000
-0.014160 -1.002441 0.013428 -0.011706 0.026606 0.017028 3.600000 44.400002 9.000000
-0.012451 -1.001709 0.021484 -0.014899 0.024477 0.015963 4.200000 43.799999 9.000000
-0.015137 -0.994141 0.014648 -0.010642 0.023413 0.019156 3.600000 45.599998 10.200000
-0.012939 -1.003906 0.010742 -0.014899 0.024477 0.017028 2.400000 44.400002 10.800000
-0.020264 -1.008789 0.019043 -0.012771 0.025541 0.019156 3.300000 42.900002 10.500000
-0.013672 -0.998535 0.017822 -0.013835 0.027670 0.017028 4.800000 43.799999 10.800000
-0.015137 -0.992432 0.011963 -0.014899 0.025541 0.017028 3.600000 43.799999 9.600000
-0.012939 -1.004150 0.020264 -0.013835 0.023413 0.014899 3.900000 44.099998 8.700000
-0.016113 -1.000488 0.020996 -0.014899 0.025541 0.017028 3.300000 42.900002 10.500000
-0.021240 -1.002441 0.012451 -0.012771 0.028734 0.015963 2.700000 43.500000 10.500000
-0.014648 -1.005371 0.019043 -0.012771 0.022349 0.015963 3.600000 45.000000 9.600000
-0.015381 -1.003662 0.008545 -0.011706 0.024477 0.017028 3.600000 45.000000 10.800000
-0.013672 -0.999023 0.018066 -0.012771 0.025541 0.017028 2.100000 42.900002 8.700000
-0.021240 -1.002197 0.019043 -0.017028 0.024477 0.019156 3.600000 43.799999 9.600000
-0.024170 -1.006104 0.022217 -0.014899 0.022349 0.015963 2.700000 42.900002 10.500000
-0.018799 -0.998291 0.019531 -0.015963 0.024477 0.015963 3.900000 45.299999 11.100000
-0.013672 -1.003662 0.013672 -0.017028 0.024477 0.012771 2.400000 45.000000 10.200000
-0.015869 -1.008789 0.017090 -0.012771 0.025541 0.017028 4.200000 45.000000 9.600000
-0.017090 -0.998535 0.010010 -0.013835 0.028734 0.015963 1.800000 44.400002 9.000000
-0.018066 -0.998779 0.010742 -0.013835 0.024477 0.018092 3.300000 43.500000 9.900000
-0.021240 -0.999756 0.014160 -0.013835 0.025541 0.020220 3.300000 45.299999 8.100000
-0.019531 -1.003662 0.030273 -0.015963 0.027670 0.018092 1.800000 45.599998 9.600000
-0.013184 -1.001221 0.015869 -0.014899 0.023413 0.015963 2.700000 45.299999 10.500000
-0.019043 -1.002441 0.021484 -0.012771 0.024477 0.018092 3.600000 43.799999 9.600000
-0.021484 -1.002686 0.023193 -0.013835 0.025541 0.019156 3.300000 44.700001 9.900000
-0.016602 -1.003418 0.016602 -0.015963 0.022349 0.015963 2.400000 43.799999 9.600000
-0.015381 -1.001709 0.011475 -0.013835 0.023413 0.018092 1.500000 44.099998 9.900000
-0.011719 -1.005859 0.012695 -0.015963 0.023413 0.014899 2.400000 42.599998 10.200000
-0.012695 -1.004150 0.019531 -0.011706 0.024477 0.015963 3.000000 44.400002 9.600000
-0.012451 -1.011230 0.014893 -0.014899 0.024477 0.015963 3.000000 45.000000 9.000000
-0.020020 -1.000732 0.020508 -0.015963 0.024477 0.019156 3.900000 43.500000 9.300000
-0.019531 -1.002441 0.016846 -0.015963 0.023413 0.017028 3.000000 42.599998 10.800000
-0.017090 -1.001709 0.016113 -0.013835 0.026606 0.021284 2.700000 45.299999 9.900000
-0.021729 -1.000732 0.019531 -0.012771 0.026606 0.018092 3.300000 42.900002 9.900000
-0.010986 -1.002930 0.016357 -0.013835 0.023413 0.020220 2.400000 43.799999 11.400000
-0.015137 -1.004150 0.009766 -0.014899 0.025541 0.018092 4.200000 43.799999 9.600000
-0.019043 -1.006104 0.012695 -0.013835 0.025541 0.015963 2.100000 45.299999 8.700000
-0.012695 -1.006592 0.020996 -0.013835 0.021284 0.018092 1.800000 44.400002 9.600000
-0.020508 -1.005127 0.015137 -0.014899 0.027670 0.017028 3.600000 44.400002 9.000000
-0.019531 -1.005859 0.016846 -0.014899 0.025541 0.013835 3.900000 44.099998 8.700000
-0.019287 -0.996338 0.009277 -0.014899 0.027670 0.017028 3.300000 43.500000 9.300000
-0.014893 -0.999023 0.020752 -0.015963 0.024477 0.014899 3.600000 44.400002 8.400000
-0.015137 -1.001709 0.020752 -0.015963 0.023413 0.019156 3.600000 44.400002 10.200000
-0.010498 -0.998047 0.010742 -0.014899 0.027670 0.018092 4.500000 44.099998 9.300000
-0.013428 -0.998779 0.015137 -0.014899 0.026606 0.017028 3.300000 45.299999 9.300000
-0.014160 -1.002686 0.022461 -0.015963 0.025541 0.017028 2.100000 44.700001 9.900000
-0.014893 -1.005371 0.015381 -0.014899 0.027670 0.018092 3.000000 44.400002 9.600000
-0.012695 -0.995117 0.018555 -0.011706 0.023413 0.015963 2.700000 44.099998 9.300000
-0.021240 -1.005127 0.018799 -0.014899 0.026606 0.019156 3.600000 42.599998 10.200000
-0.013916 -1.003418 0.011719 -0.013835 0.024477 0.020220 3.900000 44.099998 9.900000
-0.010010 -1.009277 0.018311 -0.015963 0.023413 0.019156 3.600000 43.200001 10.200000
-0.010742 -1.000732 0.024414 -0.017028 0.024477 0.019156 3.900000 44.099998 9.300000
-0.012939 -0.995850 0.010498 -0.014899 0.027670 0.017028 2.700000 43.500000 9.300000
-0.020020 -1.002686 0.014893 -0.012771 0.024477 0.018092 1.800000 43.799999 10.200000
-0.020996 -1.002441 0.009521 -0.011706 0.028734 0.017028 4.200000 44.400002 10.200000
-0.009277 -1.000000 0.011719 -0.013835 0.025541 0.019156 4.800000 43.200001 9.600000
-0.009521 -0.999512 0.015137 -0.011706 0.022349 0.019156 2.400000 43.799999 10.800000
-0.019775 -1.005371 0.022461 -0.014899 0.024477 0.019156 2.700000 44.099998 9.900000
-0.010742 -1.000977 0.000732 -0.013835 0.025541 0.019156 3.600000 45.000000 9.600000
-0.022461 -1.001953 0.021240 -0.017028 0.024477 0.018092 2.700000 44.700001 9.900000
-0.011719 -0.993164 0.017090 -0.015963 0.025541 0.020220 3.300000 44.099998 9.900000
-0.018311 -0.998535 0.006104 -0.010642 0.024477 0.015963 3.600000 43.799999 9.000000
-0.018066 -1.000732 0.017578 -0.014899 0.024477 0.014899 1.800000 44.400002 9.600000
-0.020508 -1.000732 0.021973 -0.012771 0.025541 0.019156 1.800000 43.799999 10.800000
-0.018799 -1.005127 0.012939 -0.010642 0.026606 0.018092 2.400000 44.400002 9.600000
-0.013916 -0.994385 0.014404 -0.015963 0.025541 0.015963 2.400000 45.000000 10.200000
-0.015625 -1.005371 0.023193 -0.013835 0.023413 0.018092 2.700000 43.500000 11.100000
-0.014648 -1.002930 0.012695 -0.013835 0.025541 0.018092 3.000000 43.799999 10.200000
-0.013428 -1.001709 0.028320 -0.009578 0.028734 0.019156 2.700000 45.299999 8.700000
-0.018799 -1.006104 0.013672 -0.018092 0.026606 0.021284 3.300000 42.900002 11.700000
-0.012939 -1.001465 0.009766 -0.013835 0.024477 0.018092 2.400000 44.400002 10.800000
-0.014160 -0.996338 0.013672 -0.014899 0.027670 0.015963 3.300000 44.700001 8.100000
-0.015869 -1.001221 0.009521 -0.015963 0.025541 0.019156 1.800000 45.000000 10.200000
-0.009766 -0.998535 0.022217 -0.014899 0.027670 0.018092 3.900000 44.099998 10.500000
-0.017822 -1.005127 0.018066 -0.015963 0.023413 0.015963 3.000000 43.799999 10.800000
-0.014404 -0.997559 0.021484 -0.013835 0.025541 0.021284 1.500000 44.700001 9.300000
-0.013916 -1.000732 0.018555 -0.010642 0.023413 0.021284 3.900000 44.700001 10.500000
-0.019531 -1.002441 0.016113 -0.010642 0.025541 0.018092 2.400000 43.799999 9.600000
-0.019531 -1.003174 0.016602 -0.012771 0.023413 0.018092 3.300000 45.299999 9.900000
-0.008545 -1.001709 0.017090 -0.017028 0.026606 0.021284 3.300000 45.299999 9.900000
-0.022705 -1.000732 0.018799 -0.017028 0.025541 0.017028 2.400000 43.799999 9.000000
-0.021973 -1.002197 0.019775 -0.015963 0.024477 0.019156 3.900000 44.099998 8.700000
-0.016602 -1.004639 0.021484 -0.013835 0.024477 0.018092 2.400000 44.400002 9.600000
-0.015625 -1.003906 0.029785 -0.015963 0.024477 0.018092 3.300000 44.099998 8.700000
-0.013672 -0.999512 0.009033 -0.011706 0.025541 0.015963 3.000000 44.400002 8.400000
-0.015381 -1.002197 0.016602 -0.014899 0.024477 0.014899 3.300000 42.900002 9.900000
-0.014160 -0.996094 0.020996 -0.015963 0.027670 0.020220 3.900000 44.099998 9.900000
-0.015625 -1.003174 0.011230 -0.014899 0.027670 0.017028 4.800000 44.400002 9.000000
-0.018066 -1.005127 0.016113 -0.013835 0.025541 0.018092 3.900000 43.500000 10.500000
-0.019531 -1.003662 0.015869 -0.015963 0.021284 0.017028 3.600000 45.000000 9.600000
-0.021240 -1.003174 0.019775 -0.015963 0.024477 0.019156 2.700000 43.500000 11.700000
-0.020264 -0.994629 0.013916 -0.014899 0.025541 0.019156 2.400000 42.599998 9.000000
-0.019287 -0.998291 0.011230 -0.017028 0.026606 0.018092 3.300000 43.500000 9.900000
-0.014648 -1.006104 0.014648 -0.011706 0.025541 0.019156 3.300000 44.700001 9.300000
-0.016846 -1.000732 0.013428 -0.018092 0.023413 0.019156 2.700000 44.700001 10.500000
-0.012207 -1.006348 0.004639 -0.017028 0.026606 0.020220 3.600000 44.400002 9.000000
-0.019531 -1.003662 0.002441 -0.014899 0.024477 0.017028 4.800000 43.799999 9.000000
-0.018799 -0.997314 0.018799 -0.015963 0.025541 0.015963 4.500000 44.099998 9.900000
-0.018311 -1.000488 0.007080 -0.017028 0.024477 0.017028 3.300000 44.700001 10.500000
-0.020508 -1.000244 0.027588 -0.015963 0.025541 0.015963 3.600000 45.000000 9.600000
-0.011230 -1.004150 0.016357 -0.017028 0.022349 0.019156 2.400000 44.400002 9.600000
-0.021729 -0.996338 0.016357 -0.010642 0.026606 0.017028 2.400000 43.799999 10.200000
-0.020508 -0.997559 0.019043 -0.014899 0.025541 0.020220 4.200000 45.000000 9.000000
-0.011475 -1.004639 0.012939 -0.014899 0.024477 0.014899 3.600000 45.000000 10.200000
-0.011475 -1.004883 0.015381 -0.013835 0.024477 0.015963 3.000000 43.200001 10.200000
-0.016602 -0.997803 0.013672 -0.013835 0.026606 0.020220 2.400000 45.000000 10.200000
-0.020020 -1.001221 0.020508 -0.014899 0.024477 0.019156 3.000000 45.000000 9.600000
-0.017822 -0.998535 0.021973 -0.014899 0.024477 0.018092 4.200000 43.200001 10.200000
-0.014160 -1.001709 0.010498 -0.015963 0.023413 0.013835 2.400000 45.000000 9.600000
-0.008789 -1.006592 0.011719 -0.012771 0.024477 0.017028 2.100000 44.099998 9.900000
-0.011475 -0.995605 0.021973 -0.011706 0.025541 0.017028 3.000000 43.200001 9.000000
-0.013428 -0.998535 0.012939 -0.013835 0.027670 0.020220 5.100000 44.099998 8.700000
-0.018799 -0.997070 0.019531 -0.014899 0.024477 0.014899 4.200000 43.200001 11.400000
-0.017578 -1.000488 0.025146 -0.011706 0.025541 0.021284 3.000000 43.799999 10.200000
-0.018311 -0.998535 0.020264 -0.014899 0.023413 0.015963 1.800000 43.799999 10.800000
-0.013916 -1.005127 0.019531 -0.013835 0.026606 0.017028 2.700000 42.900002 10.500000
-0.018066 -0.996826 0.010010 -0.012771 0.025541 0.018092 3.300000 44.099998 9.300000
-0.016357 -1.003662 0.019287 -0.015963 0.025541 0.021284 3.000000 44.400002 10.800000
-0.019775 -1.000732 0.013428 -0.011706 0.025541 0.018092 3.300000 43.500000 9.300000
-0.024902 -1.004639 0.009277 -0.014899 0.023413 0.017028 3.300000 44.700001 10.500000
-0.015625 -0.994873 0.006348 -0.010642 0.027670 0.017028 3.000000 43.799999 10.200000
-0.014648 -1.003418 0.012695 -0.014899 0.024477 0.019156 3.900000 42.299999 10.500000
