0.000000 0.000000 791875926638100044715130880.000000 -0.014899 0.023413 0.020220 -27.900000 42.299999 40.500000
-0.040039 -1.001953 0.005615 -0.014899 0.023413 0.014899 -26.100000 42.299999 40.500000
-0.039307 -1.006348 0.000000 -0.015963 0.025541 0.017028 -27.900000 42.299999 38.700001
-0.027832 -1.009033 -0.002441 -0.012771 0.021284 0.019156 -28.799999 43.799999 40.200001
-0.040527 -1.003906 0.006836 -0.014899 0.022349 0.015963 -27.900000 44.700001 39.900002
-0.040771 -1.011475 0.012695 -0.015963 0.022349 0.019156 -26.100000 44.700001 40.500000
-0.034180 -1.001953 0.006592 -0.012771 0.023413 0.021284 -28.799999 42.599998 40.200001
-0.031006 -1.005371 0.004150 -0.013835 0.020220 0.019156 -26.400000 42.599998 40.200001
-0.043701 -1.001709 0.012939 -0.013835 0.023413 0.018092 -29.400000 42.599998 40.799999
-0.036377 -0.998535 0.000244 -0.017028 0.021284 0.019156 -27.299999 42.900002 39.299999
-0.037598 -1.004639 0.001709 -0.013835 0.024477 0.020220 -26.100000 43.500000 41.099998
-0.038818 -1.002686 0.005615 -0.013835 0.023413 0.018092 -26.100000 42.900002 40.500000
-0.046143 -1.002197 0.001221 -0.012771 0.022349 0.017028 -26.700001 42.900002 40.500000
-0.035156 -1.005371 -0.000488 -0.013835 0.024477 0.020220 -27.299999 42.900002 39.299999
-0.041016 -0.997070 0.005615 -0.012771 0.023413 0.015963 -27.000000 42.599998 39.599998
-0.037842 -1.011230 0.004150 -0.015963 0.025541 0.018092 -28.500000 42.900002 39.900002
-0.042480 -0.999268 0.010498 -0.013835 0.023413 0.015963 -27.000000 42.599998 40.200001
-0.045166 -1.003906 0.008301 -0.009578 0.025541 0.018092 -28.200001 43.799999 42.000000
-0.040527 -1.004883 0.006104 -0.014899 0.023413 0.019156 -27.600000 42.599998 42.000000
-0.039551 -1.000488 0.001709 -0.014899 0.022349 0.015963 -26.700001 41.700001 41.099998
-0.040771 -1.001221 0.014648 -0.014899 0.023413 0.014899 -26.100000 44.099998 41.099998
-0.034180 -1.009033 0.003906 -0.014899 0.022349 0.018092 -24.900000 40.500000 39.900002
-0.034424 -1.008301 0.009033 -0.012771 0.022349 0.015963 -24.600000 42.599998 39.000000
-0.038818 -1.006348 0.004639 -0.015963 0.024477 0.019156 -28.799999 43.799999 40.799999
-0.038574 -1.011230 0.009521 -0.012771 0.022349 0.017028 -27.299999 42.299999 40.500000
-0.035400 -1.000977 0.002441 -0.012771 0.024477 0.017028 -28.500000 43.500000 39.299999
-0.036133 -1.005371 0.006104 -0.015963 0.022349 0.017028 -27.299999 42.900002 38.700001
-0.040527 -0.999268 0.007812 -0.014899 0.024477 0.017028 -27.299999 44.099998 39.900002
-0.034180 -1.003174 0.001709 -0.011706 0.024477 0.017028 -26.100000 44.700001 40.500000
-0.038574 -1.006104 0.007324 -0.014899 0.021284 0.018092 -26.100000 42.900002 39.299999
-0.038086 -1.007080 0.008057 -0.013835 0.022349 0.017028 -28.500000 44.700001 41.700001
-0.041016 -1.007568 0.002197 -0.014899 0.024477 0.015963 -27.600000 45.000000 39.000000
-0.038330 -1.004150 0.003906 -0.011706 0.023413 0.017028 -27.299999 42.900002 39.299999
-0.039062 -0.999023 0.002930 -0.014899 0.023413 0.014899 -27.600000 43.799999 40.799999
-0.032715 -1.001709 0.008057 -0.013835 0.027670 0.019156 -27.600000 43.200001 40.200001
-0.035156 -1.002686 0.010498 -0.012771 0.022349 0.020220 -27.299999 42.900002 40.500000
-0.039307 -1.006348 0.003662 -0.014899 0.021284 0.018092 -26.400000 42.599998 41.400002
-0.040771 -1.006592 0.003662 -0.011706 0.023413 0.021284 -28.200001 43.200001 39.599998
-0.031006 -1.004150 0.010010 -0.012771 0.025541 0.018092 -26.700001 42.299999 39.900002
-0.033691 -1.003906 0.008545 -0.013835 0.022349 0.017028 -27.000000 42.000000 40.200001
-0.039795 -1.004395 0.006104 -0.013835 0.024477 0.018092 -26.400000 43.200001 40.799999
-0.041748 -0.998779 0.001221 -0.014899 0.024477 0.018092 -27.299999 42.900002 41.099998
-0.040771 -1.008057 0.010742 -0.011706 0.022349 0.017028 -26.400000 43.200001 40.799999
-0.037598 -1.001221 0.003906 -0.014899 0.022349 0.020220 -25.799999 43.200001 40.799999
-0.031006 -1.008057 0.007324 -0.012771 0.024477 0.014899 -27.299999 42.900002 39.299999
-0.039551 -1.009277 0.001709 -0.014899 0.024477 0.017028 -27.000000 43.799999 39.000000
-0.034424 -1.006592 -0.000244 -0.012771 0.022349 0.014899 -27.000000 43.200001 39.599998
-0.041016 -1.000244 0.012695 -0.012771 0.025541 0.015963 -26.700001 44.700001 41.099998
-0.037109 -1.001953 0.006348 -0.013835 0.023413 0.020220 -29.400000 42.599998 40.200001
-0.034668 -1.007568 0.006836 -0.012771 0.021284 0.015963 -27.900000 42.900002 39.900002
-0.043701 -1.001465 0.009521 -0.014899 0.021284 0.017028 -27.000000 43.200001 39.599998
-0.039307 -1.009766 0.011963 -0.011706 0.022349 0.017028 -28.200001 43.200001 39.599998
-0.039307 -1.009521 0.003174 -0.013835 0.026606 0.018092 -27.000000 43.200001 39.599998
-0.039307 -1.011475 0.006592 -0.015963 0.023413 0.018092 -28.200001 42.599998 39.599998
-0.037109 -1.003418 0.010742 -0.011706 0.024477 0.020220 -26.700001 42.299999 41.099998
-0.040039 -1.005615 0.005371 -0.015963 0.024477 0.019156 -25.799999 43.799999 40.200001
-0.037109 -1.005127 -0.000488 -0.012771 0.023413 0.017028 -27.600000 43.200001 40.200001
-0.037842 -1.008301 0.009033 -0.015963 0.025541 0.015963 -28.200001 43.200001 40.799999
-0.040771 -1.000000 0.014404 -0.013835 0.022349 0.017028 -26.100000 44.700001 41.099998
-0.044434 -1.000488 0.005127 -0.011706 0.026606 0.015963 -27.600000 43.799999 40.200001
-0.038330 -1.003174 0.005859 -0.012771 0.022349 0.015963 -27.000000 43.200001 40.799999
-0.034668 -0.997559 0.004395 -0.009578 0.024477 0.019156 -27.299999 44.099998 41.099998
-0.037109 -1.010254 0.011230 -0.012771 0.025541 0.018092 -26.700001 43.500000 41.099998
-0.040527 -1.005859 0.001465 -0.013835 0.022349 0.018092 -27.900000 42.299999 40.500000
-0.035645 -1.008301 0.003906 -0.014899 0.024477 0.017028 -26.700001 42.299999 41.099998
-0.036865 -1.008301 0.007080 -0.014899 0.024477 0.019156 -26.700001 42.299999 38.700001
-0.035400 -1.003906 -0.004883 -0.013835 0.025541 0.014899 -27.900000 42.900002 40.500000
-0.039062 -1.011230 0.006104 -0.013835 0.022349 0.019156 -26.700001 44.700001 39.900002
-0.036865 -1.009277 0.008545 -0.014899 0.021284 0.014899 -26.400000 43.200001 39.599998
-0.037842 -1.004395 -0.005371 -0.013835 0.024477 0.020220 -26.700001 42.900002 39.900002
-0.042969 -1.005859 0.004639 -0.012771 0.024477 0.021284 -25.799999 45.000000 40.799999
-0.038330 -1.007080 0.011475 -0.013835 0.025541 0.018092 -25.799999 43.200001 41.400002
-0.031738 -1.003662 0.001221 -0.013835 0.024477 0.015963 -26.700001 43.500000 40.500000
-0.039307 -1.004150 -0.000244 -0.012771 0.023413 0.015963 -26.700001 42.299999 41.099998
-0.037842 -1.002197 0.016357 -0.014899 0.022349 0.019156 -27.900000 43.500000 38.700001
-0.042725 -1.002930 0.010010 -0.013835 0.024477 0.020220 -27.299999 42.900002 41.099998
-0.038574 -1.005615 0.010010 -0.010642 0.023413 0.019156 -26.700001 43.500000 39.900002
-0.036621 -1.001465 0.011230 -0.012771 0.025541 0.018092 -27.000000 42.599998 39.599998
-0.038330 -1.006592 0.004639 -0.014899 0.023413 0.018092 -27.000000 43.799999 39.599998
-0.037842 -1.003662 0.001465 -0.015963 0.023413 0.014899 -27.000000 43.200001 41.400002
-0.041504 -1.008301 0.007080 -0.011706 0.027670 0.015963 -28.200001 42.000000 39.599998
-0.040771 -1.005859 0.008789 -0.011706 0.024477 0.015963 -28.500000 42.299999 37.500000
-0.041504 -0.998047 0.005127 -0.013835 0.022349 0.018092 -27.600000 42.599998 39.599998
-0.035645 -1.006104 0.016846 -0.015963 0.024477 0.017028 -26.400000 42.599998 40.200001
-0.039062 -1.007324 -0.000488 -0.011706 0.023413 0.018092 -26.400000 42.000000 41.400002
-0.036621 -1.001709 0.003174 -0.012771 0.026606 0.014899 -28.500000 43.500000 39.299999
-0.036377 -1.003174 0.007568 -0.013835 0.023413 0.017028 -25.799999 42.599998 42.000000
-0.034424 -1.001465 0.001953 -0.014899 0.024477 0.019156 -28.200001 42.599998 40.200001
-0.037354 -1.007568 0.004883 -0.013835 0.023413 0.019156 -27.900000 44.099998 40.500000
-0.035889 -1.002197 0.010742 -0.013835 0.025541 0.020220 -28.500000 43.500000 38.700001
-0.032227 -0.997070 0.008057 -0.010642 0.023413 0.015963 -27.600000 43.799999 39.599998
-0.035156 -0.998535 -0.000488 -0.012771 0.023413 0.014899 -27.299999 42.299999 38.099998
-0.040039 -1.003174 0.000977 -0.013835 0.024477 0.019156 -26.400000 42.599998 39.599998
-0.030518 -0.999268 -0.001465 -0.011706 0.022349 0.017028 -27.900000 43.500000 38.099998
-0.042725 -1.003174 0.004150 -0.015963 0.022349 0.019156 -27.900000 43.500000 39.900002
-0.041016 -1.009033 0.011475 -0.017028 0.025541 0.017028 -25.799999 43.799999 41.400002
-0.038574 -1.003662 0.010254 -0.015963 0.023413 0.020220 -28.500000 42.900002 40.500000
-0.040283 -1.002930 0.000244 -0.015963 0.024477 0.015963 -26.400000 42.599998 40.799999
-0.034668 -1.005127 0.000732 -0.009578 0.024477 0.013835 -27.600000 43.200001 41.400002
-0.031982 -1.002441 0.014404 -0.011706 0.024477 0.018092 -27.299999 44.099998 39.299999
-0.037109 -1.011475 -0.000488 -0.012771 0.024477 0.019156 -26.400000 42.000000 40.799999
-0.040771 -1.007324 -0.003662 -0.013835 0.023413 0.018092 -27.299999 43.500000 39.900002
-0.035400 -0.999268 0.002197 -0.013835 0.023413 0.017028 -27.600000 43.200001 39.000000
-0.033936 -1.004639 0.010010 -0.014899 0.023413 0.017028 -27.299999 44.099998 39.900002
-0.035156 -1.003662 0.007812 -0.012771 0.020220 0.020220 -26.700001 41.700001 41.099998
-0.042236 -1.004395 -0.000244 -0.013835 0.022349 0.017028 -28.200001 43.200001 41.400002
-0.037354 -1.004150 0.004639 -0.012771 0.022349 0.018092 -27.600000 44.400002 40.200001
-0.039551 -1.005371 0.005127 -0.010642 0.019156 0.017028 -26.400000 41.400002 39.599998
-0.041016 -1.000488 0.000488 -0.018092 0.026606 0.015963 -27.000000 42.599998 41.400002
-0.041260 -1.009277 0.010254 -0.012771 0.023413 0.018092 -27.000000 41.400002 40.200001
-0.036377 -1.002686 -0.006104 -0.011706 0.023413 0.017028 -27.900000 41.700001 41.099998
-0.037842 -1.007324 0.006104 -0.011706 0.021284 0.015963 -27.600000 42.000000 40.200001
-0.033203 -1.011230 0.011475 -0.012771 0.022349 0.017028 -29.100000 44.099998 39.900002
-0.040771 -1.002686 0.011475 -0.011706 0.024477 0.017028 -29.100000 42.299999 39.299999
-0.039795 -1.004395 0.005859 -0.014899 0.022349 0.019156 -26.400000 43.200001 39.000000
-0.034424 -0.999268 0.014404 -0.014899 0.025541 0.019156 -26.400000 42.599998 39.599998
-0.042725 -1.000732 0.004639 -0.013835 0.025541 0.019156 -27.600000 43.200001 40.799999
-0.037842 -1.003174 -0.000977 -0.015963 0.025541 0.019156 -27.600000 43.200001 39.599998
-0.040039 -1.001465 0.005859 -0.014899 0.024477 0.017028 -26.400000 43.799999 40.799999
-0.039795 -1.004150 0.008057 -0.012771 0.025541 0.018092 -27.000000 43.200001 40.200001
-0.035889 -1.000244 0.009521 -0.013835 0.024477 0.018092 -26.100000 43.500000 39.900002
-0.033447 -1.006348 0.006592 -0.017028 0.024477 0.017028 -27.000000 42.000000 40.799999
-0.032227 -1.000732 -0.003418 -0.013835 0.024477 0.019156 -28.500000 44.700001 40.500000
-0.036865 -1.007324 0.004883 -0.013835 0.023413 0.018092 -27.000000 43.799999 40.200001
-0.039307 -1.002686 -0.000488 -0.010642 0.024477 0.018092 -27.299999 44.099998 38.700001
-0.037842 -1.006104 0.009521 -0.012771 0.022349 0.015963 -28.200001 42.000000 39.000000
-0.038086 -1.007812 0.009033 -0.012771 0.024477 0.018092 -27.600000 42.599998 39.000000
-0.036865 -1.008057 0.015869 -0.011706 0.023413 0.014899 -27.600000 43.200001 39.599998
-0.036865 -1.005859 0.006836 -0.017028 0.023413 0.019156 -27.000000 43.200001 40.200001
-0.040039 -1.003418 -0.002441 -0.011706 0.024477 0.018092 -28.799999 44.400002 40.200001
-0.035156 -0.997803 0.007080 -0.015963 0.025541 0.015963 -26.700001 44.099998 39.900002
-0.041992 -1.006348 0.008301 -0.013835 0.024477 0.017028 -26.100000 44.700001 38.700001
-0.033203 -1.007080 0.006348 -0.013835 0.023413 0.018092 -27.000000 44.400002 40.200001
-0.040039 -1.006836 -0.002686 -0.014899 0.024477 0.019156 -25.200001 45.000000 39.599998
-0.032959 -1.005371 0.007080 -0.013835 0.023413 0.020220 -28.200001 43.200001 40.200001
-0.042725 -1.008545 0.009277 -0.018092 0.022349 0.017028 -27.299999 43.500000 39.900002
-0.040283 -1.009766 0.009766 -0.015963 0.024477 0.017028 -25.799999 43.200001 39.000000
-0.043701 -1.006104 0.003418 -0.012771 0.025541 0.019156 -27.299999 42.900002 39.900002
-0.038818 -1.003418 0.005615 -0.011706 0.025541 0.017028 -27.299999 42.299999 39.299999
-0.039795 -1.005859 0.003174 -0.012771 0.021284 0.017028 -26.100000 43.500000 40.500000
-0.036377 -0.999512 0.002686 -0.014899 0.022349 0.018092 -27.299999 44.099998 41.099998
-0.039551 -1.003906 -0.001465 -0.013835 0.023413 0.020220 -28.200001 42.599998 39.599998
-0.033203 -1.010010 0.007324 -0.012771 0.025541 0.018092 -26.100000 42.900002 40.500000
-0.039307 -1.009033 0.000977 -0.013835 0.022349 0.015963 -25.799999 44.400002 40.799999
-0.033936 -1.000000 0.006104 -0.015963 0.027670 0.014899 -25.200001 43.799999 42.000000
-0.038086 -1.007324 0.016846 -0.017028 0.024477 0.012771 -27.000000 43.200001 39.599998
-0.033691 -1.009033 0.003174 -0.014899 0.020220 0.018092 -25.500000 44.099998 41.099998
-0.038818 -1.005371 0.006592 -0.012771 0.024477 0.018092 -26.400000 43.200001 40.200001
-0.039307 -1.004883 0.007080 -0.012771 0.023413 0.017028 -27.600000 42.599998 40.200001
-0.040039 -1.006836 0.015625 -0.012771 0.022349 0.017028 -27.299999 42.900002 41.700001
-0.031250 -1.006592 0.005859 -0.009578 0.022349 0.017028 -27.900000 42.900002 40.500000
-0.041016 -1.000977 0.004639 -0.015963 0.023413 0.019156 -28.500000 43.500000 41.099998
-0.040039 -1.004395 0.008545 -0.013835 0.025541 0.021284 -27.600000 42.599998 38.400002
-0.041016 -1.001953 0.009033 -0.011706 0.023413 0.017028 -26.700001 42.299999 39.299999
-0.037842 -1.005859 0.007080 -0.014899 0.024477 0.018092 -27.900000 42.299999 40.500000
-0.040283 -1.002441 0.007080 -0.012771 0.021284 0.017028 -27.900000 41.700001 39.299999
-0.035400 -1.000000 0.005859 -0.017028 0.020220 0.017028 -28.200001 42.599998 40.799999
-0.032715 -1.000977 -0.000488 -0.011706 0.020220 0.018092 -26.700001 43.500000 40.500000
-0.034668 -1.006592 0.010742 -0.012771 0.025541 0.013835 -25.799999 43.200001 40.799999
-0.034668 -1.005127 0.000977 -0.015963 0.022349 0.020220 -28.200001 42.000000 39.599998
-0.041748 -1.004395 0.009033 -0.014899 0.024477 0.018092 -26.100000 42.900002 41.099998
-0.039551 -1.009033 0.002930 -0.013835 0.021284 0.019156 -28.500000 43.500000 40.500000
-0.035400 -1.000732 -0.001465 -0.014899 0.025541 0.019156 -26.400000 43.200001 40.799999
-0.041504 -1.003662 0.012451 -0.013835 0.024477 0.019156 -26.100000 43.500000 40.500000
-0.041504 -1.009521 0.016113 -0.013835 0.025541 0.018092 -25.799999 42.000000 39.599998
-0.037598 -1.009277 0.005615 -0.015963 0.024477 0.017028 -27.299999 42.299999 39.900002
-0.034912 -1.010254 0.000732 -0.012771 0.023413 0.018092 -29.400000 43.200001 40.200001
-0.035400 -1.006592 0.004150 -0.014899 0.022349 0.014899 -26.100000 43.500000 38.700001
-0.035889 -1.007812 0.011230 -0.014899 0.022349 0.018092 -27.000000 42.000000 39.599998
-0.033447 -1.001221 0.007812 -0.012771 0.024477 0.015963 -25.200001 43.200001 40.200001
-0.040771 -1.003418 0.005615 -0.014899 0.024477 0.014899 -27.900000 42.299999 40.500000
-0.033203 -1.007568 -0.002930 -0.012771 0.023413 0.014899 -27.299999 42.900002 40.500000
-0.041016 -1.004395 -0.000488 -0.013835 0.022349 0.014899 -27.299999 41.700001 41.099998
-0.038818 -1.001709 0.003662 -0.013835 0.024477 0.019156 -28.500000 42.900002 40.500000
-0.038574 -1.011963 0.004639 -0.013835 0.024477 0.015963 -28.200001 42.599998 40.200001
-0.040039 -1.011230 0.002197 -0.014899 0.021284 0.017028 -27.900000 44.099998 39.299999
-0.031738 -1.000244 0.001221 -0.013835 0.024477 0.014899 -27.299999 43.500000 39.900002
-0.034912 -1.005127 0.002441 -0.014899 0.024477 0.017028 -27.600000 42.599998 40.200001
-0.040771 -1.002441 -0.000977 -0.014899 0.023413 0.019156 -26.700001 42.900002 40.500000
-0.036621 -0.999512 0.005615 -0.014899 0.026606 0.017028 -27.900000 43.500000 39.900002
-0.034912 -1.004150 0.006592 -0.011706 0.023413 0.017028 -27.299999 44.099998 40.500000
-0.038574 -1.003906 0.003662 -0.011706 0.023413 0.017028 -26.100000 43.500000 38.700001
-0.038818 -1.009033 0.008545 -0.012771 0.022349 0.015963 -27.600000 43.200001 39.000000
-0.038818 -1.002686 0.001221 -0.015963 0.024477 0.020220 -27.600000 43.200001 40.200001
-0.036133 -1.006592 0.003418 -0.011706 0.021284 0.015963 -27.900000 41.099998 41.099998
-0.043701 -1.007568 0.015625 -0.012771 0.022349 0.019156 -28.799999 42.599998 39.599998
-0.034668 -1.006104 0.011475 -0.012771 0.025541 0.014899 -26.700001 42.900002 41.099998
-0.031738 -1.006104 0.007812 -0.014899 0.021284 0.015963 -28.500000 42.900002 41.099998
-0.036377 -1.003418 0.006104 -0.015963 0.021284 0.017028 -25.500000 43.500000 38.700001
-0.037598 -1.004883 0.002197 -0.014899 0.022349 0.019156 -27.600000 43.200001 39.000000
-0.028809 -1.005127 0.005859 -0.015963 0.023413 0.018092 -26.100000 43.500000 40.500000
-0.035400 -0.999023 0.000244 -0.012771 0.024477 0.017028 -28.200001 42.000000 40.799999
-0.036865 -1.004395 0.019287 -0.015963 0.025541 0.020220 -26.700001 42.299999 41.099998
-0.033447 -1.004150 -0.004883 -0.013835 0.025541 0.018092 -27.900000 42.900002 39.900002
-0.039062 -1.008789 0.012207 -0.012771 0.025541 0.017028 -25.500000 42.299999 38.700001
-0.043701 -1.004150 0.004639 -0.011706 0.022349 0.018092 -26.100000 42.299999 39.299999
-0.040283 -1.005371 0.004883 -0.009578 0.025541 0.014899 -27.299999 42.900002 39.900002
-0.033447 -1.006104 -0.000244 -0.018092 0.023413 0.014899 -27.299999 43.500000 39.900002
-0.040039 -1.002441 0.012207 -0.009578 0.024477 0.017028 -27.000000 42.599998 40.200001
-0.041260 -1.008057 0.005127 -0.014899 0.025541 0.017028 -27.600000 42.599998 39.599998
-0.041748 -1.008057 0.001953 -0.012771 0.023413 0.020220 -28.200001 42.599998 40.200001
-0.039795 -1.004395 0.008545 -0.012771 0.025541 0.019156 -27.000000 42.000000 40.200001
-0.035645 -1.005859 0.006104 -0.012771 0.022349 0.018092 -26.400000 42.000000 38.400002
-0.041748 -1.005859 0.015869 -0.015963 0.024477 0.020220 -27.900000 42.299999 40.500000
-0.035889 -1.000977 0.011719 -0.012771 0.023413 0.017028 -28.200001 43.200001 40.799999
-0.038330 -1.004395 0.001221 -0.011706 0.024477 0.015963 -27.600000 43.200001 39.599998
-0.037842 -1.000488 0.009766 -0.014899 0.027670 0.017028 -27.000000 43.799999 39.000000
-0.038574 -1.005859 -0.001953 -0.012771 0.023413 0.017028 -25.500000 42.299999 39.900002
-0.033691 -1.004883 0.003174 -0.013835 0.024477 0.017028 -27.299999 43.500000 40.500000
-0.040527 -1.006592 0.006348 -0.011706 0.025541 0.017028 -27.900000 44.099998 40.500000
-0.033203 -1.002197 0.006836 -0.012771 0.023413 0.017028 -27.600000 43.799999 39.000000
-0.041748 -1.006104 0.001709 -0.012771 0.025541 0.017028 -27.000000 42.000000 39.000000
-0.037109 -1.006348 0.003662 -0.011706 0.022349 0.018092 -28.200001 43.200001 40.200001
-0.035889 -1.003662 0.006592 -0.012771 0.024477 0.019156 -30.000000 43.200001 40.799999
-0.037598 -1.006836 0.001709 -0.014899 0.024477 0.019156 -28.799999 43.200001 40.200001
-0.041992 -1.007080 0.008789 -0.014899 0.024477 0.018092 -27.000000 42.599998 39.599998
-0.043457 -1.007080 0.007568 -0.013835 0.022349 0.014899 -27.000000 43.200001 41.400002
-0.039062 -1.008057 0.005127 -0.014899 0.020220 0.019156 -28.500000 43.500000 39.299999
-0.039062 -0.999512 0.003418 -0.015963 0.024477 0.015963 -27.600000 43.200001 39.000000
-0.043457 -1.003174 -0.004883 -0.013835 0.022349 0.014899 -28.200001 44.400002 39.599998
-0.040039 -1.002930 0.004639 -0.011706 0.024477 0.019156 -28.500000 44.700001 40.500000
-0.038086 -1.000488 0.001221 -0.010642 0.026606 0.019156 -28.200001 42.599998 39.599998
-0.043701 -1.003418 0.002441 -0.015963 0.023413 0.017028 -26.100000 41.700001 41.099998
-0.042969 -1.004883 0.005127 -0.013835 0.023413 0.020220 -26.100000 41.700001 38.099998
-0.034424 -1.002441 0.001465 -0.017028 0.022349 0.018092 -27.299999 42.299999 39.900002
-0.040527 -1.011230 0.010010 -0.018092 0.024477 0.014899 -27.900000 44.099998 41.700001
-0.037598 -1.006348 0.008301 -0.015963 0.024477 0.017028 -25.799999 44.400002 39.000000
-0.038086 -1.006592 0.008057 -0.011706 0.023413 0.019156 -26.700001 42.900002 40.500000
-0.037842 -0.998779 0.005859 -0.013835 0.024477 0.020220 -27.600000 44.400002 40.200001
-0.037109 -1.003174 0.003662 -0.018092 0.024477 0.018092 -27.600000 44.400002 39.000000
-0.041992 -1.004639 0.009277 -0.015963 0.024477 0.017028 -27.900000 42.299999 39.900002
-0.037598 -1.009766 0.005615 -0.011706 0.022349 0.018092 -27.000000 43.799999 40.200001
-0.038330 -0.998047 0.013428 -0.014899 0.024477 0.018092 -27.299999 44.099998 41.099998
-0.039795 -1.003906 0.005615 -0.010642 0.026606 0.018092 -27.299999 44.099998 41.700001
-0.034912 -1.002441 0.000732 -0.011706 0.024477 0.017028 -26.100000 42.900002 40.500000
-0.042236 -1.003418 0.004883 -0.017028 0.024477 0.014899 -26.400000 43.200001 40.200001
-0.040283 -1.006592 0.009033 -0.013835 0.024477 0.015963 -26.700001 43.500000 40.500000
-0.037842 -1.010010 0.005615 -0.012771 0.024477 0.018092 -27.900000 42.299999 39.299999
-0.034180 -1.001221 0.009521 -0.013835 0.022349 0.018092 -27.299999 43.500000 39.900002
-0.038818 -1.001221 0.015625 -0.011706 0.024477 0.015963 -28.200001 42.599998 39.599998
-0.040283 -1.008057 0.004639 -0.014899 0.023413 0.014899 -27.900000 44.700001 38.700001
-0.040527 -1.004639 0.001709 -0.012771 0.025541 0.014899 -28.200001 43.200001 38.400002
-0.040771 -0.996826 -0.005615 -0.015963 0.022349 0.018092 -26.100000 42.299999 39.299999
-0.032959 -1.007080 0.002686 -0.015963 0.023413 0.017028 -26.700001 42.900002 39.900002
-0.036377 -0.998291 0.010254 -0.013835 0.020220 0.020220 -26.100000 43.500000 41.099998
-0.038818 -1.001709 0.002197 -0.014899 0.024477 0.019156 -28.500000 44.099998 40.500000
-0.036377 -1.001953 0.007080 -0.018092 0.025541 0.019156 -25.799999 44.400002 39.599998
-0.037842 -0.998535 0.016357 -0.012771 0.022349 0.018092 -27.600000 42.599998 40.799999
-0.036133 -1.004150 0.011475 -0.013835 0.023413 0.020220 -26.400000 41.400002 40.200001
-0.035889 -1.002441 0.005615 -0.010642 0.022349 0.014899 -26.700001 42.900002 39.900002
-0.036133 -1.008545 0.007080 -0.013835 0.023413 0.017028 -27.600000 42.000000 40.200001
-0.042725 -1.005127 0.003174 -0.012771 0.023413 0.013835 -27.299999 43.500000 38.700001
-0.039307 -1.004395 0.002197 -0.012771 0.021284 0.017028 -27.600000 43.200001 39.000000
-0.032471 -0.999756 0.007812 -0.013835 0.023413 0.020220 -25.799999 43.799999 40.799999
-0.037842 -1.006592 0.000000 -0.011706 0.024477 0.018092 -27.299999 42.900002 39.299999
-0.039795 -1.007080 0.001709 -0.013835 0.024477 0.014899 -27.000000 42.000000 39.599998
-0.037598 -1.008057 0.011230 -0.013835 0.024477 0.017028 -26.700001 44.099998 39.900002
-0.036377 -1.007080 0.002197 -0.013835 0.022349 0.017028 -27.000000 42.599998 40.200001
-0.036621 -1.008545 0.008057 -0.011706 0.024477 0.015963 -27.900000 42.299999 38.700001
-0.040283 -1.002441 0.008789 -0.011706 0.024477 0.018092 -27.299999 44.099998 40.500000
-0.042725 -1.003174 -0.005371 -0.011706 0.024477 0.018092 -26.700001 44.700001 39.900002
-0.040771 -1.007568 -0.001465 -0.015963 0.023413 0.017028 -27.299999 43.500000 41.099998
-0.039062 -1.001709 -0.001221 -0.010642 0.024477 0.014899 -27.900000 43.500000 39.299999
-0.034668 -1.002686 0.000488 -0.014899 0.022349 0.017028 -27.299999 44.700001 39.299999
-0.030273 -1.004639 0.001221 -0.013835 0.025541 0.017028 -27.600000 45.000000 39.000000
-0.041016 -1.002930 0.006592 -0.012771 0.024477 0.015963 -26.100000 42.299999 41.099998
-0.033203 -1.001953 0.010498 -0.014899 0.023413 0.018092 -25.500000 42.900002 40.500000
-0.035156 -1.005615 0.003662 -0.014899 0.023413 0.017028 -28.200001 43.799999 40.799999
-0.033936 -0.996582 0.000977 -0.015963 0.027670 0.019156 -27.299999 44.099998 40.500000
-0.038086 -1.004883 0.000488 -0.013835 0.023413 0.014899 -27.000000 42.000000 39.000000
-0.036621 -1.004150 0.001221 -0.012771 0.021284 0.019156 -27.299999 44.099998 41.700001
-0.033691 -1.010742 0.009277 -0.014899 0.024477 0.017028 -26.700001 42.900002 40.500000
-0.038574 -1.005859 0.008057 -0.013835 0.026606 0.017028 -27.299999 42.900002 38.700001
-0.037842 -1.008057 0.010498 -0.013835 0.024477 0.015963 -26.700001 42.299999 41.099998
-0.048828 -1.004639 0.006592 -0.014899 0.021284 0.017028 -26.100000 43.500000 40.500000
-0.038330 -1.006836 0.000244 -0.011706 0.024477 0.019156 -27.900000 43.500000 40.500000
-0.035400 -1.008301 0.004639 -0.010642 0.023413 0.019156 -26.100000 43.500000 41.099998
-0.039307 -1.009277 0.004150 -0.008514 0.025541 0.017028 -27.299999 44.099998 39.299999
-0.035645 -1.007324 0.010010 -0.011706 0.025541 0.014899 -27.000000 44.400002 40.200001
-0.039551 -1.009033 0.006104 -0.011706 0.024477 0.017028 -27.900000 41.700001 39.900002
-0.032959 -1.007568 -0.000732 -0.014899 0.022349 0.014899 -27.299999 43.500000 38.700001
-0.033447 -1.004395 0.005371 -0.012771 0.026606 0.018092 -26.700001 44.099998 39.900002
-0.039795 -1.009277 0.013916 -0.012771 0.022349 0.015963 -25.500000 43.500000 39.299999
-0.035400 -1.007080 0.006104 -0.014899 0.025541 0.014899 -27.600000 43.200001 40.200001
-0.034912 -1.007812 0.000000 -0.014899 0.022349 0.018092 -25.799999 43.200001 40.799999
-0.038086 -1.005371 0.005615 -0.015963 0.023413 0.021284 -26.700001 42.900002 39.299999
-0.035156 -1.002197 0.001221 -0.012771 0.022349 0.015963 -27.000000 43.200001 40.799999
-0.040527 -1.001465 0.003662 -0.014899 0.024477 0.020220 -27.600000 42.599998 41.400002
-0.034424 -1.002686 0.001465 -0.009578 0.023413 0.021284 -28.200001 43.200001 40.200001
-0.040039 -1.001709 0.005615 -0.012771 0.020220 0.015963 -26.400000 44.400002 40.200001
-0.043701 -1.008789 -0.000488 -0.012771 0.026606 0.017028 -27.900000 43.500000 40.500000
-0.035645 -1.007080 -0.004883 -0.011706 0.022349 0.017028 -26.700001 41.700001 39.299999
-0.035889 -1.011963 0.000244 -0.013835 0.024477 0.018092 -27.600000 43.799999 41.400002
-0.038086 -1.003418 0.007080 -0.015963 0.024477 0.019156 -25.799999 43.200001 40.200001
-0.035400 -1.007080 0.004883 -0.012771 0.023413 0.019156 -27.600000 42.000000 40.799999
-0.040771 -1.006836 0.012939 -0.014899 0.021284 0.018092 -27.900000 42.299999 38.700001
-0.041016 -1.000000 0.007080 -0.013835 0.021284 0.018092 -28.200001 43.200001 40.799999
-0.038086 -1.003418 0.004150 -0.013835 0.022349 0.018092 -27.299999 42.900002 39.900002
-0.035156 -1.007080 0.010010 -0.013835 0.025541 0.020220 -27.600000 42.599998 39.599998
-0.033691 -1.001953 0.002197 -0.011706 0.026606 0.019156 -27.900000 43.500000 40.500000
