-0.025879 -1.003662 0.041748 -0.015963 0.022349 0.018092 38.099998 42.299999 44.099998
-0.027100 -1.004395 0.036133 -0.013835 0.023413 0.021284 39.900002 41.700001 44.099998
-0.022705 -1.005859 0.037598 -0.011706 0.023413 0.018092 36.900002 40.500000 44.700001
-0.028809 -1.008057 0.051025 -0.012771 0.025541 0.017028 37.500000 40.500000 47.099998
-0.023438 -1.009521 0.048096 -0.015963 0.024477 0.018092 36.900002 40.500000 45.900002
-0.023193 -1.002930 0.034668 -0.014899 0.020220 0.015963 38.099998 39.900002 45.299999
-0.029053 -1.006348 0.045898 -0.013835 0.021284 0.017028 37.500000 41.099998 45.900002
-0.027832 -1.007812 0.043701 -0.015963 0.023413 0.017028 37.500000 42.299999 45.900002
-0.021484 -1.010498 0.041748 -0.015963 0.024477 0.019156 38.700001 41.700001 44.700001
-0.027832 -1.003906 0.042969 -0.014899 0.023413 0.022349 37.200001 40.200001 46.799999
-0.024658 -1.003662 0.043701 -0.017028 0.025541 0.017028 39.000000 40.799999 45.599998
-0.024170 -1.010742 0.041016 -0.013835 0.023413 0.019156 39.599998 40.799999 45.000000
-0.027588 -1.008301 0.039795 -0.013835 0.020220 0.015963 38.099998 42.299999 46.500000
-0.027588 -1.004883 0.042969 -0.013835 0.024477 0.013835 38.099998 42.900002 44.700001
-0.023682 -1.004883 0.028076 -0.013835 0.023413 0.019156 36.599998 42.000000 46.200001
-0.025635 -1.005371 0.033203 -0.011706 0.022349 0.019156 38.400002 43.799999 44.400002
-0.031494 -1.008301 0.040283 -0.010642 0.022349 0.015963 37.500000 41.099998 45.900002
-0.030029 -1.004150 0.035889 -0.014899 0.020220 0.020220 37.799999 43.799999 46.799999
-0.023193 -1.003418 0.038818 -0.011706 0.024477 0.015963 37.799999 43.799999 45.599998
-0.023682 -1.001465 0.046631 -0.015963 0.023413 0.019156 38.700001 41.700001 44.700001
-0.025879 -1.010986 0.041748 -0.012771 0.023413 0.020220 37.500000 39.299999 45.900002
-0.029541 -1.010742 0.040771 -0.015963 0.023413 0.019156 38.099998 41.099998 45.299999
-0.024658 -1.008789 0.039795 -0.011706 0.023413 0.018092 37.500000 40.500000 45.900002
-0.028564 -0.998291 0.030518 -0.012771 0.024477 0.018092 37.500000 42.299999 45.900002
-0.025635 -1.004395 0.038086 -0.009578 0.024477 0.020220 38.700001 41.700001 45.900002
-0.023193 -1.006836 0.030029 -0.015963 0.024477 0.017028 36.900002 41.099998 45.299999
-0.023926 -1.006104 0.034668 -0.013835 0.024477 0.018092 37.799999 40.799999 43.799999
-0.024902 -0.999512 0.041748 -0.014899 0.023413 0.017028 38.099998 40.500000 46.500000
-0.019775 -1.010498 0.037598 -0.013835 0.024477 0.019156 37.500000 41.700001 44.700001
-0.029541 -1.008789 0.040771 -0.011706 0.022349 0.018092 38.700001 42.299999 45.900002
-0.034180 -1.006836 0.046143 -0.012771 0.023413 0.018092 38.700001 41.099998 44.099998
-0.021973 -1.000000 0.034180 -0.014899 0.023413 0.017028 39.000000 41.400002 43.200001
-0.029297 -0.998535 0.042236 -0.013835 0.025541 0.017028 39.299999 40.500000 45.900002
-0.021240 -1.002930 0.031494 -0.013835 0.024477 0.018092 37.799999 40.799999 43.799999
-0.025635 -1.009521 0.042480 -0.014899 0.022349 0.018092 37.799999 41.400002 45.599998
-0.027588 -1.006348 0.036133 -0.013835 0.022349 0.015963 38.099998 42.299999 44.099998
-0.027344 -1.007080 0.036865 -0.010642 0.024477 0.018092 37.200001 42.000000 45.599998
-0.023926 -1.003662 0.032227 -0.013835 0.024477 0.014899 37.200001 41.400002 46.799999
-0.021484 -1.003418 0.035156 -0.012771 0.022349 0.020220 38.700001 41.700001 45.900002
-0.021729 -1.008789 0.042236 -0.015963 0.023413 0.018092 38.700001 39.900002 46.500000
-0.029053 -1.000732 0.040771 -0.011706 0.022349 0.017028 38.700001 39.900002 44.099998
-0.037109 -1.013428 0.037598 -0.012771 0.023413 0.017028 38.400002 42.000000 45.000000
-0.029785 -1.007812 0.043701 -0.014899 0.025541 0.014899 37.799999 40.799999 45.000000
-0.025879 -1.006592 0.033447 -0.013835 0.023413 0.017028 39.000000 42.000000 44.400002
-0.030273 -1.005371 0.039307 -0.009578 0.023413 0.018092 39.000000 40.799999 44.400002
-0.028320 -1.004395 0.044434 -0.012771 0.022349 0.019156 37.799999 42.599998 46.200001
-0.025879 -1.009277 0.040039 -0.014899 0.023413 0.021284 37.500000 41.099998 44.700001
-0.026123 -1.006592 0.035400 -0.015963 0.021284 0.017028 39.000000 40.799999 43.200001
-0.027344 -1.004883 0.041260 -0.014899 0.024477 0.015963 38.400002 40.200001 43.799999
-0.022461 -1.004395 0.046387 -0.012771 0.023413 0.015963 37.500000 42.299999 45.900002
-0.027832 -1.005371 0.037842 -0.013835 0.022349 0.018092 37.200001 42.000000 46.200001
-0.025635 -1.007812 0.034912 -0.015963 0.022349 0.015963 38.400002 42.000000 44.400002
-0.028076 -1.013672 0.042480 -0.014899 0.026606 0.017028 36.900002 41.099998 45.900002
-0.023926 -1.014648 0.036133 -0.012771 0.023413 0.019156 36.900002 41.099998 43.500000
-0.023682 -0.999268 0.042725 -0.015963 0.020220 0.017028 39.000000 40.200001 46.200001
-0.027344 -1.006592 0.038086 -0.013835 0.024477 0.017028 39.000000 40.799999 43.799999
-0.026611 -1.004395 0.033203 -0.013835 0.024477 0.015963 37.500000 41.700001 44.700001
-0.027100 -1.004395 0.025146 -0.018092 0.022349 0.015963 37.799999 43.200001 46.200001
-0.025879 -1.007324 0.040039 -0.010642 0.022349 0.017028 38.700001 39.900002 44.700001
-0.023193 -1.005615 0.041748 -0.012771 0.022349 0.017028 36.599998 41.400002 45.599998
-0.028564 -0.998047 0.032959 -0.015963 0.023413 0.014899 38.099998 41.700001 45.900002
-0.029785 -1.003418 0.038818 -0.010642 0.023413 0.015963 38.400002 40.799999 45.599998
-0.032471 -1.001953 0.040039 -0.013835 0.022349 0.018092 36.599998 43.200001 44.400002
-0.028320 -1.001953 0.040283 -0.012771 0.022349 0.014899 37.200001 40.200001 43.799999
-0.026367 -0.999268 0.043701 -0.012771 0.025541 0.015963 38.400002 42.000000 44.400002
-0.025879 -1.010254 0.041748 -0.014899 0.024477 0.017028 37.200001 40.799999 45.599998
-0.026611 -1.008789 0.038818 -0.013835 0.025541 0.019156 37.200001 41.400002 44.400002
-0.027100 -1.001953 0.042480 -0.013835 0.023413 0.018092 38.400002 42.000000 44.400002
-0.030029 -1.005859 0.040283 -0.012771 0.024477 0.019156 38.099998 40.500000 45.900002
-0.026367 -1.003418 0.036621 -0.013835 0.022349 0.017028 37.200001 40.799999 46.200001
-0.026855 -1.010986 0.040039 -0.010642 0.024477 0.018092 38.400002 41.400002 45.599998
-0.027344 -1.010742 0.029053 -0.012771 0.024477 0.017028 39.299999 41.099998 45.900002
-0.028809 -1.008545 0.044189 -0.013835 0.026606 0.017028 38.099998 41.099998 45.299999
-0.029785 -1.006592 0.043457 -0.014899 0.023413 0.018092 37.200001 41.400002 45.599998
-0.032227 -1.007568 0.032227 -0.013835 0.024477 0.021284 37.200001 40.799999 45.000000
-0.032471 -1.003418 0.037109 -0.011706 0.024477 0.017028 37.200001 40.200001 45.000000
-0.024414 -1.002686 0.039062 -0.013835 0.023413 0.017028 38.400002 42.599998 44.400002
-0.021973 -1.000244 0.036133 -0.014899 0.025541 0.020220 36.299999 42.900002 44.700001
-0.031006 -1.008057 0.034180 -0.014899 0.023413 0.014899 37.799999 40.799999 44.400002
-0.024658 -1.007324 0.028564 -0.014899 0.022349 0.019156 39.000000 42.000000 45.000000
-0.026123 -1.006592 0.035889 -0.015963 0.023413 0.017028 38.700001 42.299999 45.299999
-0.029541 -1.002197 0.035400 -0.014899 0.025541 0.017028 38.400002 40.200001 45.599998
-0.026367 -1.003906 0.031982 -0.012771 0.023413 0.017028 36.900002 41.700001 44.099998
-0.027588 -0.999023 0.034912 -0.013835 0.023413 0.018092 38.700001 41.099998 45.299999
-0.029297 -1.007812 0.037598 -0.012771 0.025541 0.019156 39.000000 40.799999 45.599998
-0.029785 -1.009766 0.038086 -0.012771 0.024477 0.018092 38.099998 40.500000 47.099998
-0.029053 -1.005859 0.040283 -0.012771 0.022349 0.015963 37.799999 42.599998 46.799999
-0.027588 -1.001465 0.032959 -0.015963 0.022349 0.017028 38.400002 41.400002 45.599998
-0.023682 -1.003174 0.043945 -0.017028 0.023413 0.015963 37.799999 42.000000 45.000000
-0.029297 -1.006592 0.043457 -0.011706 0.024477 0.018092 37.200001 40.799999 45.000000
-0.028076 -1.003418 0.031738 -0.012771 0.023413 0.018092 38.099998 41.099998 45.299999
-0.029297 -0.997559 0.040039 -0.012771 0.024477 0.020220 37.500000 40.500000 43.500000
-0.024170 -1.007080 0.030518 -0.009578 0.024477 0.019156 36.900002 41.700001 45.299999
-0.023438 -1.004883 0.037354 -0.014899 0.024477 0.015963 38.400002 41.400002 44.400002
-0.029785 -1.000488 0.036621 -0.013835 0.020220 0.020220 37.799999 41.400002 45.599998
-0.026367 -1.004883 0.035889 -0.012771 0.022349 0.014899 37.500000 41.700001 45.299999
-0.025146 -1.002441 0.041748 -0.012771 0.022349 0.020220 37.500000 41.099998 45.299999
-0.022949 -1.009277 0.045654 -0.014899 0.023413 0.017028 37.200001 40.799999 45.599998
-0.030273 -1.010742 0.034424 -0.014899 0.020220 0.019156 36.900002 41.700001 45.900002
-0.028564 -1.010010 0.036377 -0.013835 0.022349 0.017028 38.400002 42.000000 45.000000
-0.028564 -1.010254 0.031006 -0.014899 0.023413 0.020220 37.799999 41.400002 46.200001
-0.025879 -1.005127 0.037598 -0.013835 0.022349 0.017028 36.599998 40.799999 45.000000
-0.026367 -1.012451 0.034424 -0.015963 0.022349 0.015963 36.900002 41.700001 45.299999
-0.028564 -1.001953 0.035400 -0.011706 0.021284 0.015963 38.400002 42.000000 45.599998
-0.017334 -1.008301 0.036621 -0.015963 0.023413 0.017028 37.500000 40.500000 45.900002
-0.037109 -1.010498 0.035889 -0.013835 0.025541 0.018092 37.799999 40.799999 45.000000
-0.030273 -1.011963 0.035156 -0.013835 0.023413 0.018092 37.500000 41.099998 45.900002
-0.028564 -0.999023 0.033936 -0.012771 0.020220 0.017028 38.099998 41.700001 44.099998
-0.028076 -0.997070 0.028564 -0.009578 0.024477 0.018092 37.799999 40.200001 43.799999
-0.026611 -1.003906 0.036865 -0.013835 0.023413 0.019156 37.200001 40.799999 45.000000
-0.033936 -1.003174 0.044189 -0.013835 0.024477 0.014899 36.900002 41.700001 45.299999
-0.029541 -1.007080 0.033691 -0.011706 0.020220 0.019156 37.500000 41.099998 44.099998
-0.029541 -1.009521 0.045166 -0.014899 0.023413 0.020220 36.599998 41.400002 43.799999
-0.030518 -1.011230 0.038086 -0.011706 0.024477 0.013835 39.000000 40.799999 46.200001
-0.025879 -1.003662 0.038818 -0.013835 0.023413 0.017028 37.799999 42.000000 46.799999
-0.034668 -1.007080 0.045654 -0.014899 0.021284 0.017028 37.200001 40.799999 45.000000
-0.027344 -1.010742 0.045166 -0.013835 0.021284 0.015963 36.599998 42.599998 45.000000
-0.026123 -1.004883 0.030273 -0.014899 0.021284 0.017028 38.700001 42.299999 44.700001
-0.033447 -1.007080 0.037842 -0.010642 0.024477 0.017028 37.500000 42.900002 44.099998
-0.029785 -0.997070 0.043701 -0.015963 0.024477 0.018092 37.500000 41.099998 44.700001
-0.027100 -1.001221 0.036621 -0.011706 0.023413 0.017028 38.700001 42.299999 45.299999
-0.024902 -1.004395 0.038574 -0.012771 0.024477 0.018092 37.799999 42.000000 46.200001
-0.031006 -1.012207 0.041260 -0.010642 0.022349 0.018092 36.900002 41.099998 46.500000
-0.026123 -0.998047 0.031982 -0.013835 0.024477 0.018092 37.799999 41.400002 45.000000
-0.024658 -1.007080 0.039795 -0.018092 0.025541 0.021284 38.400002 40.799999 45.000000
-0.029297 -1.004395 0.040771 -0.014899 0.023413 0.015963 38.099998 41.099998 44.700001
-0.025391 -1.009277 0.047363 -0.011706 0.022349 0.020220 38.400002 40.799999 45.000000
-0.023682 -1.006836 0.037109 -0.012771 0.021284 0.018092 37.799999 40.200001 45.000000
-0.030029 -1.005371 0.045410 -0.011706 0.021284 0.017028 36.599998 40.799999 45.000000
-0.028809 -1.004639 0.036133 -0.010642 0.024477 0.019156 38.400002 42.000000 45.000000
-0.026855 -1.009277 0.034180 -0.011706 0.023413 0.015963 39.299999 39.900002 47.099998
-0.029785 -1.009521 0.037109 -0.014899 0.025541 0.015963 38.099998 41.700001 45.299999
-0.025391 -1.004395 0.031006 -0.018092 0.021284 0.013835 37.799999 40.799999 43.799999
-0.026123 -1.001465 0.038330 -0.013835 0.022349 0.018092 36.900002 42.299999 45.299999
-0.018799 -1.006836 0.052246 -0.013835 0.022349 0.015963 36.299999 42.299999 46.500000
-0.025879 -1.011230 0.039062 -0.012771 0.022349 0.018092 39.000000 40.200001 44.400002
-0.031250 -1.007812 0.035645 -0.012771 0.019156 0.018092 38.099998 41.099998 45.900002
-0.020996 -1.003906 0.040283 -0.015963 0.023413 0.018092 37.500000 40.500000 45.299999
-0.021484 -1.002197 0.033203 -0.012771 0.023413 0.015963 37.200001 40.799999 45.599998
-0.022461 -1.007080 0.039551 -0.012771 0.021284 0.015963 38.099998 41.099998 44.700001
-0.024414 -1.002686 0.039795 -0.014899 0.024477 0.017028 38.700001 42.299999 45.299999
-0.022461 -1.001709 0.040283 -0.015963 0.022349 0.015963 37.500000 41.700001 45.299999
-0.026611 -1.004639 0.041748 -0.013835 0.021284 0.018092 37.200001 41.400002 46.200001
-0.025146 -1.007812 0.041504 -0.012771 0.024477 0.015963 37.200001 40.799999 45.000000
-0.022705 -1.002197 0.041016 -0.010642 0.023413 0.014899 37.500000 39.900002 45.900002
-0.025391 -1.005127 0.039551 -0.014899 0.025541 0.020220 37.500000 41.700001 46.500000
-0.029541 -1.007568 0.035645 -0.015963 0.023413 0.021284 36.900002 44.099998 45.900002
-0.019531 -1.004883 0.037109 -0.014899 0.022349 0.018092 37.799999 40.799999 43.799999
-0.026367 -1.005615 0.031738 -0.012771 0.021284 0.015963 37.500000 42.900002 44.700001
-0.025879 -1.008789 0.043701 -0.013835 0.023413 0.018092 36.599998 41.400002 45.599998
-0.027344 -1.003418 0.041016 -0.013835 0.020220 0.018092 36.299999 40.500000 43.500000
-0.030029 -1.003906 0.038818 -0.017028 0.025541 0.018092 38.400002 42.000000 45.000000
-0.023682 -1.001465 0.040771 -0.011706 0.024477 0.015963 37.500000 40.500000 47.099998
-0.023926 -1.004395 0.041992 -0.013835 0.027670 0.015963 37.200001 42.000000 46.799999
-0.028076 -1.006348 0.041748 -0.013835 0.022349 0.020220 37.200001 40.200001 45.599998
-0.024902 -1.002930 0.031494 -0.011706 0.022349 0.019156 37.500000 39.900002 45.900002
-0.031006 -1.002197 0.030029 -0.012771 0.025541 0.017028 36.900002 40.500000 45.900002
-0.028809 -1.004883 0.030762 -0.013835 0.021284 0.017028 36.299999 41.700001 46.500000
-0.024170 -1.001953 0.028809 -0.011706 0.021284 0.018092 37.500000 40.500000 45.299999
-0.030762 -1.003906 0.031250 -0.011706 0.023413 0.019156 39.000000 40.200001 45.599998
-0.025879 -1.010986 0.031006 -0.011706 0.024477 0.015963 38.099998 41.099998 45.299999
-0.028076 -1.006348 0.031982 -0.011706 0.026606 0.020220 37.799999 41.400002 45.599998
-0.023682 -1.011719 0.031982 -0.014899 0.021284 0.018092 38.400002 44.400002 44.400002
-0.029785 -1.005127 0.029785 -0.015963 0.022349 0.018092 38.099998 42.299999 46.500000
-0.030518 -1.003418 0.033936 -0.013835 0.021284 0.019156 36.900002 41.700001 42.900002
-0.024170 -1.013916 0.047852 -0.013835 0.023413 0.014899 38.700001 41.099998 45.900002
-0.025879 -1.008301 0.039307 -0.011706 0.025541 0.017028 37.799999 40.200001 45.599998
-0.027344 -1.004395 0.037354 -0.013835 0.023413 0.015963 37.500000 39.900002 44.099998
-0.020508 -1.002686 0.040771 -0.015963 0.024477 0.018092 37.799999 41.400002 45.000000
-0.021973 -1.004883 0.035156 -0.013835 0.024477 0.014899 37.799999 42.000000 44.400002
-0.030762 -1.007568 0.037598 -0.013835 0.024477 0.019156 37.500000 41.099998 42.900002
-0.020752 -1.009766 0.037354 -0.013835 0.025541 0.015963 37.500000 41.099998 44.700001
-0.023926 -1.000977 0.033447 -0.014899 0.022349 0.018092 37.500000 42.299999 44.700001
-0.021973 -1.012695 0.043457 -0.011706 0.023413 0.018092 36.299999 41.099998 45.299999
-0.034180 -1.009033 0.036621 -0.014899 0.022349 0.017028 39.000000 41.400002 45.599998
-0.020508 -1.007080 0.034668 -0.015963 0.021284 0.019156 39.000000 41.400002 45.000000
-0.026367 -1.000732 0.039062 -0.011706 0.022349 0.020220 37.799999 42.599998 45.599998
-0.029053 -1.003906 0.041260 -0.014899 0.023413 0.014899 37.799999 41.400002 45.599998
-0.026123 -1.009033 0.033447 -0.011706 0.021284 0.018092 39.299999 41.700001 46.500000
-0.031250 -1.005371 0.048096 -0.011706 0.025541 0.019156 38.099998 41.099998 44.700001
-0.028809 -1.006592 0.051025 -0.012771 0.022349 0.018092 37.200001 40.799999 45.599998
-0.024902 -1.006104 0.036133 -0.014899 0.023413 0.017028 37.799999 40.799999 44.400002
-0.026611 -1.004883 0.045654 -0.015963 0.024477 0.017028 36.900002 41.700001 47.099998
-0.027832 -1.003906 0.034912 -0.013835 0.023413 0.019156 37.500000 42.299999 44.099998
-0.026123 -1.001709 0.036377 -0.013835 0.027670 0.020220 37.799999 41.400002 45.599998
-0.017822 -1.005127 0.036865 -0.015963 0.020220 0.020220 39.000000 42.599998 44.400002
-0.031006 -1.010010 0.037598 -0.017028 0.022349 0.020220 37.200001 42.000000 46.200001
-0.026367 -1.001221 0.036377 -0.015963 0.023413 0.018092 37.200001 42.599998 45.000000
-0.028076 -1.008789 0.040039 -0.012771 0.025541 0.017028 37.500000 40.500000 45.900002
-0.022705 -1.005615 0.037598 -0.013835 0.022349 0.020220 36.000000 42.000000 45.599998
-0.027832 -1.004883 0.043945 -0.011706 0.021284 0.019156 37.200001 41.400002 45.000000
-0.033447 -1.007324 0.036865 -0.015963 0.022349 0.017028 37.200001 41.400002 45.599998
-0.027832 -1.007080 0.047119 -0.013835 0.024477 0.018092 39.000000 40.799999 46.799999
-0.030518 -1.004150 0.039551 -0.013835 0.024477 0.017028 39.000000 42.599998 44.400002
-0.021729 -1.005615 0.040771 -0.014899 0.025541 0.013835 36.599998 41.400002 45.599998
-0.031006 -1.008057 0.034668 -0.014899 0.025541 0.017028 37.200001 40.799999 45.000000
-0.026855 -1.004639 0.040771 -0.012771 0.022349 0.018092 38.099998 41.700001 45.299999
-0.029053 -1.007324 0.038574 -0.015963 0.021284 0.015963 37.799999 41.400002 44.400002
-0.030518 -1.002686 0.037842 -0.014899 0.022349 0.020220 38.400002 43.799999 45.000000
-0.026123 -0.999512 0.031494 -0.014899 0.024477 0.020220 37.500000 40.500000 44.700001
-0.025391 -1.004150 0.030273 -0.012771 0.023413 0.015963 37.799999 42.599998 46.200001
-0.031006 -1.007080 0.035156 -0.013835 0.022349 0.018092 37.799999 39.599998 45.000000
-0.025391 -1.006836 0.044434 -0.015963 0.024477 0.017028 37.799999 42.599998 45.000000
-0.028809 -1.000732 0.043945 -0.013835 0.023413 0.019156 37.500000 39.900002 42.900002
-0.028564 -1.003174 0.031982 -0.012771 0.024477 0.017028 37.500000 41.099998 44.700001
-0.025146 -0.995850 0.038330 -0.015963 0.023413 0.018092 38.400002 42.000000 44.400002
-0.027588 -1.010010 0.041260 -0.015963 0.023413 0.022349 37.200001 41.400002 45.000000
-0.026367 -1.005615 0.037109 -0.013835 0.021284 0.018092 37.500000 41.700001 45.299999
-0.025146 -1.007080 0.043945 -0.015963 0.023413 0.014899 36.000000 40.799999 45.599998
-0.022705 -1.013428 0.031006 -0.012771 0.022349 0.014899 37.200001 41.400002 45.599998
-0.024414 -1.002930 0.045654 -0.013835 0.023413 0.017028 38.400002 41.400002 45.599998
-0.020020 -1.007568 0.042725 -0.012771 0.023413 0.015963 38.400002 42.000000 44.400002
-0.026367 -1.008057 0.035645 -0.015963 0.022349 0.017028 38.700001 42.299999 45.900002
-0.025879 -1.003906 0.047607 -0.013835 0.022349 0.019156 37.799999 42.000000 45.599998
-0.026611 -1.004883 0.036621 -0.010642 0.024477 0.018092 35.400002 40.799999 46.200001
-0.023193 -1.003418 0.050537 -0.013835 0.024477 0.018092 37.500000 41.099998 43.500000
-0.030273 -1.011475 0.050781 -0.013835 0.020220 0.014899 36.599998 41.400002 44.400002
-0.019775 -1.000244 0.030029 -0.012771 0.023413 0.019156 37.500000 42.900002 43.500000
-0.029297 -0.998047 0.032227 -0.015963 0.020220 0.017028 37.500000 41.099998 45.299999
-0.020020 -1.005615 0.041748 -0.012771 0.023413 0.020220 37.799999 42.599998 46.799999
-0.026611 -1.000000 0.034424 -0.014899 0.024477 0.018092 39.599998 41.400002 45.000000
-0.030762 -1.010742 0.040039 -0.009578 0.023413 0.019156 37.500000 39.900002 45.299999
-0.028076 -1.003418 0.033203 -0.013835 0.023413 0.018092 36.000000 41.400002 45.000000
-0.027588 -1.002441 0.038330 -0.015963 0.028734 0.020220 37.200001 41.400002 46.200001
-0.026367 -1.005615 0.033691 -0.018092 0.024477 0.012771 37.200001 40.799999 45.599998
-0.027344 -1.009033 0.037598 -0.012771 0.025541 0.015963 36.599998 42.000000 45.599998
-0.028564 -0.994629 0.039795 -0.011706 0.023413 0.018092 39.000000 42.599998 46.200001
-0.029297 -1.002197 0.041748 -0.013835 0.023413 0.015963 36.900002 39.900002 45.900002
-0.029541 -1.003662 0.044678 -0.012771 0.024477 0.015963 38.099998 40.500000 47.099998
-0.023438 -1.006836 0.034180 -0.012771 0.025541 0.018092 38.099998 41.099998 46.500000
-0.027100 -1.007568 0.034912 -0.013835 0.021284 0.020220 38.099998 40.500000 45.299999
-0.030762 -1.008301 0.036865 -0.011706 0.023413 0.017028 38.700001 41.099998 45.299999
-0.030029 -1.009766 0.040039 -0.010642 0.023413 0.017028 38.400002 41.400002 45.000000
-0.024902 -1.010742 0.035889 -0.015963 0.023413 0.018092 38.099998 41.700001 44.700001
-0.027100 -0.999268 0.040771 -0.014899 0.023413 0.015963 38.099998 41.700001 46.500000
-0.021729 -1.007080 0.042236 -0.011706 0.022349 0.020220 37.500000 41.700001 44.700001
-0.026855 -1.002441 0.034180 -0.011706 0.022349 0.017028 37.500000 43.500000 44.700001
-0.031006 -1.002441 0.034912 -0.014899 0.025541 0.020220 36.900002 41.099998 46.500000
-0.029541 -1.004395 0.041992 -0.012771 0.023413 0.017028 38.700001 42.299999 44.099998
-0.030029 -1.004883 0.042725 -0.013835 0.024477 0.019156 38.700001 41.700001 45.299999
-0.028320 -1.000488 0.039795 -0.010642 0.023413 0.017028 37.799999 42.000000 45.599998
-0.024658 -1.003174 0.035156 -0.013835 0.022349 0.018092 36.599998 42.000000 46.200001
-0.023193 -1.002441 0.037354 -0.012771 0.023413 0.020220 37.799999 40.799999 45.000000
-0.024902 -1.003906 0.042236 -0.012771 0.020220 0.017028 38.400002 41.400002 45.000000
-0.024658 -1.005859 0.033691 -0.012771 0.024477 0.017028 38.400002 42.000000 45.599998
-0.029541 -1.015137 0.046143 -0.012771 0.024477 0.019156 37.200001 41.400002 46.799999
-0.024902 -1.007324 0.039551 -0.015963 0.023413 0.018092 38.099998 42.299999 45.299999
-0.029541 -1.007568 0.038574 -0.015963 0.022349 0.015963 36.900002 41.700001 46.500000
-0.023682 -1.008057 0.045166 -0.015963 0.026606 0.020220 38.700001 41.700001 44.099998
-0.028564 -1.003662 0.045654 -0.013835 0.026606 0.015963 38.400002 40.799999 44.400002
-0.015869 -1.009277 0.045166 -0.017028 0.020220 0.019156 38.099998 42.299999 45.900002
-0.033447 -1.005127 0.028320 -0.013835 0.023413 0.017028 38.099998 41.700001 45.900002
-0.023193 -1.006592 0.040283 -0.013835 0.024477 0.018092 38.400002 42.000000 45.000000
-0.026367 -1.015381 0.048096 -0.011706 0.023413 0.018092 37.200001 40.200001 43.799999
-0.024414 -1.009033 0.036621 -0.010642 0.024477 0.015963 39.000000 41.400002 45.000000
-0.029541 -1.009277 0.031250 -0.017028 0.023413 0.018092 37.799999 40.799999 45.000000
-0.031738 -1.004150 0.041748 -0.012771 0.022349 0.019156 37.799999 41.400002 45.599998
-0.026367 -1.003906 0.038330 -0.014899 0.023413 0.017028 38.400002 41.400002 46.799999
-0.023193 -1.005615 0.040039 -0.013835 0.023413 0.018092 37.200001 41.400002 44.400002
-0.028809 -1.002197 0.041016 -0.013835 0.023413 0.017028 38.099998 42.900002 44.700001
-0.028809 -1.004639 0.032715 -0.014899 0.025541 0.019156 37.799999 40.200001 46.200001
-0.020508 -1.003906 0.033691 -0.011706 0.025541 0.018092 37.799999 41.400002 46.799999
-0.028809 -1.004150 0.033691 -0.012771 0.026606 0.020220 36.299999 42.900002 44.700001
-0.022705 -1.003418 0.037354 -0.015963 0.022349 0.017028 39.000000 40.200001 46.200001
-0.028076 -1.007568 0.036377 -0.013835 0.022349 0.017028 39.299999 41.099998 44.700001
-0.032959 -1.004150 0.032715 -0.017028 0.024477 0.020220 37.200001 40.200001 45.000000
-0.029297 -1.007324 0.038818 -0.013835 0.022349 0.017028 37.799999 42.000000 43.799999
-0.021973 -1.004395 0.034912 -0.014899 0.022349 0.014899 36.900002 40.500000 45.900002
-0.030762 -1.003418 0.047852 -0.014899 0.024477 0.015963 37.500000 41.099998 44.700001
-0.028076 -1.003418 0.040283 -0.014899 0.023413 0.019156 37.200001 40.200001 45.000000
-0.028320 -1.003418 0.033203 -0.014899 0.024477 0.018092 39.000000 39.599998 45.599998
-0.028564 -1.010010 0.039551 -0.014899 0.022349 0.015963 38.099998 41.099998 44.099998
-0.026855 -1.012207 0.046387 -0.011706 0.022349 0.015963 37.799999 41.400002 43.200001
-0.028564 -1.003418 0.034424 -0.011706 0.023413 0.019156 39.000000 42.000000 44.400002
-0.020996 -1.000000 0.038818 -0.011706 0.024477 0.014899 36.900002 41.700001 45.900002
-0.025635 -1.010742 0.043945 -0.012771 0.023413 0.017028 38.099998 40.500000 45.299999
-0.025879 -1.004395 0.041260 -0.015963 0.023413 0.021284 36.900002 42.299999 45.900002
-0.023682 -1.008301 0.038818 -0.013835 0.021284 0.014899 37.500000 40.500000 45.900002
-0.020752 -1.007080 0.048340 -0.013835 0.023413 0.019156 38.099998 39.299999 46.500000
-0.026123 -1.005615 0.038086 -0.013835 0.021284 0.019156 37.500000 41.700001 45.900002
-0.024902 -1.003174 0.041260 -0.012771 0.022349 0.017028 37.500000 40.500000 44.099998
-0.023438 -1.007080 0.044678 -0.012771 0.024477 0.017028 36.599998 41.400002 44.400002
-0.026855 -1.006348 0.037842 -0.012771 0.023413 0.018092 37.200001 42.000000 43.799999
-0.027832 -1.007568 0.044189 -0.012771 0.022349 0.019156 37.500000 41.700001 44.700001
-0.026367 -1.006592 0.028564 -0.014899 0.022349 0.020220 39.000000 41.400002 44.400002
-0.029541 -1.001465 0.033936 -0.012771 0.024477 0.018092 37.799999 42.599998 44.400002
-0.030029 -1.000977 0.034912 -0.014899 0.021284 0.020220 38.700001 41.700001 45.900002
-0.031738 -1.007812 0.037842 -0.012771 0.023413 0.017028 37.200001 40.799999 45.000000
-0.028564 -1.005371 0.038818 -0.012771 0.022349 0.019156 36.599998 41.400002 43.799999
-0.027832 -1.005615 0.041260 -0.015963 0.022349 0.017028 38.400002 42.599998 44.400002
-0.026855 -1.004395 0.042236 -0.015963 0.022349 0.018092 37.200001 40.799999 45.000000
-0.026367 -1.004883 0.049072 -0.014899 0.024477 0.015963 38.400002 40.799999 44.400002
-0.024902 -1.006592 0.032959 -0.015963 0.022349 0.018092 38.400002 40.799999 45.000000
-0.024170 -1.012695 0.037842 -0.015963 0.022349 0.019156 38.400002 43.799999 45.599998
-0.026367 -0.997559 0.038818 -0.013835 0.024477 0.017028 38.700001 41.700001 45.299999
-0.030518 -1.009766 0.042969 -0.014899 0.022349 0.019156 37.500000 42.299999 44.700001
-0.025146 -1.010010 0.036865 -0.012771 0.022349 0.017028 38.400002 42.000000 45.000000
-0.025146 -1.005127 0.031494 -0.012771 0.022349 0.018092 36.599998 42.000000 46.799999
-0.018311 -1.009277 0.038330 -0.012771 0.024477 0.017028 38.700001 42.299999 45.900002
-0.031006 -0.995605 0.041992 -0.013835 0.023413 0.019156 37.500000 41.700001 45.299999
