-0.044434 -1.006104 0.027588 -0.012771 0.025541 0.019156 3.600000 42.599998 70.800003
-0.043457 -1.010742 0.027832 -0.015963 0.022349 0.017028 3.900000 42.900002 71.699997
-0.049561 -1.008301 0.032471 -0.013835 0.023413 0.018092 3.600000 41.400002 70.199997
-0.048096 -1.007812 0.028076 -0.015963 0.022349 0.015963 2.100000 41.099998 70.500000
-0.046387 -1.007080 0.034180 -0.014899 0.024477 0.020220 2.100000 41.099998 70.500000
-0.044434 -1.007080 0.016357 -0.013835 0.025541 0.018092 3.000000 41.400002 70.800003
-0.044678 -1.005127 0.022949 -0.014899 0.026606 0.015963 2.700000 42.299999 72.300003
-0.045898 -0.999512 0.022705 -0.013835 0.023413 0.019156 3.900000 42.299999 69.900002
-0.052734 -1.001465 0.026855 -0.012771 0.025541 0.017028 2.400000 42.000000 71.400002
-0.045410 -1.002930 0.038818 -0.013835 0.022349 0.020220 3.600000 41.400002 70.800003
-0.045166 -1.000732 0.024658 -0.013835 0.023413 0.019156 3.300000 39.900002 71.099998
-0.041016 -1.008545 0.029785 -0.014899 0.025541 0.017028 2.400000 40.200001 69.599998
-0.048096 -1.007324 0.023438 -0.014899 0.025541 0.013835 3.600000 42.000000 69.599998
-0.041016 -0.999512 0.024414 -0.014899 0.021284 0.017028 2.100000 40.500000 70.500000
-0.049316 -1.000732 0.029541 -0.011706 0.024477 0.019156 3.900000 42.299999 71.099998
-0.045166 -1.006592 0.029053 -0.014899 0.023413 0.017028 3.600000 41.400002 70.800003
-0.042480 -0.996338 0.020996 -0.012771 0.025541 0.020220 2.700000 42.299999 69.300003
-0.043945 -1.002686 0.027100 -0.012771 0.028734 0.015963 3.000000 42.000000 69.599998
-0.037109 -1.007324 0.032227 -0.012771 0.023413 0.023413 2.100000 42.299999 69.900002
-0.047607 -1.003418 0.034912 -0.011706 0.024477 0.019156 2.400000 42.599998 71.400002
-0.050049 -1.002930 0.029053 -0.012771 0.024477 0.017028 3.300000 41.700001 69.900002
-0.044678 -1.005859 0.025635 -0.014899 0.021284 0.015963 3.000000 42.000000 70.800003
-0.048096 -1.001221 0.024170 -0.011706 0.022349 0.015963 3.300000 42.299999 70.500000
-0.044678 -0.995117 0.025146 -0.011706 0.020220 0.015963 0.900000 39.299999 69.300003
-0.044189 -1.009277 0.022217 -0.013835 0.022349 0.017028 2.700000 41.099998 71.099998
-0.049072 -1.005615 0.027588 -0.012771 0.024477 0.017028 2.100000 42.299999 70.500000
-0.048828 -1.003174 0.025879 -0.014899 0.023413 0.017028 2.700000 39.900002 69.300003
-0.046143 -1.004395 0.029785 -0.014899 0.024477 0.015963 3.000000 42.000000 69.599998
-0.052979 -1.002686 0.029297 -0.013835 0.025541 0.019156 2.100000 41.700001 70.500000
-0.043213 -1.000244 0.025146 -0.013835 0.026606 0.017028 2.400000 43.200001 70.199997
-0.047119 -1.007080 0.025879 -0.017028 0.025541 0.020220 2.400000 41.400002 69.599998
-0.045898 -1.002197 0.024658 -0.013835 0.025541 0.012771 3.000000 40.799999 70.800003
-0.036865 -1.002686 0.026123 -0.014899 0.023413 0.015963 2.700000 42.299999 71.099998
-0.044434 -1.009766 0.031006 -0.009578 0.020220 0.017028 2.100000 42.299999 70.500000
-0.041260 -1.006592 0.027100 -0.012771 0.023413 0.017028 2.700000 42.299999 72.300003
-0.043457 -1.008545 0.030518 -0.010642 0.023413 0.017028 2.700000 42.299999 69.900002
-0.045166 -0.999512 0.023926 -0.014899 0.024477 0.017028 2.700000 40.500000 69.900002
-0.049561 -1.000000 0.031738 -0.012771 0.023413 0.014899 2.700000 40.500000 71.699997
-0.047119 -1.003174 0.024658 -0.015963 0.025541 0.017028 3.300000 42.900002 69.900002
-0.045898 -1.005127 0.031006 -0.011706 0.024477 0.018092 2.400000 41.400002 70.199997
-0.043457 -1.010254 0.031006 -0.013835 0.021284 0.018092 2.700000 40.500000 70.500000
-0.049072 -0.999756 0.027344 -0.012771 0.024477 0.020220 2.100000 41.099998 70.500000
-0.048340 -1.011230 0.026123 -0.013835 0.024477 0.017028 1.800000 43.799999 69.599998
-0.043213 -1.003418 0.029541 -0.015963 0.028734 0.018092 3.300000 41.700001 71.699997
-0.044434 -1.002930 0.026855 -0.015963 0.023413 0.018092 3.000000 42.000000 70.800003
-0.047607 -1.005371 0.031494 -0.015963 0.024477 0.017028 2.400000 42.000000 70.800003
-0.051025 -1.007812 0.031250 -0.012771 0.023413 0.019156 3.000000 43.200001 71.400002
-0.044189 -1.007080 0.025391 -0.013835 0.024477 0.019156 3.300000 40.500000 71.099998
-0.050049 -1.003418 0.030762 -0.009578 0.024477 0.017028 3.600000 42.000000 71.400002
-0.048340 -1.002197 0.033203 -0.013835 0.023413 0.017028 2.700000 41.700001 71.099998
-0.048340 -1.001709 0.031738 -0.010642 0.022349 0.015963 3.600000 41.400002 70.800003
-0.046631 -1.002930 0.022217 -0.014899 0.024477 0.020220 2.700000 41.700001 69.300003
-0.049072 -1.010010 0.032471 -0.015963 0.023413 0.020220 1.500000 41.700001 69.900002
-0.048584 -1.002686 0.020996 -0.017028 0.023413 0.017028 3.300000 41.700001 72.300003
-0.042725 -1.000244 0.036621 -0.012771 0.023413 0.018092 0.900000 41.700001 69.300003
-0.042236 -1.000977 0.045898 -0.015963 0.023413 0.019156 2.700000 40.500000 70.500000
-0.044922 -1.007324 0.022949 -0.014899 0.024477 0.019156 1.200000 41.400002 68.400002
-0.043213 -1.004639 0.022949 -0.012771 0.022349 0.019156 2.700000 42.900002 69.300003
-0.043213 -1.001465 0.023926 -0.014899 0.024477 0.018092 3.600000 42.599998 70.199997
-0.041016 -1.003662 0.032471 -0.014899 0.022349 0.017028 1.800000 41.400002 70.199997
-0.046631 -1.005127 0.024170 -0.014899 0.023413 0.018092 1.800000 41.400002 70.199997
-0.047607 -1.004395 0.023682 -0.014899 0.022349 0.018092 3.000000 41.400002 70.199997
-0.042969 -1.009766 0.019775 -0.012771 0.024477 0.019156 2.700000 42.900002 70.500000
-0.043701 -1.006104 0.031006 -0.014899 0.025541 0.015963 3.300000 42.299999 69.900002
-0.038818 -1.005615 0.018311 -0.012771 0.025541 0.014899 0.900000 41.700001 69.900002
-0.043213 -0.993408 0.027344 -0.011706 0.024477 0.018092 2.400000 42.000000 72.000000
-0.047119 -1.006104 0.025391 -0.015963 0.023413 0.018092 2.400000 42.000000 70.199997
-0.044678 -0.999023 0.028564 -0.011706 0.021284 0.017028 3.300000 42.900002 70.500000
-0.051270 -1.003906 0.029785 -0.014899 0.023413 0.014899 3.600000 42.000000 69.000000
-0.042725 -1.002441 0.028076 -0.013835 0.024477 0.017028 3.000000 43.200001 70.800003
-0.043701 -1.005371 0.024414 -0.012771 0.025541 0.013835 3.300000 42.299999 69.900002
-0.041016 -1.004395 0.029297 -0.014899 0.025541 0.019156 3.000000 40.799999 71.400002
-0.043457 -1.002197 0.032715 -0.013835 0.025541 0.018092 3.000000 41.400002 70.800003
-0.041016 -1.000488 0.021729 -0.010642 0.027670 0.021284 2.400000 41.400002 70.800003
-0.044434 -0.999023 0.032715 -0.012771 0.022349 0.015963 3.300000 42.299999 69.900002
-0.052002 -1.007080 0.033691 -0.013835 0.026606 0.017028 2.400000 42.000000 70.800003
-0.049316 -1.005615 0.027344 -0.017028 0.024477 0.018092 3.300000 38.700001 69.900002
-0.042969 -1.003174 0.023193 -0.015963 0.023413 0.017028 5.100000 43.500000 71.699997
-0.047852 -1.003662 0.026855 -0.012771 0.027670 0.020220 2.100000 42.299999 70.500000
-0.046387 -0.999756 0.020020 -0.013835 0.024477 0.018092 2.100000 42.900002 69.900002
-0.045654 -1.009277 0.032227 -0.012771 0.024477 0.022349 3.300000 40.500000 70.500000
-0.047119 -1.006836 0.030029 -0.014899 0.022349 0.015963 3.900000 41.700001 71.099998
-0.038818 -1.001953 0.018799 -0.014899 0.021284 0.019156 1.200000 42.599998 70.800003
-0.047852 -1.005371 0.034912 -0.012771 0.021284 0.019156 1.200000 42.599998 69.599998
-0.047852 -1.000244 0.031494 -0.013835 0.025541 0.019156 2.100000 41.099998 71.099998
-0.045898 -0.998291 0.029785 -0.013835 0.022349 0.020220 0.900000 39.900002 70.500000
-0.038574 -1.000488 0.028076 -0.013835 0.023413 0.018092 2.400000 43.200001 70.199997
-0.048828 -1.009521 0.035156 -0.014899 0.023413 0.014899 1.800000 42.599998 70.800003
-0.043701 -0.999268 0.025879 -0.015963 0.021284 0.021284 2.400000 42.599998 71.400002
-0.040527 -1.002441 0.023926 -0.013835 0.028734 0.017028 3.300000 41.700001 70.500000
-0.048096 -1.005615 0.028320 -0.010642 0.022349 0.018092 1.800000 41.400002 71.400002
-0.042480 -1.006592 0.026611 -0.013835 0.021284 0.017028 3.000000 41.400002 70.800003
-0.045166 -1.005371 0.028809 -0.015963 0.024477 0.021284 3.300000 41.700001 69.900002
-0.041748 -0.998047 0.023193 -0.012771 0.024477 0.018092 3.000000 42.000000 70.199997
-0.046631 -0.999512 0.033936 -0.012771 0.023413 0.019156 1.800000 41.400002 70.199997
-0.048340 -1.003174 0.026611 -0.010642 0.024477 0.019156 3.600000 41.400002 71.400002
-0.043213 -1.004395 0.030273 -0.012771 0.025541 0.019156 2.700000 42.900002 71.099998
-0.041260 -1.008545 0.026367 -0.013835 0.023413 0.015963 3.000000 41.400002 70.800003
-0.048340 -1.005371 0.023926 -0.013835 0.023413 0.021284 3.000000 40.799999 70.199997
-0.045166 -1.001221 0.025146 -0.011706 0.022349 0.014899 3.000000 41.400002 70.199997
-0.039307 -1.001221 0.031982 -0.015963 0.025541 0.017028 3.300000 41.700001 71.699997
-0.047119 -1.005859 0.023438 -0.014899 0.021284 0.017028 3.900000 41.700001 70.500000
-0.042725 -1.001221 0.032227 -0.012771 0.028734 0.020220 3.900000 41.099998 68.699997
-0.047852 -1.004639 0.026123 -0.014899 0.023413 0.019156 3.300000 41.099998 71.099998
-0.040771 -1.014404 0.031250 -0.014899 0.024477 0.018092 1.800000 41.400002 70.199997
-0.045410 -0.999268 0.028076 -0.011706 0.024477 0.014899 3.000000 40.799999 70.800003
-0.046143 -1.002197 0.028320 -0.014899 0.025541 0.017028 2.400000 42.000000 70.199997
-0.041992 -1.010986 0.032471 -0.017028 0.022349 0.019156 2.400000 42.599998 70.800003
-0.040283 -0.999268 0.027832 -0.015963 0.024477 0.012771 2.100000 41.099998 69.300003
-0.046143 -1.011963 0.031250 -0.012771 0.024477 0.019156 2.400000 43.799999 69.599998
-0.040039 -0.999268 0.031250 -0.013835 0.024477 0.018092 2.100000 41.099998 71.099998
-0.044434 -1.012695 0.027832 -0.013835 0.023413 0.019156 2.700000 42.299999 70.500000
-0.042969 -1.004395 0.033936 -0.013835 0.021284 0.017028 2.100000 42.299999 69.300003
-0.045654 -1.003906 0.026367 -0.013835 0.026606 0.019156 3.600000 40.200001 71.400002
-0.047607 -1.013672 0.035400 -0.012771 0.026606 0.019156 3.900000 42.900002 69.900002
-0.044678 -1.001465 0.026611 -0.012771 0.024477 0.017028 3.600000 41.400002 72.000000
-0.043701 -1.007568 0.031738 -0.015963 0.025541 0.019156 2.400000 42.599998 70.199997
-0.047607 -0.999512 0.017822 -0.017028 0.023413 0.018092 3.300000 41.700001 70.500000
-0.048340 -0.999512 0.031738 -0.015963 0.022349 0.015963 2.700000 40.500000 71.099998
-0.043457 -1.007324 0.032227 -0.012771 0.023413 0.017028 3.300000 42.299999 69.300003
-0.045898 -1.011719 0.022705 -0.010642 0.024477 0.017028 2.700000 41.099998 68.699997
-0.040527 -1.005371 0.030273 -0.015963 0.023413 0.018092 3.300000 42.900002 69.900002
-0.041504 -0.998779 0.029297 -0.011706 0.022349 0.020220 3.300000 41.700001 71.699997
-0.047119 -1.000732 0.029053 -0.017028 0.020220 0.015963 3.300000 40.500000 70.500000
-0.040771 -1.003662 0.020508 -0.015963 0.022349 0.017028 2.400000 41.400002 69.599998
-0.042480 -1.007568 0.027344 -0.013835 0.023413 0.015963 2.400000 42.000000 70.199997
-0.042969 -1.011475 0.024658 -0.015963 0.025541 0.017028 3.900000 42.900002 69.900002
-0.045166 -1.006836 0.025391 -0.013835 0.021284 0.018092 3.900000 41.099998 69.900002
-0.038086 -1.004395 0.040771 -0.012771 0.022349 0.019156 4.200000 42.599998 70.199997
-0.040771 -1.007080 0.031006 -0.013835 0.024477 0.014899 4.200000 40.799999 71.400002
-0.048584 -1.003662 0.030029 -0.014899 0.024477 0.017028 2.100000 43.500000 69.900002
-0.050781 -0.994629 0.028564 -0.014899 0.026606 0.015963 3.900000 41.099998 69.300003
-0.045410 -1.004395 0.038574 -0.014899 0.024477 0.019156 3.000000 42.599998 70.800003
-0.050781 -1.008057 0.025879 -0.012771 0.021284 0.014899 3.300000 42.900002 69.900002
-0.044678 -0.999023 0.037354 -0.012771 0.024477 0.017028 3.900000 41.099998 71.099998
-0.042236 -0.999268 0.030029 -0.017028 0.025541 0.020220 1.200000 41.400002 70.199997
-0.045410 -1.001709 0.034668 -0.014899 0.024477 0.014899 1.800000 40.200001 70.800003
-0.045898 -1.006104 0.024414 -0.012771 0.022349 0.017028 2.700000 42.900002 70.500000
-0.046875 -1.003418 0.034180 -0.015963 0.024477 0.018092 2.700000 42.900002 71.099998
-0.053223 -1.001465 0.025879 -0.013835 0.024477 0.019156 3.000000 42.599998 72.000000
-0.048096 -1.004639 0.022949 -0.012771 0.024477 0.014899 3.900000 40.500000 71.099998
-0.039551 -0.999023 0.026855 -0.012771 0.026606 0.015963 3.300000 42.299999 71.099998
-0.046875 -1.007080 0.023926 -0.014899 0.026606 0.020220 3.600000 41.400002 69.599998
-0.044922 -1.003906 0.031250 -0.015963 0.023413 0.015963 3.900000 41.700001 70.500000
-0.045166 -1.006104 0.031250 -0.013835 0.024477 0.013835 2.400000 40.799999 70.800003
-0.041504 -1.002441 0.022949 -0.017028 0.022349 0.015963 2.400000 42.000000 70.800003
-0.041504 -1.000000 0.023682 -0.012771 0.024477 0.018092 3.600000 41.400002 70.800003
-0.041992 -1.001709 0.029785 -0.011706 0.024477 0.019156 2.700000 39.900002 69.900002
-0.043457 -0.998779 0.033447 -0.011706 0.023413 0.017028 3.000000 42.599998 69.599998
-0.049316 -1.005127 0.028809 -0.013835 0.022349 0.014899 3.000000 42.000000 70.800003
-0.050537 -1.002930 0.029785 -0.013835 0.020220 0.017028 3.600000 42.599998 70.800003
-0.045166 -1.008057 0.033447 -0.019156 0.024477 0.017028 3.900000 43.500000 70.500000
-0.046387 -1.003662 0.041504 -0.012771 0.023413 0.018092 3.300000 41.700001 71.099998
-0.043701 -1.010742 0.027100 -0.010642 0.025541 0.018092 1.800000 40.799999 69.599998
-0.042725 -0.997559 0.030762 -0.015963 0.025541 0.017028 2.400000 42.599998 70.800003
-0.048096 -0.999023 0.027832 -0.011706 0.023413 0.015963 3.900000 41.700001 71.699997
-0.044189 -1.006104 0.025146 -0.015963 0.024477 0.019156 3.000000 41.400002 70.199997
-0.048828 -1.007568 0.031006 -0.014899 0.023413 0.018092 3.300000 41.099998 69.300003
-0.049316 -1.008789 0.030518 -0.012771 0.024477 0.018092 3.300000 41.099998 70.500000
-0.044434 -1.002686 0.029785 -0.020220 0.024477 0.017028 3.300000 42.299999 69.300003
-0.043701 -1.008301 0.035400 -0.012771 0.023413 0.017028 3.600000 40.799999 71.400002
-0.043701 -0.998047 0.025391 -0.014899 0.024477 0.019156 1.500000 41.700001 69.900002
-0.039307 -1.005127 0.030273 -0.013835 0.024477 0.018092 3.000000 42.599998 69.599998
-0.041504 -1.002441 0.029053 -0.012771 0.022349 0.019156 2.700000 42.299999 69.900002
-0.044434 -1.003174 0.033936 -0.017028 0.022349 0.019156 3.300000 41.700001 70.500000
-0.043213 -1.005859 0.022949 -0.015963 0.023413 0.017028 2.700000 41.099998 69.900002
-0.041748 -0.995850 0.035645 -0.013835 0.023413 0.017028 3.000000 40.799999 70.199997
-0.044434 -1.005371 0.016113 -0.012771 0.025541 0.017028 3.300000 42.900002 71.099998
-0.046387 -0.999512 0.028564 -0.011706 0.023413 0.018092 1.800000 42.000000 69.599998
-0.042969 -1.010498 0.027344 -0.013835 0.022349 0.019156 2.100000 42.299999 69.300003
-0.040771 -1.002197 0.031982 -0.013835 0.023413 0.015963 4.200000 42.000000 70.199997
-0.041748 -1.003174 0.023682 -0.014899 0.025541 0.017028 2.400000 41.400002 69.599998
-0.041748 -0.998291 0.031006 -0.014899 0.023413 0.017028 1.800000 42.000000 70.199997
-0.052734 -1.003418 0.034180 -0.010642 0.024477 0.015963 2.100000 41.700001 69.900002
-0.042969 -1.003174 0.023926 -0.014899 0.022349 0.021284 2.100000 41.700001 70.500000
-0.043701 -1.006104 0.024170 -0.015963 0.025541 0.017028 3.600000 40.200001 70.199997
-0.050537 -1.000732 0.022217 -0.012771 0.025541 0.015963 2.400000 42.000000 70.800003
-0.042236 -1.003174 0.027832 -0.013835 0.027670 0.018092 2.400000 40.799999 70.199997
-0.045166 -1.004883 0.036865 -0.015963 0.021284 0.018092 3.000000 42.599998 69.599998
-0.050293 -1.003906 0.032227 -0.014899 0.026606 0.017028 3.000000 39.599998 70.199997
-0.043213 -1.003906 0.031250 -0.012771 0.023413 0.018092 2.700000 41.700001 69.900002
-0.043701 -0.998779 0.021973 -0.011706 0.024477 0.017028 2.400000 42.000000 70.800003
-0.046387 -1.001709 0.028076 -0.015963 0.024477 0.014899 3.000000 42.000000 70.800003
-0.044922 -1.002930 0.031982 -0.013835 0.024477 0.018092 4.200000 40.799999 70.800003
-0.043701 -1.007812 0.032959 -0.014899 0.025541 0.020220 2.400000 42.000000 70.199997
-0.046875 -1.001221 0.027344 -0.012771 0.022349 0.018092 3.600000 42.599998 70.199997
-0.046143 -1.004639 0.031738 -0.012771 0.025541 0.018092 2.100000 41.099998 71.099998
-0.048340 -1.002930 0.028809 -0.011706 0.022349 0.015963 2.100000 42.900002 69.900002
-0.051514 -1.002197 0.031738 -0.012771 0.024477 0.015963 4.200000 41.400002 70.199997
-0.042725 -1.005371 0.024902 -0.014899 0.025541 0.019156 3.000000 42.000000 71.400002
-0.040039 -1.000732 0.033691 -0.014899 0.022349 0.015963 3.000000 41.400002 72.599998
-0.046387 -1.005127 0.031250 -0.015963 0.021284 0.017028 1.800000 42.599998 72.000000
-0.042236 -1.006104 0.017822 -0.012771 0.023413 0.018092 3.300000 41.700001 68.699997
-0.046631 -1.004150 0.034180 -0.014899 0.021284 0.017028 1.800000 42.599998 70.199997
-0.041016 -1.002197 0.032227 -0.013835 0.023413 0.019156 2.700000 41.700001 70.500000
-0.043945 -1.000488 0.027832 -0.013835 0.024477 0.019156 2.100000 42.299999 69.900002
-0.041748 -1.003418 0.034180 -0.011706 0.024477 0.018092 2.700000 42.299999 71.699997
-0.045166 -1.002930 0.023926 -0.013835 0.025541 0.015963 2.400000 40.799999 70.199997
-0.048096 -1.003906 0.030029 -0.014899 0.024477 0.017028 2.400000 39.599998 70.199997
-0.045166 -0.997314 0.025879 -0.013835 0.023413 0.019156 2.400000 40.200001 70.800003
-0.048584 -1.010254 0.026367 -0.009578 0.024477 0.015963 2.400000 42.000000 70.800003
-0.050049 -0.999023 0.022461 -0.013835 0.022349 0.014899 3.900000 41.099998 69.900002
-0.037354 -1.003906 0.031250 -0.013835 0.024477 0.014899 1.500000 41.700001 72.300003
-0.046875 -1.002197 0.028564 -0.018092 0.024477 0.017028 3.600000 42.000000 71.400002
-0.050049 -1.006836 0.031738 -0.015963 0.021284 0.018092 3.300000 41.700001 72.300003
-0.050049 -1.003906 0.031494 -0.014899 0.025541 0.018092 2.700000 41.099998 69.900002
-0.045166 -0.996826 0.028564 -0.013835 0.024477 0.018092 3.300000 42.299999 70.500000
-0.045410 -1.004395 0.021973 -0.012771 0.024477 0.013835 2.400000 41.400002 70.800003
-0.042969 -1.010254 0.022705 -0.015963 0.022349 0.017028 3.300000 41.099998 70.500000
-0.046631 -1.002197 0.014160 -0.013835 0.021284 0.019156 1.500000 41.099998 70.500000
-0.044922 -1.002686 0.025146 -0.013835 0.025541 0.018092 1.800000 43.200001 69.000000
-0.045654 -1.001709 0.028564 -0.013835 0.022349 0.017028 3.000000 42.000000 70.199997
-0.040283 -1.004150 0.029785 -0.011706 0.025541 0.014899 1.200000 42.000000 70.800003
-0.049805 -1.007812 0.035156 -0.014899 0.025541 0.013835 2.100000 39.900002 69.900002
-0.040771 -1.006592 0.022705 -0.012771 0.024477 0.018092 2.400000 41.400002 71.400002
-0.045166 -1.010986 0.031250 -0.014899 0.021284 0.018092 1.800000 42.599998 70.199997
-0.041504 -1.005127 0.028076 -0.012771 0.024477 0.014899 3.300000 41.099998 70.500000
-0.045654 -1.005371 0.033936 -0.014899 0.025541 0.017028 2.700000 42.900002 69.300003
-0.045410 -1.010010 0.026855 -0.014899 0.022349 0.018092 2.700000 43.500000 69.900002
-0.048096 -1.009277 0.029053 -0.014899 0.022349 0.018092 3.600000 42.000000 70.199997
-0.038086 -1.000000 0.028320 -0.014899 0.023413 0.017028 1.200000 40.799999 70.199997
-0.049072 -1.003906 0.031738 -0.012771 0.022349 0.021284 3.000000 43.200001 70.800003
-0.048340 -0.999023 0.024902 -0.011706 0.023413 0.018092 1.500000 42.299999 69.900002
-0.045654 -1.002686 0.021973 -0.013835 0.022349 0.018092 2.700000 41.099998 72.300003
-0.045166 -1.005127 0.026367 -0.013835 0.024477 0.014899 3.600000 41.400002 70.800003
-0.047119 -1.004395 0.028564 -0.015963 0.023413 0.013835 3.300000 42.299999 70.500000
-0.044922 -1.007080 0.030273 -0.011706 0.022349 0.019156 3.600000 42.000000 70.199997
-0.045410 -1.003906 0.031982 -0.015963 0.023413 0.015963 3.300000 41.099998 69.900002
-0.042969 -1.007324 0.019043 -0.015963 0.026606 0.014899 3.300000 42.299999 71.099998
-0.041992 -1.004639 0.027832 -0.014899 0.024477 0.020220 2.100000 42.900002 69.900002
-0.045898 -1.002197 0.027100 -0.013835 0.024477 0.017028 3.300000 40.500000 71.699997
-0.052734 -1.001953 0.022217 -0.014899 0.020220 0.018092 2.700000 41.700001 71.699997
-0.046387 -0.997559 0.025635 -0.017028 0.024477 0.018092 4.500000 41.700001 69.900002
-0.041992 -1.005371 0.035156 -0.013835 0.026606 0.017028 2.700000 39.299999 69.900002
-0.046631 -1.004639 0.033447 -0.011706 0.023413 0.019156 3.600000 42.599998 71.400002
-0.042725 -1.004150 0.035645 -0.015963 0.025541 0.018092 3.600000 42.000000 70.800003
-0.046875 -1.007812 0.032227 -0.017028 0.026606 0.017028 3.600000 42.599998 70.800003
-0.045410 -1.004150 0.026123 -0.013835 0.022349 0.021284 3.300000 41.099998 71.099998
-0.046387 -1.007812 0.031250 -0.011706 0.023413 0.017028 3.300000 42.299999 69.900002
-0.048340 -1.005859 0.037842 -0.015963 0.021284 0.017028 3.300000 41.099998 70.500000
-0.040039 -0.999268 0.030762 -0.015963 0.024477 0.017028 1.500000 39.900002 70.500000
-0.045898 -1.000000 0.022461 -0.013835 0.024477 0.019156 3.000000 42.000000 70.800003
-0.046143 -1.002441 0.028320 -0.014899 0.021284 0.017028 3.000000 41.400002 69.599998
-0.043945 -0.997559 0.023926 -0.011706 0.025541 0.020220 3.600000 41.400002 70.199997
-0.044678 -1.006592 0.030029 -0.012771 0.025541 0.020220 3.600000 41.400002 70.800003
-0.047607 -0.997559 0.023438 -0.011706 0.021284 0.014899 3.000000 41.400002 71.400002
-0.041992 -1.009277 0.025146 -0.015963 0.024477 0.013835 3.300000 42.299999 69.300003
-0.044189 -1.002197 0.031982 -0.015963 0.025541 0.018092 2.400000 42.000000 70.800003
-0.037354 -1.004883 0.026367 -0.018092 0.022349 0.017028 2.100000 41.099998 71.099998
-0.042236 -1.005371 0.027832 -0.015963 0.022349 0.015963 3.300000 41.700001 69.900002
-0.048096 -1.007080 0.030273 -0.012771 0.022349 0.018092 2.400000 40.799999 69.000000
-0.043701 -1.004395 0.031250 -0.014899 0.023413 0.014899 2.400000 42.599998 70.199997
-0.045654 -0.998535 0.033447 -0.013835 0.022349 0.019156 3.600000 42.000000 70.800003
-0.047363 -1.007324 0.036621 -0.013835 0.025541 0.021284 2.400000 41.400002 70.199997
-0.043945 -1.009766 0.024170 -0.013835 0.025541 0.017028 3.000000 42.599998 69.599998
-0.041016 -1.010498 0.024658 -0.013835 0.022349 0.014899 1.800000 40.799999 70.199997
-0.045166 -1.003662 0.037598 -0.020220 0.022349 0.019156 1.500000 40.500000 69.300003
-0.048340 -0.998047 0.039307 -0.014899 0.026606 0.019156 3.300000 41.700001 71.099998
-0.048096 -0.999023 0.027588 -0.011706 0.024477 0.018092 3.000000 41.400002 69.000000
-0.045166 -1.000977 0.024414 -0.013835 0.022349 0.015963 2.400000 41.400002 71.400002
-0.048584 -1.006104 0.036133 -0.014899 0.022349 0.018092 3.000000 43.200001 69.599998
-0.042480 -1.005859 0.020264 -0.014899 0.024477 0.019156 3.000000 42.000000 71.400002
-0.043945 -1.004883 0.022461 -0.011706 0.024477 0.018092 1.200000 42.000000 70.800003
-0.047363 -1.001709 0.028809 -0.014899 0.022349 0.019156 0.600000 42.000000 70.800003
-0.043701 -1.004883 0.022705 -0.011706 0.025541 0.019156 3.000000 43.200001 71.400002
-0.047607 -1.009033 0.027588 -0.014899 0.025541 0.021284 3.300000 42.299999 71.099998
-0.041504 -1.002197 0.021973 -0.017028 0.023413 0.015963 2.700000 42.299999 69.300003
-0.047607 -0.999023 0.027344 -0.011706 0.022349 0.018092 1.500000 41.700001 69.300003
-0.045898 -1.006348 0.024414 -0.014899 0.024477 0.017028 3.600000 41.400002 70.199997
-0.037842 -1.002686 0.039551 -0.015963 0.021284 0.019156 4.200000 43.799999 70.800003
-0.048096 -0.996582 0.025635 -0.012771 0.023413 0.018092 3.600000 42.000000 70.800003
-0.041748 -1.003418 0.026367 -0.011706 0.026606 0.018092 3.300000 41.099998 69.300003
-0.049805 -0.999023 0.041260 -0.018092 0.024477 0.012771 0.900000 42.900002 71.099998
-0.052979 -1.004150 0.036621 -0.017028 0.024477 0.020220 2.100000 42.900002 70.500000
-0.043701 -1.007568 0.026123 -0.014899 0.024477 0.019156 3.600000 42.000000 72.000000
-0.043701 -0.996338 0.029297 -0.011706 0.023413 0.018092 3.000000 41.400002 69.599998
-0.044678 -1.000732 0.024658 -0.014899 0.024477 0.015963 2.400000 41.400002 70.199997
-0.047363 -1.004395 0.035889 -0.011706 0.024477 0.018092 2.700000 42.299999 69.300003
-0.048584 -0.999756 0.025391 -0.017028 0.022349 0.015963 2.700000 41.700001 68.699997
-0.041260 -1.000732 0.024658 -0.013835 0.021284 0.017028 3.000000 41.400002 69.599998
-0.045166 -1.001465 0.029541 -0.009578 0.021284 0.019156 3.600000 41.400002 70.199997
-0.053711 -1.009766 0.039795 -0.010642 0.024477 0.014899 4.800000 43.200001 70.800003
-0.036865 -1.008545 0.036377 -0.014899 0.025541 0.017028 3.300000 42.900002 69.900002
-0.035889 -1.002930 0.021484 -0.015963 0.024477 0.020220 1.800000 42.000000 69.599998
-0.046631 -1.003174 0.025879 -0.012771 0.023413 0.015963 2.700000 42.900002 71.699997
-0.050781 -1.007568 0.038330 -0.013835 0.021284 0.022349 2.400000 42.000000 72.000000
-0.044189 -0.998047 0.027100 -0.014899 0.022349 0.018092 1.800000 41.400002 70.800003
-0.046875 -1.002441 0.032715 -0.017028 0.024477 0.018092 3.300000 42.299999 72.900002
-0.049561 -1.009277 0.022461 -0.013835 0.023413 0.015963 4.800000 41.400002 70.199997
-0.044922 -1.006348 0.025879 -0.012771 0.025541 0.017028 3.900000 41.099998 70.500000
-0.051025 -1.001465 0.033203 -0.017028 0.027670 0.019156 2.700000 39.900002 71.099998
-0.042969 -1.006836 0.021484 -0.013835 0.024477 0.015963 2.100000 41.700001 69.900002
-0.048828 -1.003906 0.026123 -0.014899 0.023413 0.018092 2.100000 39.900002 69.300003
-0.049316 -0.998535 0.022217 -0.013835 0.025541 0.017028 2.100000 41.700001 69.900002
-0.044678 -1.002930 0.027344 -0.011706 0.022349 0.015963 3.600000 40.200001 71.400002
-0.044434 -1.006104 0.021973 -0.014899 0.026606 0.021284 3.300000 41.700001 69.900002
-0.038574 -0.999023 0.022705 -0.012771 0.025541 0.020220 2.400000 40.799999 70.800003
-0.044434 -0.998535 0.023193 -0.014899 0.024477 0.014899 2.400000 41.400002 70.199997
-0.047852 -1.000244 0.020020 -0.014899 0.025541 0.019156 2.400000 42.599998 70.199997
-0.042725 -1.010254 0.025879 -0.014899 0.023413 0.015963 3.000000 41.400002 71.400002
