0.000000 0.000000 377350728842475098796457984.000000 -0.015963 0.019156 0.018092 -41.700001 24.900000 50.700001
0.991211 -0.012207 0.029297 -0.017028 0.017028 0.021284 -41.099998 23.100000 52.500000
0.998535 -0.018799 0.016113 -0.014899 0.023413 0.018092 -42.900002 23.700001 53.700001
0.998291 -0.006836 0.022949 -0.014899 0.022349 0.015963 -41.099998 23.100000 53.099998
0.998047 -0.015625 0.021484 -0.014899 0.023413 0.017028 -42.299999 22.500000 51.900002
0.999756 -0.013916 0.028320 -0.014899 0.020220 0.019156 -41.400002 23.400000 51.000000
0.999268 -0.012695 0.024902 -0.012771 0.024477 0.019156 -41.099998 24.299999 51.900002
0.994629 -0.015869 0.020020 -0.014899 0.023413 0.018092 -42.900002 24.900000 51.900002
0.997314 -0.014648 0.022949 -0.012771 0.020220 0.018092 -44.099998 24.900000 51.900002
0.993408 -0.010742 0.018066 -0.015963 0.023413 0.018092 -43.500000 24.900000 51.900002
1.003174 -0.012695 0.027100 -0.017028 0.022349 0.020220 -41.099998 23.100000 51.900002
0.994629 -0.018311 0.025879 -0.017028 0.018092 0.021284 -41.400002 23.400000 53.400002
0.992920 -0.011719 0.027344 -0.018092 0.022349 0.020220 -41.700001 23.100000 51.299999
0.994629 -0.013916 0.025391 -0.017028 0.020220 0.018092 -42.000000 22.799999 52.799999
0.997070 -0.018311 0.017090 -0.013835 0.023413 0.019156 -41.700001 23.700001 52.500000
0.994141 -0.013672 0.017822 -0.015963 0.024477 0.017028 -42.299999 23.700001 50.700001
1.002930 -0.011475 0.033203 -0.014899 0.022349 0.015963 -40.200001 24.000000 53.400002
0.990967 -0.010010 0.028564 -0.017028 0.023413 0.018092 -42.000000 23.400000 52.200001
0.995605 -0.016602 0.022217 -0.013835 0.022349 0.018092 -42.599998 24.000000 52.799999
0.997070 -0.016357 0.018311 -0.017028 0.022349 0.017028 -42.900002 24.299999 53.099998
0.997803 -0.014893 0.015625 -0.010642 0.024477 0.018092 -42.000000 24.000000 51.000000
0.994873 -0.010498 0.018555 -0.015963 0.022349 0.018092 -42.900002 24.900000 52.500000
1.001465 -0.007812 0.024902 -0.015963 0.022349 0.018092 -42.000000 23.400000 51.000000
0.995117 -0.013672 0.019287 -0.014899 0.022349 0.020220 -41.700001 23.700001 51.299999
0.996338 -0.017090 0.016113 -0.015963 0.024477 0.020220 -41.099998 24.299999 52.500000
1.002686 -0.010254 0.033936 -0.018092 0.022349 0.018092 -41.400002 23.400000 52.799999
0.993652 -0.020996 0.020996 -0.013835 0.020220 0.020220 -42.299999 24.299999 51.900002
0.998291 -0.011963 0.027344 -0.010642 0.021284 0.020220 -40.200001 24.000000 52.200001
0.998779 -0.011475 0.021240 -0.012771 0.024477 0.017028 -42.000000 23.400000 51.000000
0.997314 -0.016113 0.031494 -0.013835 0.021284 0.019156 -43.200001 24.000000 52.799999
1.000732 -0.014404 0.027832 -0.015963 0.020220 0.018092 -43.799999 24.000000 52.799999
1.000977 -0.014404 0.021973 -0.014899 0.020220 0.015963 -42.299999 23.100000 51.900002
1.004395 -0.016357 0.025879 -0.017028 0.022349 0.017028 -42.900002 23.700001 51.900002
0.991943 -0.019531 0.028320 -0.014899 0.021284 0.019156 -41.400002 23.400000 52.200001
0.994629 -0.014404 0.029053 -0.014899 0.021284 0.018092 -42.900002 23.700001 50.700001
1.000000 -0.015137 0.020508 -0.014899 0.022349 0.018092 -43.500000 23.700001 53.099998
0.999023 -0.013916 0.026611 -0.015963 0.022349 0.020220 -41.099998 24.299999 50.700001
0.998047 -0.013916 0.027832 -0.013835 0.021284 0.020220 -41.700001 22.500000 50.700001
0.995361 -0.011230 0.024414 -0.012771 0.023413 0.017028 -41.700001 24.900000 52.500000
0.998291 -0.010254 0.022461 -0.009578 0.020220 0.018092 -41.700001 23.700001 52.500000
0.996582 -0.011963 0.023438 -0.014899 0.024477 0.019156 -43.500000 23.100000 51.900002
0.997803 -0.014404 0.029785 -0.015963 0.022349 0.019156 -41.400002 22.200001 51.000000
0.992676 -0.011719 0.024170 -0.014899 0.022349 0.018092 -42.299999 23.700001 51.299999
0.995361 -0.014160 0.026611 -0.017028 0.022349 0.019156 -42.000000 24.000000 51.599998
1.001465 -0.019775 0.014404 -0.013835 0.023413 0.015963 -43.500000 24.299999 51.299999
0.997803 -0.012939 0.022217 -0.015963 0.022349 0.021284 -42.299999 25.500000 52.500000
0.994629 -0.016357 0.020752 -0.011706 0.025541 0.020220 -42.599998 21.600000 52.799999
0.996338 -0.018799 0.028076 -0.018092 0.021284 0.019156 -42.299999 23.700001 52.500000
0.991211 -0.012695 0.024658 -0.012771 0.019156 0.020220 -42.299999 23.700001 52.500000
1.000000 -0.013916 0.030273 -0.017028 0.021284 0.018092 -41.099998 22.500000 51.299999
0.999023 -0.017090 0.024902 -0.017028 0.022349 0.014899 -43.500000 23.100000 53.099998
0.995850 -0.015381 0.023926 -0.017028 0.024477 0.019156 -42.299999 24.299999 51.900002
0.992676 -0.013428 0.027100 -0.013835 0.022349 0.019156 -40.500000 24.900000 50.099998
0.993164 -0.013428 0.026367 -0.015963 0.020220 0.020220 -40.799999 24.000000 52.799999
0.999268 -0.015869 0.022705 -0.011706 0.021284 0.020220 -41.099998 23.700001 50.700001
0.999268 -0.019531 0.029297 -0.012771 0.020220 0.019156 -42.599998 24.000000 51.599998
0.999512 -0.005859 0.011230 -0.012771 0.020220 0.014899 -41.700001 22.500000 53.099998
0.996826 -0.017822 0.023438 -0.014899 0.021284 0.017028 -41.099998 23.100000 51.900002
0.988281 -0.017334 0.028809 -0.017028 0.020220 0.018092 -42.599998 24.000000 52.799999
0.996826 -0.015137 0.027100 -0.013835 0.022349 0.018092 -42.299999 22.500000 50.099998
0.996338 -0.008789 0.020752 -0.014899 0.019156 0.018092 -42.000000 21.600000 51.599998
0.996094 -0.014893 0.018799 -0.017028 0.022349 0.014899 -42.900002 23.100000 51.299999
0.998047 -0.009521 0.021729 -0.014899 0.022349 0.015963 -41.400002 24.600000 51.000000
0.999756 -0.012695 0.029297 -0.012771 0.020220 0.020220 -42.000000 24.000000 51.599998
0.996582 -0.018555 0.027344 -0.017028 0.024477 0.018092 -42.000000 23.400000 52.200001
0.996826 -0.011230 0.030029 -0.017028 0.025541 0.022349 -43.500000 24.299999 52.500000
0.994873 -0.011963 0.021484 -0.019156 0.022349 0.021284 -42.599998 22.799999 51.599998
0.999023 -0.017090 0.023438 -0.017028 0.023413 0.019156 -42.900002 24.299999 52.500000
0.998779 -0.015625 0.023438 -0.014899 0.023413 0.019156 -44.099998 21.900000 51.900002
1.000244 -0.015381 0.022949 -0.019156 0.024477 0.018092 -42.000000 22.200001 51.599998
0.993896 -0.011963 0.017578 -0.011706 0.020220 0.019156 -40.799999 22.799999 51.599998
0.994385 -0.014648 0.027588 -0.017028 0.023413 0.019156 -42.900002 24.299999 51.900002
0.998047 -0.010742 0.017334 -0.014899 0.022349 0.018092 -42.299999 23.100000 52.500000
0.993652 -0.009277 0.028076 -0.014899 0.025541 0.019156 -42.299999 22.500000 51.900002
0.997559 -0.011719 0.024902 -0.012771 0.020220 0.018092 -42.900002 23.100000 53.700001
1.004883 -0.017090 0.024658 -0.011706 0.020220 0.019156 -40.500000 24.900000 52.500000
1.000488 -0.011719 0.026123 -0.015963 0.023413 0.017028 -41.099998 23.100000 50.700001
0.998291 -0.013428 0.021973 -0.015963 0.024477 0.018092 -41.099998 24.299999 51.900002
0.995850 -0.011719 0.029785 -0.013835 0.021284 0.017028 -41.099998 26.100000 52.500000
0.999023 -0.012695 0.024902 -0.017028 0.021284 0.017028 -42.599998 22.200001 51.000000
1.003174 -0.018555 0.017090 -0.012771 0.023413 0.019156 -43.200001 24.600000 51.000000
0.993896 -0.016846 0.016113 -0.015963 0.022349 0.020220 -42.900002 24.900000 50.700001
0.992920 -0.014404 0.030273 -0.013835 0.021284 0.018092 -40.799999 23.400000 52.799999
0.993896 -0.017334 0.018555 -0.012771 0.022349 0.013835 -42.299999 23.100000 52.500000
0.996826 -0.010254 0.024414 -0.017028 0.021284 0.018092 -40.200001 22.200001 52.200001
0.996094 -0.020752 0.029053 -0.015963 0.020220 0.021284 -42.599998 23.400000 52.200001
0.993164 -0.006348 0.026367 -0.013835 0.022349 0.022349 -41.400002 24.600000 51.000000
0.995850 -0.017090 0.016357 -0.012771 0.023413 0.018092 -41.700001 21.900000 50.700001
0.995850 -0.011719 0.021973 -0.017028 0.022349 0.019156 -42.299999 24.299999 51.900002
0.992188 -0.014160 0.016357 -0.014899 0.024477 0.018092 -41.400002 23.400000 50.400002
0.996094 -0.014404 0.027344 -0.013835 0.023413 0.019156 -42.599998 24.600000 52.200001
0.994141 -0.019775 0.029541 -0.011706 0.021284 0.020220 -42.299999 23.100000 51.299999
0.993164 -0.014160 0.025146 -0.014899 0.022349 0.022349 -40.799999 25.200001 52.200001
0.993164 -0.010010 0.022461 -0.015963 0.021284 0.019156 -42.900002 23.100000 50.700001
1.000732 -0.013428 0.031250 -0.011706 0.019156 0.015963 -41.700001 23.100000 53.099998
0.992920 -0.013428 0.024658 -0.011706 0.021284 0.022349 -42.599998 25.200001 52.200001
1.000977 -0.016846 0.020264 -0.012771 0.023413 0.019156 -40.799999 22.799999 52.799999
0.997070 -0.016113 0.029785 -0.013835 0.021284 0.019156 -42.299999 22.500000 52.500000
1.005859 -0.017334 0.022705 -0.014899 0.022349 0.018092 -40.799999 22.799999 54.000000
0.999268 -0.014404 0.008301 -0.011706 0.023413 0.018092 -42.299999 23.700001 52.500000
0.994141 -0.017334 0.026367 -0.013835 0.023413 0.018092 -41.400002 24.000000 51.599998
0.995850 -0.013916 0.031738 -0.011706 0.020220 0.018092 -42.000000 24.000000 51.599998
0.994629 -0.020996 0.011719 -0.015963 0.021284 0.017028 -43.200001 22.799999 52.799999
1.000000 -0.015381 0.031006 -0.011706 0.021284 0.021284 -42.000000 22.799999 51.000000
0.996582 -0.011475 0.026611 -0.015963 0.021284 0.019156 -42.299999 23.100000 52.500000
1.000732 -0.015381 0.027344 -0.014899 0.020220 0.015963 -42.299999 24.299999 50.700001
0.995361 -0.015625 0.022217 -0.012771 0.023413 0.017028 -41.700001 24.900000 51.299999
1.000244 -0.014893 0.020508 -0.014899 0.020220 0.018092 -43.799999 24.600000 52.200001
0.999268 -0.017822 0.021973 -0.014899 0.024477 0.019156 -40.799999 24.600000 51.599998
0.997070 -0.005371 0.027100 -0.014899 0.022349 0.019156 -40.500000 24.299999 52.500000
0.997314 -0.010498 0.022705 -0.018092 0.021284 0.019156 -41.400002 24.600000 52.200001
1.002930 -0.006104 0.012939 -0.012771 0.020220 0.018092 -42.900002 24.299999 51.900002
0.997070 -0.019287 0.020264 -0.013835 0.023413 0.017028 -42.599998 24.600000 51.599998
0.994141 -0.013428 0.029053 -0.008514 0.022349 0.018092 -42.000000 22.799999 51.000000
0.997559 -0.011963 0.024658 -0.017028 0.021284 0.021284 -41.400002 24.600000 50.400002
0.992432 -0.012695 0.023438 -0.013835 0.019156 0.019156 -42.599998 24.600000 53.400002
0.997070 -0.010986 0.024902 -0.012771 0.022349 0.017028 -40.799999 23.400000 52.200001
0.999512 -0.013672 0.024902 -0.014899 0.023413 0.014899 -42.000000 23.400000 52.200001
0.989502 -0.018799 0.015869 -0.014899 0.022349 0.021284 -42.900002 25.500000 52.500000
0.995605 -0.017578 0.026611 -0.013835 0.022349 0.018092 -42.599998 22.799999 52.200001
0.995605 -0.013428 0.013428 -0.018092 0.021284 0.018092 -42.000000 23.400000 51.000000
0.992920 -0.020020 0.014893 -0.011706 0.021284 0.019156 -42.599998 24.600000 52.200001
0.998047 -0.016602 0.033203 -0.012771 0.023413 0.018092 -42.000000 24.000000 51.000000
0.993164 -0.012939 0.020752 -0.015963 0.021284 0.017028 -41.700001 24.299999 51.900002
0.994385 -0.011719 0.024658 -0.012771 0.019156 0.019156 -42.000000 24.000000 50.400002
0.996338 -0.015137 0.025146 -0.012771 0.020220 0.017028 -41.700001 23.100000 50.700001
0.996094 -0.014648 0.027832 -0.014899 0.023413 0.020220 -41.400002 23.400000 52.200001
0.995605 -0.015381 0.025391 -0.011706 0.020220 0.018092 -42.000000 23.400000 51.599998
0.997070 -0.020996 0.020020 -0.015963 0.022349 0.020220 -42.900002 24.299999 52.500000
1.003906 -0.017334 0.024414 -0.015963 0.022349 0.018092 -42.000000 22.799999 51.599998
0.994141 -0.019287 0.032227 -0.014899 0.020220 0.018092 -41.099998 21.900000 51.900002
0.996338 -0.005371 0.019043 -0.017028 0.021284 0.017028 -41.400002 24.600000 52.200001
0.997070 -0.015381 0.028320 -0.017028 0.023413 0.015963 -39.900002 23.700001 52.500000
0.997314 -0.012695 0.021240 -0.017028 0.021284 0.015963 -41.700001 23.100000 51.900002
0.993164 -0.015869 0.020020 -0.017028 0.023413 0.018092 -43.200001 24.000000 52.200001
0.994385 -0.014648 0.022461 -0.013835 0.024477 0.017028 -42.000000 23.400000 53.400002
0.998535 -0.015137 0.029297 -0.011706 0.023413 0.021284 -42.000000 22.799999 50.400002
0.999512 -0.013672 0.029297 -0.019156 0.021284 0.020220 -42.599998 22.799999 52.200001
0.991455 -0.020020 0.018066 -0.012771 0.022349 0.019156 -41.400002 23.400000 52.799999
0.994629 -0.012451 0.028564 -0.012771 0.022349 0.019156 -42.299999 24.900000 51.299999
0.999512 -0.018311 0.034668 -0.013835 0.024477 0.018092 -41.400002 25.200001 51.599998
0.990479 -0.016846 0.027344 -0.015963 0.021284 0.014899 -41.400002 23.400000 51.000000
0.993896 -0.016113 0.018311 -0.014899 0.022349 0.017028 -42.299999 22.500000 52.500000
0.995850 -0.018066 0.023926 -0.014899 0.023413 0.019156 -42.299999 24.900000 51.299999
0.997070 -0.015625 0.023438 -0.015963 0.021284 0.020220 -43.500000 23.700001 50.099998
1.000732 -0.012451 0.031738 -0.012771 0.023413 0.019156 -42.599998 24.000000 53.400002
0.998291 -0.013428 0.026855 -0.014899 0.020220 0.018092 -42.900002 24.299999 53.700001
1.003418 -0.016357 0.019287 -0.012771 0.022349 0.019156 -42.000000 22.799999 51.599998
0.996826 -0.014893 0.029297 -0.012771 0.020220 0.019156 -43.200001 24.600000 51.599998
0.994385 -0.015869 0.023438 -0.015963 0.023413 0.019156 -41.400002 24.600000 50.400002
0.997314 -0.017090 0.025146 -0.017028 0.022349 0.017028 -40.500000 23.100000 53.099998
0.995850 -0.014160 0.016602 -0.015963 0.024477 0.021284 -42.599998 22.200001 51.000000
0.999756 -0.010254 0.013428 -0.012771 0.020220 0.017028 -41.099998 24.900000 50.700001
1.001953 -0.012695 0.025146 -0.015963 0.021284 0.019156 -40.799999 24.000000 51.000000
0.997803 -0.017578 0.027344 -0.012771 0.021284 0.020220 -41.099998 23.700001 52.500000
0.998779 -0.016113 0.022217 -0.014899 0.021284 0.018092 -42.000000 24.000000 52.200001
0.996826 -0.015869 0.027832 -0.013835 0.021284 0.019156 -41.099998 24.900000 51.900002
0.996582 -0.018555 0.020752 -0.015963 0.020220 0.017028 -42.900002 24.900000 50.700001
1.000488 -0.014404 0.024902 -0.013835 0.021284 0.017028 -43.200001 24.000000 52.799999
0.998047 -0.015625 0.029053 -0.014899 0.021284 0.021284 -41.099998 23.100000 51.299999
0.993896 -0.010498 0.023193 -0.012771 0.020220 0.017028 -39.900002 23.100000 51.900002
0.999512 -0.011963 0.021729 -0.017028 0.024477 0.020220 -41.700001 22.500000 51.900002
0.992432 -0.011475 0.022949 -0.013835 0.021284 0.017028 -42.599998 22.200001 53.400002
1.000244 -0.015625 0.019043 -0.012771 0.021284 0.020220 -42.599998 24.000000 51.599998
0.998535 -0.013672 0.026855 -0.014899 0.023413 0.019156 -41.700001 23.100000 51.299999
0.996826 -0.010010 0.023926 -0.012771 0.022349 0.019156 -42.000000 24.000000 51.599998
0.995605 -0.014648 0.024902 -0.014899 0.021284 0.022349 -40.799999 23.400000 51.599998
0.993896 -0.018799 0.021729 -0.014899 0.023413 0.017028 -42.599998 24.000000 51.599998
1.000977 -0.018066 0.021484 -0.015963 0.022349 0.018092 -42.900002 23.700001 53.099998
0.993896 -0.014893 0.027344 -0.014899 0.020220 0.020220 -40.799999 24.000000 51.000000
1.000000 -0.016113 0.014404 -0.015963 0.022349 0.020220 -42.299999 23.700001 51.299999
0.998779 -0.011475 0.027344 -0.013835 0.023413 0.017028 -42.599998 22.799999 51.599998
0.989258 -0.014404 0.020020 -0.017028 0.023413 0.017028 -42.000000 25.799999 52.799999
0.994873 -0.018799 0.025879 -0.013835 0.022349 0.019156 -42.299999 23.100000 51.900002
0.995361 -0.012451 0.020508 -0.014899 0.022349 0.015963 -42.299999 23.100000 53.099998
1.001709 -0.013916 0.027832 -0.014899 0.021284 0.021284 -41.700001 23.100000 52.500000
0.995605 -0.017822 0.020752 -0.013835 0.021284 0.021284 -42.000000 24.000000 52.799999
0.996582 -0.017090 0.015381 -0.015963 0.022349 0.017028 -44.099998 24.299999 51.900002
0.994629 -0.015625 0.026611 -0.015963 0.022349 0.019156 -42.900002 24.900000 53.099998
1.004395 -0.019043 0.025391 -0.014899 0.021284 0.018092 -42.000000 24.000000 52.799999
0.997070 -0.011230 0.018799 -0.013835 0.024477 0.021284 -42.000000 24.600000 52.200001
0.996094 -0.015625 0.026367 -0.012771 0.021284 0.021284 -42.000000 23.400000 49.799999
0.996094 -0.012939 0.027588 -0.012771 0.018092 0.014899 -42.000000 22.200001 52.799999
1.004883 -0.012939 0.021973 -0.015963 0.022349 0.019156 -41.099998 24.299999 52.500000
0.994385 -0.019531 0.028320 -0.012771 0.019156 0.018092 -40.500000 24.299999 52.500000
0.997559 -0.014893 0.022705 -0.014899 0.018092 0.014899 -42.299999 24.299999 51.900002
0.994629 -0.010986 0.032471 -0.015963 0.024477 0.017028 -42.599998 22.200001 51.599998
0.999023 -0.017578 0.023438 -0.012771 0.024477 0.013835 -40.200001 24.000000 51.599998
0.995361 -0.012939 0.034180 -0.014899 0.024477 0.017028 -42.599998 23.400000 51.599998
0.999023 -0.012207 0.033936 -0.015963 0.021284 0.021284 -41.700001 24.900000 52.500000
0.987061 -0.020508 0.019287 -0.012771 0.020220 0.018092 -41.400002 22.200001 52.200001
0.999023 -0.014160 0.017578 -0.009578 0.020220 0.017028 -42.599998 22.200001 52.200001
0.993896 -0.011719 0.011475 -0.015963 0.022349 0.018092 -41.400002 24.600000 51.000000
0.994873 -0.024414 0.027588 -0.013835 0.024477 0.017028 -41.099998 23.700001 51.900002
0.996094 -0.017822 0.029785 -0.017028 0.020220 0.019156 -42.299999 23.700001 51.900002
0.993652 -0.015625 0.022705 -0.011706 0.018092 0.022349 -42.000000 23.400000 52.799999
0.993652 -0.019775 0.025391 -0.012771 0.018092 0.017028 -41.099998 23.100000 51.299999
1.003662 -0.015381 0.019287 -0.015963 0.023413 0.019156 -41.099998 23.700001 52.500000
0.996826 -0.021484 0.018066 -0.014899 0.024477 0.020220 -41.400002 22.799999 51.599998
1.001953 -0.011475 0.023193 -0.014899 0.025541 0.017028 -42.000000 22.799999 52.799999
0.979248 -0.007568 0.031006 -0.013835 0.024477 0.017028 -41.099998 24.299999 52.500000
1.002197 -0.011719 0.021729 -0.013835 0.024477 0.021284 -42.299999 23.700001 51.900002
0.995361 -0.011475 0.026611 -0.014899 0.022349 0.021284 -42.599998 22.799999 51.599998
0.989990 -0.014404 0.015137 -0.012771 0.017028 0.017028 -43.799999 22.200001 52.200001
0.992920 -0.012695 0.024902 -0.014899 0.024477 0.018092 -42.599998 22.799999 51.599998
1.004150 -0.013428 0.025879 -0.015963 0.024477 0.021284 -42.299999 25.500000 50.099998
0.989258 -0.021240 0.010986 -0.012771 0.023413 0.019156 -41.700001 22.500000 53.099998
0.993896 -0.009766 0.020996 -0.012771 0.021284 0.018092 -42.299999 23.700001 53.099998
1.002930 -0.017822 0.027832 -0.019156 0.022349 0.020220 -41.099998 24.299999 53.099998
0.988770 -0.018311 0.018555 -0.011706 0.021284 0.019156 -42.000000 23.400000 51.000000
0.989746 -0.010498 0.024414 -0.014899 0.018092 0.014899 -42.299999 23.700001 51.900002
0.998779 -0.009766 0.025879 -0.013835 0.022349 0.015963 -43.799999 23.400000 51.599998
0.999023 -0.019287 0.034180 -0.014899 0.022349 0.018092 -41.099998 23.100000 53.099998
1.001465 -0.015137 0.027832 -0.013835 0.019156 0.020220 -43.200001 22.799999 49.799999
0.997070 -0.015137 0.017090 -0.014899 0.022349 0.021284 -41.099998 23.100000 51.299999
0.999023 -0.014404 0.026855 -0.018092 0.023413 0.018092 -42.299999 23.700001 53.099998
0.996094 -0.011475 0.028809 -0.015963 0.021284 0.015963 -42.599998 24.000000 51.599998
0.994141 -0.009033 0.029053 -0.011706 0.023413 0.020220 -42.900002 26.100000 50.700001
0.998779 -0.019043 0.023682 -0.013835 0.018092 0.021284 -41.700001 22.500000 52.500000
0.994385 -0.014893 0.024902 -0.012771 0.021284 0.017028 -41.099998 23.100000 51.900002
1.004150 -0.017578 0.019043 -0.014899 0.022349 0.019156 -42.599998 24.600000 51.000000
0.993896 -0.018311 0.022705 -0.014899 0.023413 0.015963 -42.000000 22.799999 52.200001
0.992188 -0.007812 0.020996 -0.014899 0.020220 0.018092 -42.000000 23.400000 51.000000
0.999512 -0.012207 0.029541 -0.019156 0.020220 0.021284 -42.299999 23.700001 53.099998
0.989746 -0.017578 0.020264 -0.015963 0.019156 0.019156 -42.299999 23.100000 51.299999
0.995850 -0.018799 0.016113 -0.012771 0.022349 0.017028 -41.700001 24.299999 52.500000
1.001709 -0.019043 0.025146 -0.014899 0.023413 0.017028 -42.599998 24.000000 52.799999
0.991211 -0.018555 0.020020 -0.014899 0.019156 0.021284 -41.400002 23.400000 52.799999
1.000732 -0.009033 0.028564 -0.013835 0.022349 0.023413 -42.299999 23.100000 52.500000
0.995605 -0.018799 0.018555 -0.017028 0.019156 0.017028 -42.000000 22.200001 52.200001
1.003418 -0.017578 0.019043 -0.019156 0.023413 0.018092 -41.099998 22.500000 53.099998
0.991943 -0.017822 0.015381 -0.013835 0.023413 0.018092 -41.700001 22.500000 51.299999
1.002441 -0.022705 0.019043 -0.013835 0.023413 0.015963 -42.000000 24.000000 52.799999
0.999023 -0.005371 0.021484 -0.015963 0.022349 0.017028 -42.599998 23.400000 52.200001
0.992676 -0.013672 0.034180 -0.015963 0.021284 0.017028 -43.500000 24.299999 50.700001
0.995361 -0.020752 0.031006 -0.011706 0.020220 0.019156 -40.799999 23.400000 51.599998
1.001953 -0.008789 0.024414 -0.009578 0.024477 0.019156 -42.599998 24.000000 52.799999
0.992920 -0.011230 0.025146 -0.019156 0.023413 0.015963 -40.799999 24.600000 53.400002
0.999023 -0.011230 0.017334 -0.014899 0.023413 0.015963 -43.200001 23.400000 52.200001
0.998779 -0.014160 0.034424 -0.014899 0.021284 0.019156 -41.400002 23.400000 52.799999
0.994873 -0.016113 0.020996 -0.014899 0.020220 0.019156 -42.299999 23.100000 51.900002
0.997559 -0.009766 0.019531 -0.017028 0.023413 0.017028 -42.299999 24.900000 51.900002
0.999756 -0.020020 0.031738 -0.017028 0.023413 0.015963 -41.400002 22.200001 52.799999
0.996094 -0.015869 0.019531 -0.018092 0.022349 0.018092 -40.799999 24.600000 52.799999
0.996826 -0.019287 0.027100 -0.014899 0.021284 0.022349 -42.000000 23.400000 52.200001
0.992920 -0.013428 0.029785 -0.012771 0.022349 0.019156 -41.700001 23.700001 52.500000
0.998535 -0.018311 0.023926 -0.014899 0.022349 0.018092 -42.000000 24.600000 53.400002
0.999756 -0.016357 0.030029 -0.015963 0.024477 0.019156 -43.799999 24.000000 51.599998
1.000732 -0.015381 0.027588 -0.017028 0.022349 0.018092 -41.400002 22.799999 51.000000
0.993896 -0.016357 0.021240 -0.013835 0.021284 0.017028 -42.599998 23.400000 51.599998
0.996582 -0.013916 0.033203 -0.012771 0.021284 0.018092 -40.799999 24.000000 52.200001
0.992432 -0.017334 0.020508 -0.013835 0.023413 0.019156 -41.099998 22.500000 53.099998
1.000244 -0.010742 0.020020 -0.013835 0.022349 0.018092 -42.299999 24.299999 51.900002
1.000000 -0.014648 0.025879 -0.012771 0.021284 0.018092 -42.000000 24.000000 51.000000
0.996094 -0.014893 0.035645 -0.017028 0.022349 0.019156 -41.099998 24.299999 52.500000
0.991211 -0.015625 0.031250 -0.014899 0.023413 0.017028 -42.599998 22.799999 51.599998
0.992432 -0.011475 0.023438 -0.013835 0.021284 0.019156 -45.000000 22.799999 51.599998
0.997803 -0.018555 0.030762 -0.013835 0.022349 0.017028 -40.799999 23.400000 52.200001
0.999268 -0.009521 0.027100 -0.009578 0.022349 0.020220 -42.900002 23.700001 52.500000
1.002197 -0.015381 0.020020 -0.015963 0.021284 0.017028 -41.400002 24.000000 52.200001
0.994629 -0.014648 0.022217 -0.017028 0.024477 0.017028 -41.400002 24.000000 52.200001
0.994629 -0.013672 0.020752 -0.014899 0.024477 0.019156 -41.700001 24.299999 51.299999
0.998047 -0.016602 0.030273 -0.013835 0.022349 0.018092 -41.400002 22.799999 52.200001
0.997314 -0.016602 0.018066 -0.014899 0.022349 0.019156 -41.700001 23.700001 51.299999
0.997314 -0.016113 0.026123 -0.013835 0.021284 0.018092 -41.400002 24.000000 52.200001
0.994873 -0.010986 0.026611 -0.015963 0.019156 0.020220 -41.099998 23.700001 53.099998
0.991943 -0.013428 0.020508 -0.012771 0.022349 0.022349 -42.000000 24.600000 52.799999
1.001221 -0.012451 0.029053 -0.012771 0.020220 0.017028 -39.900002 24.299999 52.500000
0.992432 -0.019775 0.027832 -0.012771 0.022349 0.015963 -41.700001 23.100000 51.900002
0.994141 -0.017090 0.027344 -0.014899 0.024477 0.017028 -43.500000 22.500000 52.500000
0.993164 -0.011475 0.031250 -0.012771 0.021284 0.019156 -41.700001 25.500000 50.700001
0.995605 -0.016846 0.030762 -0.012771 0.022349 0.019156 -41.400002 22.799999 52.200001
0.993164 -0.016846 0.017334 -0.015963 0.022349 0.019156 -42.000000 23.400000 51.599998
0.995850 -0.016846 0.029053 -0.014899 0.023413 0.015963 -42.299999 21.900000 51.900002
0.990967 -0.015137 0.019531 -0.013835 0.024477 0.019156 -42.000000 23.400000 51.599998
0.997314 -0.012939 0.026855 -0.013835 0.022349 0.022349 -41.400002 22.799999 52.799999
0.991699 -0.016846 0.023926 -0.012771 0.019156 0.015963 -42.599998 22.799999 52.200001
0.996826 -0.009033 0.016846 -0.017028 0.021284 0.018092 -42.000000 24.000000 52.799999
0.995605 -0.014160 0.017822 -0.015963 0.024477 0.018092 -42.000000 23.400000 51.599998
0.998779 -0.011719 0.022949 -0.014899 0.023413 0.019156 -42.900002 23.100000 52.500000
0.998779 -0.013428 0.014893 -0.014899 0.022349 0.017028 -42.599998 22.799999 52.799999
0.999268 -0.014648 0.018555 -0.013835 0.022349 0.019156 -41.099998 23.100000 51.900002
1.001221 -0.013428 0.031982 -0.011706 0.020220 0.019156 -42.900002 23.100000 52.500000
0.996582 -0.019043 0.032227 -0.017028 0.023413 0.017028 -40.799999 22.200001 50.400002
0.994141 -0.010010 0.025879 -0.008514 0.023413 0.019156 -42.299999 23.700001 52.500000
0.997559 -0.010254 0.021484 -0.015963 0.022349 0.017028 -42.299999 24.299999 51.299999
0.992188 -0.019775 0.026855 -0.013835 0.022349 0.019156 -42.599998 24.000000 52.200001
1.001221 -0.015381 0.024658 -0.015963 0.023413 0.018092 -42.599998 22.200001 52.200001
0.997803 -0.016357 0.024414 -0.013835 0.020220 0.017028 -42.000000 24.000000 51.000000
1.000000 -0.014893 0.024658 -0.015963 0.022349 0.017028 -41.400002 24.600000 51.599998
0.990723 -0.014160 0.025635 -0.015963 0.024477 0.020220 -42.299999 23.700001 52.500000
0.995361 -0.018799 0.021240 -0.012771 0.020220 0.017028 -42.000000 23.400000 52.799999
0.997314 -0.017334 0.020996 -0.014899 0.022349 0.019156 -42.900002 23.700001 53.099998
1.000000 -0.014404 0.023682 -0.013835 0.020220 0.019156 -41.099998 24.299999 50.700001
0.993164 -0.015625 0.022949 -0.012771 0.021284 0.018092 -42.900002 24.900000 52.500000
0.993164 -0.009277 0.022949 -0.018092 0.021284 0.018092 -41.700001 24.299999 51.299999
0.998291 -0.021729 0.019531 -0.014899 0.021284 0.017028 -43.200001 23.400000 53.400002
1.000000 -0.013916 0.027832 -0.012771 0.025541 0.019156 -41.700001 23.700001 50.700001
0.998047 -0.011230 0.023438 -0.017028 0.021284 0.019156 -41.700001 25.500000 52.500000
0.997559 -0.017090 0.020020 -0.014899 0.022349 0.015963 -41.400002 23.400000 51.599998
