-0.014893 -0.678467 -0.711670 -0.012771 0.022349 0.019156 -27.600000 36.599998 61.799999
-0.010986 -0.679199 -0.720703 -0.015963 0.025541 0.020220 -28.200001 37.200001 61.799999
-0.015381 -0.679199 -0.713379 -0.010642 0.024477 0.015963 -25.500000 38.099998 61.500000
-0.005371 -0.681152 -0.716309 -0.012771 0.023413 0.020220 -27.900000 36.299999 63.299999
-0.010254 -0.681152 -0.716553 -0.019156 0.025541 0.018092 -27.299999 38.099998 63.299999
-0.016113 -0.679932 -0.716064 -0.015963 0.023413 0.020220 -27.000000 38.400002 63.599998
-0.012939 -0.684570 -0.712402 -0.014899 0.024477 0.019156 -27.600000 38.400002 62.400002
-0.011719 -0.677490 -0.710205 -0.015963 0.024477 0.018092 -26.700001 38.700001 63.299999
-0.014893 -0.683838 -0.717529 -0.014899 0.026606 0.018092 -26.100000 37.500000 63.299999
-0.011230 -0.677002 -0.709473 -0.013835 0.023413 0.018092 -26.700001 37.500000 60.900002
-0.011475 -0.675049 -0.712646 -0.012771 0.024477 0.018092 -25.799999 38.400002 61.200001
-0.015381 -0.676514 -0.708008 -0.014899 0.026606 0.019156 -25.799999 36.000000 63.599998
-0.012939 -0.679443 -0.726074 -0.015963 0.023413 0.017028 -28.799999 38.400002 61.799999
-0.012695 -0.678467 -0.711914 -0.013835 0.027670 0.014899 -26.700001 38.099998 62.099998
-0.012451 -0.683838 -0.716309 -0.017028 0.025541 0.019156 -27.900000 36.900002 61.500000
-0.015869 -0.676514 -0.708740 -0.014899 0.024477 0.020220 -27.000000 35.400002 62.400002
-0.007080 -0.680420 -0.716064 -0.012771 0.025541 0.019156 -28.200001 35.400002 63.599998
-0.020020 -0.680176 -0.721191 -0.015963 0.023413 0.021284 -27.000000 36.000000 63.000000
-0.003662 -0.674561 -0.718262 -0.014899 0.021284 0.019156 -27.600000 37.799999 62.400002
-0.010986 -0.682617 -0.709473 -0.012771 0.023413 0.021284 -27.299999 37.500000 62.099998
-0.004883 -0.674561 -0.718994 -0.013835 0.025541 0.017028 -26.700001 38.099998 62.700001
-0.015381 -0.680664 -0.714355 -0.018092 0.025541 0.018092 -27.900000 38.099998 63.299999
-0.012939 -0.676025 -0.708740 -0.015963 0.026606 0.022349 -26.400000 37.200001 61.799999
-0.010742 -0.687012 -0.717773 -0.019156 0.024477 0.018092 -27.900000 36.900002 61.500000
-0.008301 -0.681396 -0.723633 -0.013835 0.023413 0.019156 -27.299999 38.099998 62.700001
-0.013916 -0.680908 -0.710938 -0.013835 0.024477 0.020220 -26.700001 36.900002 62.700001
-0.009277 -0.675781 -0.718994 -0.013835 0.024477 0.017028 -27.299999 36.299999 61.500000
-0.011963 -0.685791 -0.718262 -0.015963 0.028734 0.020220 -27.900000 37.500000 62.700001
-0.017822 -0.683105 -0.707764 -0.014899 0.021284 0.015963 -27.900000 36.900002 62.099998
-0.014404 -0.680664 -0.727051 -0.013835 0.023413 0.019156 -27.000000 36.000000 61.799999
-0.014404 -0.679199 -0.716309 -0.015963 0.024477 0.021284 -24.900000 36.299999 63.299999
-0.011963 -0.681396 -0.722656 -0.014899 0.023413 0.019156 -25.500000 37.500000 62.700001
-0.013916 -0.680908 -0.707520 -0.013835 0.026606 0.014899 -27.900000 35.099998 62.700001
-0.013184 -0.676514 -0.705566 -0.014899 0.025541 0.017028 -28.200001 36.599998 63.000000
-0.020020 -0.677002 -0.720947 -0.011706 0.024477 0.017028 -27.600000 37.200001 63.000000
-0.013184 -0.679688 -0.713379 -0.014899 0.021284 0.017028 -28.500000 39.299999 62.700001
-0.008057 -0.680908 -0.706787 -0.012771 0.023413 0.015963 -27.000000 36.000000 62.400002
-0.015381 -0.675781 -0.725586 -0.015963 0.025541 0.022349 -25.200001 37.799999 61.799999
-0.010254 -0.672852 -0.713135 -0.012771 0.024477 0.022349 -26.700001 36.900002 63.299999
-0.008301 -0.681641 -0.716309 -0.013835 0.025541 0.017028 -26.700001 39.299999 60.900002
-0.006836 -0.674561 -0.720947 -0.012771 0.025541 0.018092 -26.700001 36.900002 62.099998
-0.014160 -0.678223 -0.714355 -0.015963 0.024477 0.018092 -27.299999 36.299999 62.700001
-0.017334 -0.680908 -0.711426 -0.013835 0.022349 0.020220 -28.200001 37.799999 63.000000
-0.015381 -0.684326 -0.715088 -0.014899 0.026606 0.017028 -27.000000 37.799999 63.599998
-0.014404 -0.672607 -0.710205 -0.014899 0.022349 0.017028 -25.799999 37.200001 62.400002
-0.009766 -0.678223 -0.708984 -0.014899 0.025541 0.014899 -26.400000 36.599998 63.000000
-0.014404 -0.675049 -0.715820 -0.013835 0.025541 0.018092 -27.000000 38.400002 62.400002
-0.009766 -0.683105 -0.716553 -0.013835 0.022349 0.019156 -27.000000 37.200001 63.000000
-0.013428 -0.684570 -0.716553 -0.017028 0.022349 0.019156 -26.100000 38.099998 62.700001
-0.017578 -0.684570 -0.713135 -0.014899 0.021284 0.019156 -28.500000 37.500000 62.700001
-0.008301 -0.684082 -0.722900 -0.017028 0.023413 0.018092 -29.100000 36.299999 61.500000
-0.010742 -0.680908 -0.713135 -0.015963 0.023413 0.019156 -27.000000 36.000000 63.000000
-0.014648 -0.680664 -0.716797 -0.014899 0.024477 0.019156 -27.299999 36.900002 62.099998
-0.009033 -0.679199 -0.709473 -0.010642 0.023413 0.017028 -28.500000 36.299999 61.500000
-0.015869 -0.678711 -0.714111 -0.015963 0.026606 0.018092 -28.200001 38.400002 62.400002
-0.010742 -0.680908 -0.703857 -0.014899 0.025541 0.015963 -26.700001 36.900002 60.900002
-0.013672 -0.680908 -0.711670 -0.015963 0.024477 0.020220 -25.799999 37.200001 63.000000
-0.010498 -0.678955 -0.703613 -0.014899 0.024477 0.018092 -27.299999 36.299999 62.700001
-0.004395 -0.683594 -0.711914 -0.019156 0.023413 0.015963 -26.400000 36.000000 63.599998
-0.018799 -0.681396 -0.710205 -0.015963 0.025541 0.018092 -27.000000 35.400002 63.599998
-0.011230 -0.678955 -0.705078 -0.014899 0.023413 0.015963 -28.200001 36.000000 60.599998
-0.015869 -0.678955 -0.715576 -0.012771 0.022349 0.020220 -26.700001 36.900002 62.700001
-0.007812 -0.685547 -0.715088 -0.013835 0.022349 0.020220 -27.000000 37.799999 61.200001
-0.010254 -0.679932 -0.716309 -0.011706 0.022349 0.021284 -27.000000 37.799999 63.599998
-0.012939 -0.684082 -0.704102 -0.017028 0.022349 0.017028 -26.400000 37.799999 61.799999
-0.019531 -0.679443 -0.715820 -0.011706 0.026606 0.018092 -26.700001 36.299999 61.500000
-0.012695 -0.684082 -0.710938 -0.015963 0.028734 0.019156 -27.900000 37.500000 63.299999
-0.017822 -0.684570 -0.706299 -0.014899 0.022349 0.015963 -28.200001 37.799999 63.000000
-0.013184 -0.679199 -0.722900 -0.019156 0.025541 0.015963 -26.700001 37.500000 62.700001
-0.009277 -0.677979 -0.715088 -0.018092 0.023413 0.015963 -27.299999 37.500000 62.099998
-0.014648 -0.677002 -0.721191 -0.017028 0.021284 0.019156 -27.299999 38.099998 61.500000
-0.006836 -0.675781 -0.712402 -0.013835 0.023413 0.020220 -27.000000 37.200001 63.599998
-0.016357 -0.682617 -0.716309 -0.015963 0.021284 0.018092 -26.700001 38.700001 61.500000
-0.012939 -0.677734 -0.713135 -0.013835 0.024477 0.019156 -27.000000 37.200001 62.400002
-0.011230 -0.682861 -0.718994 -0.014899 0.023413 0.018092 -27.299999 36.900002 61.500000
-0.010742 -0.684570 -0.716553 -0.017028 0.024477 0.018092 -27.000000 37.799999 61.799999
-0.013672 -0.681885 -0.725098 -0.018092 0.022349 0.020220 -27.000000 38.400002 62.400002
-0.012695 -0.680176 -0.712402 -0.013835 0.023413 0.019156 -26.700001 37.500000 62.700001
-0.014160 -0.677734 -0.717773 -0.014899 0.023413 0.020220 -27.900000 39.299999 62.700001
-0.018066 -0.678223 -0.713867 -0.013835 0.021284 0.017028 -27.000000 36.000000 61.799999
-0.016357 -0.680664 -0.722412 -0.014899 0.024477 0.021284 -28.200001 36.599998 63.000000
-0.011230 -0.679443 -0.714111 -0.013835 0.025541 0.018092 -28.200001 37.200001 61.799999
-0.016357 -0.681152 -0.718750 -0.014899 0.026606 0.017028 -28.799999 34.799999 64.800003
-0.009521 -0.681396 -0.713867 -0.015963 0.024477 0.019156 -27.299999 38.099998 62.099998
-0.018799 -0.681396 -0.707520 -0.014899 0.024477 0.019156 -27.900000 37.500000 61.500000
-0.017578 -0.683105 -0.704590 -0.012771 0.022349 0.017028 -28.500000 38.099998 62.700001
-0.011719 -0.681885 -0.717285 -0.017028 0.026606 0.017028 -27.900000 36.900002 62.700001
-0.013672 -0.687744 -0.713867 -0.017028 0.024477 0.018092 -27.000000 36.599998 63.599998
-0.018066 -0.677246 -0.710693 -0.013835 0.023413 0.019156 -27.299999 38.099998 62.099998
-0.012695 -0.676514 -0.709229 -0.015963 0.024477 0.019156 -25.500000 36.299999 62.099998
-0.008301 -0.686279 -0.709229 -0.012771 0.025541 0.021284 -27.600000 37.799999 63.000000
-0.014160 -0.681885 -0.713623 -0.017028 0.022349 0.020220 -28.200001 37.200001 61.799999
-0.006592 -0.678711 -0.713867 -0.013835 0.026606 0.020220 -25.799999 39.000000 63.000000
-0.018555 -0.683838 -0.713867 -0.015963 0.025541 0.019156 -26.400000 38.400002 63.000000
-0.011963 -0.676758 -0.711670 -0.012771 0.023413 0.019156 -28.200001 39.000000 62.400002
-0.011963 -0.683594 -0.714111 -0.014899 0.023413 0.018092 -27.299999 36.900002 62.099998
-0.012939 -0.679199 -0.714844 -0.015963 0.024477 0.020220 -27.299999 37.500000 62.099998
-0.010986 -0.683105 -0.717773 -0.017028 0.024477 0.019156 -25.799999 37.200001 63.000000
-0.008789 -0.681396 -0.712158 -0.015963 0.022349 0.021284 -27.000000 38.400002 61.799999
-0.009521 -0.675049 -0.709473 -0.015963 0.026606 0.022349 -27.600000 36.599998 62.400002
-0.009033 -0.681152 -0.712158 -0.017028 0.021284 0.021284 -26.700001 38.700001 62.099998
-0.015381 -0.680664 -0.725098 -0.013835 0.025541 0.015963 -27.000000 37.200001 61.200001
-0.018066 -0.677246 -0.715576 -0.015963 0.023413 0.018092 -26.400000 38.400002 62.400002
-0.005615 -0.680176 -0.710449 -0.013835 0.023413 0.019156 -27.000000 37.799999 61.799999
-0.008301 -0.679199 -0.715088 -0.014899 0.025541 0.017028 -27.299999 37.500000 62.700001
-0.007324 -0.674072 -0.718018 -0.017028 0.023413 0.018092 -27.000000 37.200001 63.599998
-0.009766 -0.682861 -0.713867 -0.018092 0.023413 0.018092 -27.000000 36.000000 61.200001
-0.009521 -0.680664 -0.710205 -0.013835 0.025541 0.020220 -27.600000 37.799999 63.599998
-0.012207 -0.675293 -0.711914 -0.013835 0.023413 0.020220 -27.600000 37.200001 63.000000
-0.008301 -0.678711 -0.713135 -0.019156 0.023413 0.019156 -27.299999 36.900002 63.299999
-0.010254 -0.678711 -0.714111 -0.017028 0.023413 0.019156 -27.600000 37.200001 62.400002
-0.014648 -0.680176 -0.715088 -0.018092 0.024477 0.015963 -27.299999 37.500000 62.099998
-0.010498 -0.677734 -0.717285 -0.017028 0.021284 0.019156 -26.400000 36.599998 62.400002
-0.015137 -0.675537 -0.710449 -0.014899 0.023413 0.020220 -26.400000 36.000000 61.200001
-0.017578 -0.685547 -0.718506 -0.015963 0.025541 0.023413 -26.700001 36.900002 63.299999
-0.016602 -0.674316 -0.712891 -0.017028 0.026606 0.018092 -27.600000 37.200001 61.799999
-0.018066 -0.679199 -0.712158 -0.014899 0.024477 0.018092 -27.600000 38.400002 61.799999
-0.011963 -0.684814 -0.721924 -0.017028 0.024477 0.018092 -27.299999 36.299999 62.099998
-0.011963 -0.683350 -0.717285 -0.018092 0.024477 0.021284 -28.200001 36.000000 63.599998
-0.010498 -0.681885 -0.711914 -0.017028 0.026606 0.020220 -26.400000 37.200001 61.799999
-0.012451 -0.669678 -0.714600 -0.011706 0.023413 0.018092 -27.600000 37.200001 61.200001
-0.015625 -0.684326 -0.709229 -0.017028 0.025541 0.021284 -27.000000 37.799999 61.200001
-0.012451 -0.677002 -0.717773 -0.013835 0.020220 0.020220 -27.900000 38.099998 62.700001
-0.013184 -0.677002 -0.714844 -0.017028 0.023413 0.017028 -27.000000 37.200001 63.000000
-0.009766 -0.673828 -0.721191 -0.015963 0.024477 0.018092 -27.000000 37.200001 63.599998
-0.015137 -0.679932 -0.714600 -0.015963 0.023413 0.019156 -27.000000 37.799999 62.400002
-0.010254 -0.685059 -0.713379 -0.014899 0.024477 0.020220 -26.400000 37.200001 61.200001
-0.012451 -0.675537 -0.713867 -0.013835 0.027670 0.015963 -27.900000 36.299999 63.299999
-0.010986 -0.677734 -0.706055 -0.011706 0.025541 0.018092 -26.100000 36.900002 61.500000
-0.013916 -0.681152 -0.711914 -0.017028 0.027670 0.018092 -28.200001 37.200001 61.799999
-0.012207 -0.685791 -0.709961 -0.014899 0.024477 0.019156 -28.799999 39.000000 62.400002
-0.012207 -0.676270 -0.721924 -0.013835 0.021284 0.020220 -27.000000 36.599998 61.799999
-0.011230 -0.678223 -0.713135 -0.013835 0.022349 0.021284 -27.900000 36.900002 64.500000
-0.015381 -0.677979 -0.717773 -0.018092 0.022349 0.015963 -27.299999 38.700001 62.099998
-0.009521 -0.684326 -0.716309 -0.013835 0.024477 0.018092 -27.000000 36.599998 62.400002
-0.013184 -0.681885 -0.710693 -0.014899 0.023413 0.018092 -26.100000 36.900002 62.700001
-0.015869 -0.680176 -0.726074 -0.012771 0.025541 0.019156 -26.400000 37.200001 62.400002
-0.013184 -0.672852 -0.716797 -0.014899 0.021284 0.018092 -27.000000 37.799999 61.799999
-0.013916 -0.682617 -0.716553 -0.017028 0.026606 0.018092 -27.600000 37.200001 61.200001
-0.008789 -0.679443 -0.712891 -0.018092 0.025541 0.020220 -27.600000 37.799999 62.400002
-0.009766 -0.680420 -0.714355 -0.014899 0.021284 0.015963 -26.100000 37.500000 61.500000
-0.011475 -0.679932 -0.721924 -0.017028 0.022349 0.017028 -27.900000 38.099998 62.099998
-0.013672 -0.680664 -0.711182 -0.013835 0.024477 0.019156 -26.700001 36.900002 63.900002
-0.014160 -0.682861 -0.718262 -0.014899 0.022349 0.017028 -25.500000 37.500000 62.700001
-0.012451 -0.679932 -0.716553 -0.014899 0.023413 0.015963 -25.799999 34.799999 63.000000
-0.014893 -0.679199 -0.711670 -0.013835 0.025541 0.018092 -27.299999 37.500000 63.299999
-0.013916 -0.678711 -0.714111 -0.015963 0.024477 0.018092 -28.500000 37.500000 63.900002
-0.012451 -0.682861 -0.716309 -0.011706 0.022349 0.018092 -27.000000 37.799999 61.799999
-0.010986 -0.678711 -0.714844 -0.014899 0.023413 0.018092 -26.700001 38.700001 62.700001
-0.007812 -0.680176 -0.710205 -0.013835 0.021284 0.018092 -27.299999 36.299999 61.500000
-0.015137 -0.686279 -0.714111 -0.013835 0.022349 0.019156 -27.600000 35.400002 63.599998
-0.010254 -0.679932 -0.714844 -0.011706 0.026606 0.018092 -26.400000 36.599998 61.799999
-0.009766 -0.679688 -0.718018 -0.013835 0.022349 0.019156 -26.100000 37.500000 61.500000
-0.014404 -0.681641 -0.708252 -0.012771 0.024477 0.020220 -28.500000 35.700001 62.099998
-0.018311 -0.680908 -0.707520 -0.015963 0.024477 0.015963 -26.400000 38.400002 62.400002
-0.004639 -0.678955 -0.714355 -0.015963 0.024477 0.018092 -27.900000 36.299999 62.099998
-0.010742 -0.687744 -0.702393 -0.015963 0.023413 0.018092 -26.700001 36.299999 63.299999
-0.009766 -0.681152 -0.713135 -0.015963 0.024477 0.018092 -26.700001 36.299999 61.500000
-0.010742 -0.681641 -0.718506 -0.013835 0.026606 0.017028 -26.700001 38.099998 62.099998
-0.016602 -0.674561 -0.719238 -0.017028 0.023413 0.018092 -27.900000 37.500000 63.299999
-0.013184 -0.687256 -0.711670 -0.014899 0.025541 0.020220 -26.100000 38.700001 63.299999
-0.012939 -0.681396 -0.720215 -0.012771 0.024477 0.022349 -27.000000 38.400002 62.400002
-0.011963 -0.677002 -0.717773 -0.017028 0.025541 0.019156 -26.100000 35.700001 63.299999
-0.010010 -0.677002 -0.715088 -0.017028 0.024477 0.019156 -26.100000 38.099998 62.099998
-0.014160 -0.680420 -0.713379 -0.014899 0.025541 0.017028 -27.299999 36.900002 60.900002
-0.010742 -0.681396 -0.713867 -0.018092 0.026606 0.014899 -27.600000 38.400002 63.000000
-0.014160 -0.685303 -0.712402 -0.017028 0.023413 0.017028 -27.600000 37.799999 63.599998
-0.012207 -0.682129 -0.710205 -0.011706 0.022349 0.017028 -27.299999 36.900002 62.700001
-0.008545 -0.677246 -0.717529 -0.013835 0.021284 0.019156 -26.100000 36.900002 62.700001
-0.011963 -0.681885 -0.715576 -0.015963 0.025541 0.017028 -27.600000 36.599998 63.599998
-0.016846 -0.674561 -0.716309 -0.014899 0.023413 0.020220 -27.299999 37.500000 60.299999
-0.008057 -0.686035 -0.718506 -0.014899 0.024477 0.018092 -28.200001 37.200001 62.400002
-0.007324 -0.676514 -0.710449 -0.012771 0.024477 0.020220 -24.900000 36.900002 60.900002
-0.012207 -0.677979 -0.715332 -0.018092 0.024477 0.021284 -27.299999 37.500000 62.700001
-0.008301 -0.684814 -0.712646 -0.018092 0.025541 0.021284 -28.200001 37.200001 62.400002
-0.012939 -0.682373 -0.699951 -0.013835 0.023413 0.018092 -26.100000 37.500000 63.299999
-0.015869 -0.679443 -0.711670 -0.013835 0.024477 0.018092 -28.799999 38.400002 62.400002
-0.011230 -0.681641 -0.726562 -0.012771 0.023413 0.015963 -27.299999 36.900002 62.700001
-0.010010 -0.679688 -0.713135 -0.015963 0.025541 0.017028 -27.000000 37.200001 61.799999
-0.021729 -0.676025 -0.714600 -0.014899 0.024477 0.020220 -26.400000 37.799999 62.400002
-0.012939 -0.680420 -0.707764 -0.018092 0.026606 0.020220 -25.799999 36.599998 63.000000
-0.009277 -0.678711 -0.711670 -0.013835 0.024477 0.020220 -27.000000 36.599998 62.400002
-0.016113 -0.673096 -0.714111 -0.013835 0.022349 0.014899 -27.600000 36.599998 63.000000
-0.012451 -0.677490 -0.717773 -0.013835 0.023413 0.020220 -26.400000 36.000000 63.000000
-0.011230 -0.676758 -0.710449 -0.015963 0.022349 0.019156 -27.299999 37.500000 62.099998
-0.010742 -0.680908 -0.711426 -0.014899 0.025541 0.020220 -26.700001 36.900002 62.099998
-0.011475 -0.678223 -0.718994 -0.013835 0.023413 0.018092 -26.400000 38.400002 61.799999
-0.017578 -0.683105 -0.717529 -0.014899 0.027670 0.019156 -27.000000 37.799999 61.799999
-0.010010 -0.682617 -0.714844 -0.014899 0.022349 0.018092 -27.000000 36.599998 61.799999
-0.010986 -0.677490 -0.709229 -0.015963 0.024477 0.015963 -26.700001 36.299999 63.299999
-0.009277 -0.685791 -0.711182 -0.014899 0.026606 0.020220 -26.700001 36.900002 62.700001
-0.009521 -0.682617 -0.712158 -0.013835 0.027670 0.013835 -27.000000 37.200001 61.799999
-0.011475 -0.681885 -0.707520 -0.013835 0.024477 0.017028 -26.700001 36.900002 62.700001
-0.014893 -0.679688 -0.711426 -0.018092 0.024477 0.019156 -25.799999 39.000000 63.000000
-0.010742 -0.674072 -0.722656 -0.014899 0.023413 0.014899 -26.700001 38.099998 63.900002
-0.012695 -0.678223 -0.713867 -0.014899 0.025541 0.018092 -26.700001 35.700001 63.299999
-0.018555 -0.680176 -0.713379 -0.017028 0.022349 0.015963 -27.000000 37.200001 61.799999
-0.006592 -0.682617 -0.712402 -0.014899 0.022349 0.015963 -28.200001 37.799999 63.000000
-0.014893 -0.683350 -0.720703 -0.015963 0.023413 0.018092 -26.700001 37.500000 63.299999
-0.010010 -0.688232 -0.708008 -0.015963 0.025541 0.017028 -27.900000 38.099998 63.299999
-0.011719 -0.680908 -0.715576 -0.013835 0.026606 0.018092 -27.900000 36.299999 61.500000
-0.013184 -0.682861 -0.715820 -0.013835 0.022349 0.018092 -27.900000 38.700001 62.099998
-0.010010 -0.676270 -0.706543 -0.015963 0.024477 0.015963 -27.900000 36.900002 62.700001
-0.006348 -0.683594 -0.721924 -0.018092 0.024477 0.019156 -26.700001 36.900002 62.700001
-0.012451 -0.681396 -0.701416 -0.011706 0.025541 0.017028 -27.600000 37.200001 63.000000
-0.010742 -0.671875 -0.715820 -0.012771 0.025541 0.018092 -27.299999 36.299999 63.299999
-0.019287 -0.673828 -0.715088 -0.015963 0.026606 0.017028 -27.000000 37.200001 62.400002
-0.016602 -0.678955 -0.711182 -0.013835 0.024477 0.020220 -26.100000 36.299999 62.700001
-0.013672 -0.676025 -0.710693 -0.014899 0.024477 0.020220 -27.000000 37.799999 61.799999
-0.015137 -0.679688 -0.714600 -0.013835 0.025541 0.021284 -25.799999 37.200001 63.000000
-0.011963 -0.681152 -0.710693 -0.015963 0.024477 0.021284 -25.799999 37.200001 62.400002
-0.014404 -0.679932 -0.712158 -0.018092 0.026606 0.017028 -27.299999 38.099998 63.299999
-0.009766 -0.679443 -0.717285 -0.013835 0.024477 0.019156 -28.799999 39.000000 62.400002
-0.017334 -0.679932 -0.718262 -0.012771 0.025541 0.017028 -28.200001 38.400002 63.000000
-0.010986 -0.676514 -0.708008 -0.013835 0.025541 0.020220 -27.600000 36.599998 61.200001
-0.014648 -0.678223 -0.708740 -0.015963 0.024477 0.019156 -27.000000 36.599998 61.200001
-0.011475 -0.684082 -0.711670 -0.013835 0.023413 0.018092 -27.299999 38.099998 62.700001
-0.011963 -0.679932 -0.717285 -0.014899 0.023413 0.019156 -27.299999 37.500000 63.299999
-0.013428 -0.675781 -0.705078 -0.013835 0.023413 0.018092 -27.600000 38.400002 61.799999
-0.016357 -0.681396 -0.713623 -0.011706 0.023413 0.020220 -26.100000 36.299999 62.700001
-0.017822 -0.677979 -0.718018 -0.013835 0.023413 0.018092 -28.200001 37.799999 62.400002
-0.010254 -0.685059 -0.711670 -0.011706 0.026606 0.019156 -25.500000 37.500000 63.900002
-0.019775 -0.676758 -0.707031 -0.014899 0.027670 0.020220 -27.000000 38.400002 62.400002
-0.019775 -0.679932 -0.706787 -0.013835 0.026606 0.021284 -26.400000 37.799999 61.799999
-0.011963 -0.685303 -0.713135 -0.012771 0.024477 0.015963 -27.900000 38.099998 62.700001
-0.009766 -0.679688 -0.708496 -0.018092 0.024477 0.017028 -27.000000 37.799999 62.400002
-0.010498 -0.682373 -0.711670 -0.015963 0.026606 0.017028 -26.700001 35.700001 63.299999
-0.016846 -0.679688 -0.719238 -0.018092 0.023413 0.020220 -27.299999 36.299999 62.700001
-0.008789 -0.683350 -0.714600 -0.012771 0.023413 0.019156 -27.299999 37.500000 63.299999
-0.013428 -0.675781 -0.715820 -0.014899 0.025541 0.014899 -27.299999 37.500000 62.099998
-0.006836 -0.678955 -0.710449 -0.013835 0.025541 0.019156 -27.299999 35.700001 61.500000
-0.015869 -0.679199 -0.713623 -0.017028 0.026606 0.018092 -27.000000 37.200001 63.599998
-0.011475 -0.682861 -0.709229 -0.019156 0.025541 0.018092 -27.600000 38.400002 62.400002
-0.008301 -0.681396 -0.712158 -0.011706 0.027670 0.018092 -25.799999 36.599998 61.799999
-0.015625 -0.687744 -0.717773 -0.014899 0.021284 0.019156 -27.000000 35.400002 63.000000
-0.007324 -0.680664 -0.715332 -0.013835 0.023413 0.018092 -28.200001 39.599998 62.400002
-0.010254 -0.683838 -0.712402 -0.014899 0.024477 0.014899 -26.100000 36.900002 63.900002
-0.009033 -0.681885 -0.716309 -0.015963 0.022349 0.017028 -26.400000 37.799999 63.000000
-0.012939 -0.678223 -0.715332 -0.014899 0.022349 0.018092 -27.299999 37.500000 62.700001
-0.014404 -0.677490 -0.707520 -0.017028 0.026606 0.017028 -27.900000 37.500000 63.900002
-0.017334 -0.679932 -0.719238 -0.015963 0.025541 0.021284 -28.799999 38.400002 63.000000
-0.013916 -0.678467 -0.717529 -0.014899 0.022349 0.018092 -28.200001 35.400002 61.799999
-0.015869 -0.677490 -0.708252 -0.014899 0.024477 0.019156 -26.700001 36.900002 62.099998
-0.006592 -0.678223 -0.709473 -0.017028 0.023413 0.018092 -26.100000 36.299999 62.700001
-0.012939 -0.680908 -0.718506 -0.015963 0.023413 0.019156 -26.700001 37.500000 62.099998
-0.011230 -0.683594 -0.715576 -0.012771 0.024477 0.017028 -26.400000 36.599998 62.400002
-0.011963 -0.680420 -0.720459 -0.015963 0.025541 0.018092 -27.299999 37.500000 63.299999
-0.012939 -0.675293 -0.715820 -0.013835 0.024477 0.020220 -26.700001 37.500000 60.900002
-0.009277 -0.674805 -0.706055 -0.015963 0.024477 0.015963 -27.600000 36.599998 63.000000
-0.012207 -0.679443 -0.714355 -0.017028 0.024477 0.020220 -27.299999 38.099998 60.900002
-0.013184 -0.680664 -0.720947 -0.009578 0.023413 0.017028 -27.600000 37.200001 62.400002
-0.015381 -0.681152 -0.717529 -0.013835 0.021284 0.021284 -27.900000 38.700001 62.700001
-0.018555 -0.683838 -0.715088 -0.012771 0.025541 0.017028 -26.700001 35.099998 64.500000
-0.008057 -0.674316 -0.719727 -0.015963 0.023413 0.021284 -27.000000 36.599998 63.000000
-0.014893 -0.674561 -0.712158 -0.014899 0.022349 0.017028 -27.299999 38.099998 61.500000
-0.013672 -0.680908 -0.713379 -0.014899 0.023413 0.018092 -27.000000 37.799999 63.000000
-0.012207 -0.686523 -0.709717 -0.015963 0.025541 0.018092 -27.900000 36.299999 60.900002
-0.011719 -0.682373 -0.719482 -0.015963 0.022349 0.018092 -27.900000 37.500000 63.299999
-0.010742 -0.686035 -0.702881 -0.017028 0.022349 0.015963 -27.600000 37.200001 62.400002
-0.012207 -0.677002 -0.708740 -0.018092 0.026606 0.022349 -26.100000 36.299999 62.099998
-0.011963 -0.685059 -0.710205 -0.014899 0.023413 0.019156 -28.500000 38.099998 60.900002
-0.019775 -0.677979 -0.713623 -0.015963 0.025541 0.015963 -28.500000 35.700001 61.500000
-0.007080 -0.682129 -0.705566 -0.014899 0.022349 0.019156 -27.900000 35.700001 62.099998
-0.012451 -0.676514 -0.710938 -0.014899 0.025541 0.018092 -26.700001 36.299999 62.099998
-0.010254 -0.679443 -0.714600 -0.011706 0.025541 0.018092 -27.600000 37.799999 61.799999
-0.010498 -0.683105 -0.715576 -0.011706 0.024477 0.019156 -26.700001 37.500000 62.700001
-0.014893 -0.678223 -0.714844 -0.018092 0.024477 0.018092 -28.799999 37.799999 61.799999
-0.019043 -0.679688 -0.711670 -0.013835 0.021284 0.018092 -27.900000 37.500000 63.299999
-0.019775 -0.682373 -0.714844 -0.014899 0.026606 0.020220 -25.799999 36.599998 61.799999
-0.012207 -0.682373 -0.703369 -0.012771 0.024477 0.018092 -27.900000 39.299999 62.099998
-0.018799 -0.681152 -0.718506 -0.012771 0.026606 0.020220 -27.000000 38.400002 63.599998
-0.014404 -0.684326 -0.724609 -0.015963 0.025541 0.018092 -27.600000 37.799999 63.000000
-0.017822 -0.681396 -0.711182 -0.015963 0.024477 0.018092 -27.600000 35.400002 62.400002
-0.012451 -0.684082 -0.715088 -0.014899 0.023413 0.018092 -25.200001 36.599998 61.799999
-0.008301 -0.679199 -0.719727 -0.015963 0.024477 0.018092 -27.299999 36.900002 63.900002
-0.015137 -0.684082 -0.720459 -0.014899 0.024477 0.017028 -28.200001 36.599998 62.400002
-0.014404 -0.677002 -0.711670 -0.014899 0.024477 0.018092 -27.299999 37.500000 62.099998
-0.015137 -0.677490 -0.714355 -0.017028 0.026606 0.021284 -28.799999 37.200001 61.799999
-0.014404 -0.677979 -0.711182 -0.015963 0.025541 0.021284 -27.299999 36.299999 62.099998
-0.007080 -0.678467 -0.718750 -0.017028 0.022349 0.017028 -27.000000 37.200001 63.000000
-0.010986 -0.680420 -0.715088 -0.013835 0.023413 0.019156 -27.000000 37.799999 63.000000
-0.012207 -0.679932 -0.705811 -0.014899 0.022349 0.020220 -28.799999 36.599998 61.799999
-0.013184 -0.687012 -0.708252 -0.014899 0.022349 0.017028 -26.400000 36.599998 61.799999
-0.008789 -0.676758 -0.726074 -0.015963 0.022349 0.019156 -26.100000 37.500000 62.099998
-0.009766 -0.683350 -0.716064 -0.015963 0.024477 0.019156 -27.900000 36.900002 62.700001
-0.012939 -0.679443 -0.715088 -0.018092 0.021284 0.014899 -27.299999 36.900002 62.099998
-0.010498 -0.682129 -0.718262 -0.014899 0.027670 0.017028 -28.500000 38.099998 62.099998
-0.016113 -0.676025 -0.717529 -0.014899 0.025541 0.017028 -26.700001 36.900002 62.099998
-0.010742 -0.682861 -0.719238 -0.015963 0.023413 0.019156 -27.000000 38.400002 60.000000
-0.016113 -0.682617 -0.713623 -0.014899 0.022349 0.017028 -27.900000 36.900002 62.700001
-0.008301 -0.681396 -0.714600 -0.015963 0.024477 0.014899 -25.500000 36.299999 62.099998
-0.011475 -0.681152 -0.718018 -0.014899 0.024477 0.018092 -27.000000 37.799999 62.400002
-0.012451 -0.682373 -0.720947 -0.015963 0.024477 0.018092 -27.299999 37.500000 62.700001
-0.012451 -0.681396 -0.709717 -0.012771 0.023413 0.019156 -27.000000 36.599998 63.000000
-0.006836 -0.681885 -0.716309 -0.014899 0.023413 0.017028 -27.600000 38.400002 61.200001
-0.012695 -0.677979 -0.720703 -0.014899 0.023413 0.020220 -28.500000 38.099998 62.099998
-0.011230 -0.677734 -0.704590 -0.015963 0.022349 0.019156 -27.000000 36.000000 63.599998
-0.008301 -0.670654 -0.717773 -0.013835 0.025541 0.017028 -27.000000 35.400002 62.400002
-0.014160 -0.682617 -0.707520 -0.014899 0.025541 0.017028 -27.600000 35.400002 62.400002
-0.012695 -0.681396 -0.712646 -0.017028 0.024477 0.017028 -26.100000 38.099998 63.299999
