-1.007812 0.009277 -0.056396 -0.011706 0.020220 0.011706 47.700001 -29.700001 54.299999
-1.005859 -0.000732 -0.059814 -0.013835 0.024477 0.021284 46.200001 -29.400000 54.599998
-0.999512 0.013916 -0.046631 -0.014899 0.023413 0.022349 46.799999 -30.600000 54.000000
-1.000244 0.008545 -0.050781 -0.015963 0.026606 0.018092 45.900002 -29.100000 54.299999
-1.005859 -0.007080 -0.062744 -0.017028 0.020220 0.020220 47.400002 -30.000000 54.000000
-0.996094 0.007568 -0.049561 -0.013835 0.019156 0.018092 46.799999 -30.600000 54.599998
-1.007812 0.009521 -0.046143 -0.012771 0.022349 0.015963 46.500000 -30.900000 54.299999
-1.000000 -0.005371 -0.061523 -0.014899 0.025541 0.021284 45.599998 -30.600000 56.400002
-1.005127 0.003418 -0.054443 -0.012771 0.019156 0.025541 46.799999 -30.000000 52.799999
-1.003906 0.010010 -0.046387 -0.014899 0.023413 0.014899 48.000000 -29.400000 55.799999
-0.992920 -0.001709 -0.058105 -0.019156 0.022349 0.018092 47.099998 -30.900000 54.900002
-1.007324 0.000488 -0.056152 -0.017028 0.022349 0.020220 47.099998 -28.500000 56.099998
-1.002441 0.017090 -0.054443 -0.014899 0.022349 0.018092 47.700001 -30.299999 55.500000
-1.000977 0.009033 -0.059570 -0.013835 0.023413 0.015963 45.299999 -31.500000 53.700001
-1.002441 -0.004150 -0.056396 -0.013835 0.018092 0.019156 46.799999 -30.600000 54.599998
-0.994385 0.007324 -0.043701 -0.014899 0.020220 0.018092 46.500000 -29.700001 53.700001
-1.004883 0.000488 -0.054199 -0.015963 0.018092 0.017028 48.000000 -30.000000 54.000000
-0.995117 0.009277 -0.040527 -0.017028 0.018092 0.018092 46.799999 -30.000000 54.599998
-0.992676 -0.000732 -0.059570 -0.014899 0.021284 0.021284 46.500000 -29.100000 54.900002
-1.009033 0.005371 -0.057373 -0.013835 0.018092 0.019156 47.700001 -29.700001 54.299999
-1.019287 0.016602 -0.062988 -0.014899 0.020220 0.017028 46.500000 -29.700001 55.500000
-1.003662 0.009033 -0.069580 -0.015963 0.014899 0.018092 48.000000 -30.600000 55.799999
-1.000977 0.001953 -0.051758 -0.015963 0.017028 0.019156 46.799999 -28.799999 54.000000
-1.012207 -0.001709 -0.043945 -0.015963 0.023413 0.018092 46.799999 -30.600000 54.599998
-0.998047 0.007568 -0.059326 -0.014899 0.024477 0.022349 45.900002 -28.500000 53.700001
-1.001221 0.008057 -0.051758 -0.014899 0.027670 0.019156 47.099998 -30.900000 54.299999
-1.001465 0.007324 -0.064453 -0.011706 0.027670 0.021284 46.799999 -30.000000 54.599998
-1.001465 0.002686 -0.066406 -0.015963 0.019156 0.018092 47.400002 -30.000000 54.000000
-0.998779 0.009766 -0.055664 -0.014899 0.019156 0.017028 45.000000 -31.200001 56.400002
-1.005371 0.003662 -0.052979 -0.017028 0.020220 0.015963 45.299999 -30.900000 54.900002
-1.002441 0.000244 -0.047852 -0.014899 0.024477 0.017028 47.400002 -31.200001 54.599998
-0.995850 0.001953 -0.029541 -0.012771 0.026606 0.020220 46.500000 -30.900000 55.500000
-1.003174 -0.004883 -0.064697 -0.012771 0.023413 0.019156 48.000000 -29.400000 55.799999
-0.992676 0.006104 -0.050293 -0.015963 0.026606 0.022349 48.599998 -30.600000 53.400002
-1.004639 0.002441 -0.067627 -0.012771 0.024477 0.020220 47.099998 -29.700001 55.500000
-0.997314 0.006348 -0.052490 -0.012771 0.026606 0.019156 46.200001 -30.600000 54.000000
-1.003662 0.010498 -0.062500 -0.013835 0.026606 0.018092 46.799999 -30.600000 55.200001
-1.009033 -0.003174 -0.053223 -0.013835 0.021284 0.014899 48.599998 -30.600000 54.599998
-1.002441 0.003174 -0.057861 -0.014899 0.019156 0.020220 46.799999 -30.600000 55.799999
-1.003662 0.002197 -0.049561 -0.015963 0.022349 0.020220 46.200001 -30.000000 56.400002
-0.998047 0.004395 -0.044434 -0.013835 0.027670 0.019156 46.200001 -29.400000 53.400002
-1.003906 0.002686 -0.056152 -0.013835 0.028734 0.020220 46.500000 -29.700001 54.299999
-1.004639 0.003662 -0.054199 -0.015963 0.027670 0.021284 46.200001 -31.200001 54.599998
-1.001953 0.005615 -0.063232 -0.012771 0.026606 0.020220 46.200001 -30.600000 55.200001
-1.004395 -0.000488 -0.060059 -0.013835 0.020220 0.017028 47.099998 -30.299999 54.299999
-0.999268 0.003906 -0.052979 -0.011706 0.022349 0.019156 47.700001 -30.299999 55.500000
-1.005127 0.010010 -0.045166 -0.017028 0.020220 0.015963 46.500000 -30.900000 54.299999
-0.999756 0.005371 -0.046875 -0.014899 0.019156 0.018092 46.500000 -29.700001 54.900002
-0.999023 0.005615 -0.051270 -0.014899 0.019156 0.019156 47.400002 -30.600000 55.200001
-0.998535 0.005615 -0.053955 -0.013835 0.021284 0.017028 46.500000 -29.700001 56.099998
-1.002930 0.000488 -0.049805 -0.017028 0.022349 0.020220 47.700001 -29.100000 55.500000
-1.000488 0.004395 -0.048340 -0.015963 0.022349 0.020220 45.000000 -31.200001 54.599998
-1.009277 0.002930 -0.053711 -0.015963 0.022349 0.018092 48.900002 -31.500000 54.900002
-0.994629 0.009033 -0.045654 -0.014899 0.020220 0.018092 47.400002 -31.200001 55.799999
-1.004639 0.004395 -0.058838 -0.011706 0.020220 0.014899 47.400002 -29.400000 56.400002
-1.001465 -0.001465 -0.061279 -0.017028 0.014899 0.017028 46.200001 -30.000000 55.799999
-0.999756 0.006836 -0.045410 -0.013835 0.020220 0.017028 46.500000 -31.500000 54.299999
-1.003906 0.010254 -0.055908 -0.015963 0.026606 0.020220 47.700001 -30.900000 54.299999
-1.004150 0.000000 -0.058350 -0.014899 0.024477 0.022349 46.200001 -30.000000 54.599998
-0.996582 0.001953 -0.045166 -0.012771 0.021284 0.015963 45.599998 -30.600000 54.599998
-1.001709 0.007812 -0.051025 -0.014899 0.021284 0.013835 46.200001 -30.000000 54.599998
-1.000244 -0.001221 -0.050293 -0.014899 0.018092 0.019156 45.599998 -30.000000 54.599998
-1.003418 0.010498 -0.047363 -0.015963 0.025541 0.020220 48.000000 -30.600000 56.400002
-1.000244 0.006348 -0.056152 -0.015963 0.023413 0.014899 47.700001 -29.100000 55.500000
-1.002930 -0.002930 -0.059814 -0.015963 0.020220 0.021284 47.400002 -30.600000 55.200001
-1.003174 0.011230 -0.054688 -0.010642 0.021284 0.017028 45.900002 -30.299999 54.900002
-1.003174 -0.001221 -0.051025 -0.017028 0.022349 0.018092 45.900002 -30.299999 55.500000
-1.002686 -0.000732 -0.051514 -0.013835 0.020220 0.019156 44.700001 -30.900000 54.900002
-1.000977 0.008301 -0.045898 -0.015963 0.025541 0.018092 45.299999 -30.299999 55.500000
-0.998535 -0.002197 -0.066406 -0.017028 0.024477 0.019156 48.000000 -32.400002 54.599998
-0.999512 0.008301 -0.052002 -0.015963 0.018092 0.018092 46.799999 -30.600000 55.799999
-1.005371 0.003662 -0.040039 -0.015963 0.023413 0.013835 46.200001 -29.400000 53.400002
-1.018311 0.000000 -0.081055 -0.014899 0.021284 0.017028 46.500000 -29.700001 54.299999
-1.000244 0.009521 -0.043701 -0.012771 0.020220 0.014899 46.500000 -29.100000 53.099998
-1.004639 0.005615 -0.042480 -0.014899 0.025541 0.017028 46.200001 -29.400000 54.599998
-1.000244 -0.004639 -0.059326 -0.012771 0.020220 0.021284 46.200001 -29.400000 54.599998
-1.005127 0.004150 -0.043945 -0.012771 0.023413 0.023413 46.500000 -29.700001 54.299999
-1.001953 0.010986 -0.047852 -0.015963 0.021284 0.014899 45.599998 -29.400000 55.200001
-1.001953 -0.009033 -0.062744 -0.015963 0.018092 0.019156 47.400002 -29.400000 55.200001
-1.000732 0.009033 -0.052246 -0.013835 0.022349 0.017028 46.799999 -30.000000 55.799999
-1.005615 0.007812 -0.053955 -0.013835 0.022349 0.015963 45.599998 -29.400000 55.799999
-1.005615 -0.004883 -0.059814 -0.015963 0.019156 0.018092 47.700001 -30.299999 54.900002
-1.004395 0.009521 -0.045898 -0.014899 0.020220 0.014899 46.799999 -30.600000 55.799999
-1.007568 0.006592 -0.058350 -0.015963 0.023413 0.015963 46.500000 -28.500000 54.299999
-1.001709 0.000000 -0.058350 -0.011706 0.024477 0.020220 47.400002 -30.600000 54.599998
-1.004150 0.003662 -0.049805 -0.014899 0.023413 0.020220 48.000000 -29.400000 55.200001
-1.002441 0.007080 -0.042725 -0.018092 0.019156 0.020220 46.500000 -29.100000 54.299999
-1.001709 0.015625 -0.057373 -0.017028 0.023413 0.017028 46.500000 -30.299999 53.700001
-0.996094 0.004639 -0.049316 -0.017028 0.022349 0.015963 48.299999 -29.700001 54.900002
-1.003418 -0.000977 -0.051514 -0.017028 0.020220 0.020220 47.099998 -29.100000 55.500000
-0.996094 0.000488 -0.047119 -0.013835 0.024477 0.015963 46.799999 -30.000000 55.799999
-1.001953 0.008789 -0.054932 -0.014899 0.024477 0.015963 46.500000 -30.900000 54.900002
-1.002441 0.005127 -0.050537 -0.012771 0.023413 0.021284 46.200001 -30.000000 54.000000
-1.003662 0.008301 -0.050049 -0.012771 0.022349 0.019156 47.099998 -29.700001 56.099998
-1.010986 -0.001465 -0.060547 -0.014899 0.023413 0.019156 47.099998 -29.700001 53.099998
-0.998535 0.010010 -0.047119 -0.013835 0.025541 0.019156 46.500000 -29.700001 56.099998
-0.999268 0.002197 -0.046875 -0.013835 0.020220 0.018092 47.400002 -29.400000 56.400002
-1.005127 0.004395 -0.054443 -0.013835 0.023413 0.018092 46.799999 -30.600000 54.000000
-1.004883 0.001465 -0.049316 -0.014899 0.023413 0.017028 47.400002 -30.600000 55.200001
-1.001465 0.001953 -0.054688 -0.011706 0.024477 0.018092 47.700001 -30.900000 55.500000
-0.997803 0.006592 -0.053711 -0.015963 0.022349 0.024477 45.599998 -31.200001 54.599998
-1.002441 0.004639 -0.048828 -0.018092 0.021284 0.018092 46.500000 -29.700001 55.500000
-0.997803 0.004150 -0.056152 -0.015963 0.023413 0.020220 47.400002 -31.200001 55.200001
-1.008545 0.009766 -0.056641 -0.017028 0.020220 0.022349 46.500000 -30.900000 56.700001
-1.004639 0.012207 -0.062500 -0.011706 0.022349 0.017028 46.500000 -30.299999 56.099998
-1.003662 0.001953 -0.051514 -0.013835 0.023413 0.012771 45.299999 -29.700001 53.700001
-0.996338 0.008545 -0.053467 -0.013835 0.019156 0.018092 45.599998 -30.600000 55.200001
-1.003662 0.003174 -0.059570 -0.014899 0.024477 0.017028 47.400002 -29.400000 55.799999
-0.999756 0.007812 -0.055420 -0.018092 0.020220 0.017028 46.799999 -29.400000 55.200001
-0.999268 0.003662 -0.047119 -0.014899 0.023413 0.020220 46.200001 -29.400000 54.599998
-0.996094 -0.002686 -0.050293 -0.012771 0.023413 0.021284 46.500000 -30.900000 54.900002
-1.003174 -0.002930 -0.054199 -0.013835 0.025541 0.020220 45.900002 -28.500000 55.500000
-1.002686 0.000977 -0.054932 -0.015963 0.021284 0.018092 47.700001 -30.299999 54.900002
-1.000244 0.007080 -0.049805 -0.017028 0.023413 0.018092 47.099998 -30.299999 54.900002
-1.002686 0.000488 -0.054443 -0.014899 0.023413 0.020220 45.900002 -30.299999 54.299999
-1.002441 0.002930 -0.052734 -0.014899 0.020220 0.017028 47.700001 -30.299999 55.500000
-0.998291 0.002686 -0.051758 -0.013835 0.020220 0.013835 47.099998 -30.900000 53.099998
-0.996582 0.003174 -0.054443 -0.014899 0.020220 0.015963 46.200001 -31.799999 54.000000
-1.000977 0.002930 -0.050537 -0.014899 0.021284 0.018092 46.500000 -29.100000 53.099998
-1.001221 0.011719 -0.058594 -0.014899 0.023413 0.022349 47.099998 -29.100000 54.299999
-0.998779 0.005371 -0.046875 -0.015963 0.022349 0.020220 46.500000 -30.299999 54.299999
-0.998047 0.003174 -0.051758 -0.013835 0.022349 0.018092 46.799999 -30.600000 54.000000
-1.002686 0.005615 -0.056641 -0.012771 0.021284 0.017028 46.500000 -30.299999 54.900002
-1.002686 0.001465 -0.047852 -0.013835 0.021284 0.018092 45.299999 -30.299999 55.500000
-0.993164 0.000244 -0.058350 -0.015963 0.023413 0.019156 46.500000 -29.700001 55.500000
-0.999512 0.001221 -0.051270 -0.013835 0.022349 0.020220 46.799999 -30.600000 55.200001
-0.997559 0.006836 -0.044434 -0.014899 0.024477 0.019156 45.900002 -30.299999 56.099998
-1.001709 0.005615 -0.058838 -0.017028 0.023413 0.019156 46.500000 -29.100000 53.700001
-0.999512 0.008545 -0.054688 -0.014899 0.022349 0.021284 46.500000 -29.700001 56.099998
-0.998535 0.002930 -0.048340 -0.013835 0.023413 0.015963 45.599998 -29.400000 55.200001
-1.001221 0.008057 -0.058838 -0.012771 0.024477 0.017028 46.500000 -30.900000 54.299999
-1.004639 0.006592 -0.049561 -0.013835 0.021284 0.017028 48.000000 -30.000000 54.000000
-1.000000 0.011230 -0.049316 -0.015963 0.023413 0.018092 47.400002 -30.600000 55.200001
-1.003906 0.000977 -0.053955 -0.012771 0.020220 0.017028 46.500000 -30.299999 54.299999
-0.998779 -0.000488 -0.057373 -0.013835 0.023413 0.020220 46.799999 -30.000000 54.000000
-1.002441 0.005127 -0.048096 -0.012771 0.025541 0.018092 46.200001 -30.600000 55.799999
-0.996826 0.002197 -0.060303 -0.014899 0.022349 0.020220 47.099998 -30.900000 54.900002
-0.992920 0.007568 -0.055664 -0.014899 0.022349 0.018092 46.799999 -30.600000 54.599998
-1.003662 0.008057 -0.054443 -0.011706 0.022349 0.018092 45.900002 -32.700001 55.500000
-1.002441 0.004395 -0.052246 -0.013835 0.021284 0.017028 46.799999 -34.200001 53.400002
-0.999512 0.003662 -0.047607 -0.014899 0.019156 0.018092 47.099998 -30.299999 54.900002
-1.005615 0.006348 -0.053223 -0.014899 0.019156 0.019156 46.500000 -29.100000 55.500000
-1.009277 0.000488 -0.048340 -0.014899 0.021284 0.020220 47.099998 -30.900000 54.299999
-1.003174 0.000000 -0.061768 -0.015963 0.024477 0.017028 47.400002 -30.000000 54.599998
-1.004150 0.009521 -0.056885 -0.013835 0.019156 0.021284 47.400002 -31.200001 54.000000
-0.999268 0.003906 -0.059814 -0.010642 0.025541 0.018092 47.700001 -30.299999 54.900002
-1.001221 0.001465 -0.054932 -0.015963 0.022349 0.018092 46.500000 -30.299999 54.299999
-1.003906 0.005371 -0.056152 -0.010642 0.023413 0.020220 46.500000 -33.299999 55.500000
-1.001221 0.003906 -0.050293 -0.015963 0.020220 0.020220 46.500000 -30.299999 56.099998
-1.003174 0.003174 -0.053955 -0.015963 0.020220 0.015963 48.599998 -29.400000 55.200001
-1.002441 0.008789 -0.061523 -0.015963 0.023413 0.018092 46.500000 -29.100000 56.099998
-1.001465 0.004150 -0.054932 -0.015963 0.021284 0.019156 46.799999 -29.400000 55.200001
-1.003174 0.003418 -0.043945 -0.018092 0.021284 0.019156 45.900002 -30.900000 54.299999
-1.004883 0.001709 -0.049072 -0.014899 0.025541 0.015963 45.900002 -30.900000 54.299999
-0.995850 0.001953 -0.052246 -0.013835 0.024477 0.014899 46.799999 -31.200001 55.200001
-1.000488 0.003174 -0.052002 -0.013835 0.020220 0.019156 47.400002 -30.000000 57.000000
-1.001465 0.008301 -0.041992 -0.017028 0.024477 0.018092 46.200001 -28.799999 54.599998
-0.999268 0.004395 -0.053223 -0.014899 0.022349 0.018092 45.900002 -30.900000 54.900002
-1.003418 0.003906 -0.055176 -0.015963 0.024477 0.020220 47.099998 -30.900000 54.299999
-1.003906 0.003906 -0.050537 -0.013835 0.023413 0.014899 46.500000 -29.700001 56.099998
-1.000000 0.009033 -0.054688 -0.013835 0.022349 0.018092 47.700001 -30.900000 54.299999
-0.998535 0.008545 -0.059082 -0.014899 0.025541 0.019156 45.900002 -29.100000 53.700001
-0.997559 0.003418 -0.045166 -0.014899 0.023413 0.019156 46.500000 -29.100000 53.700001
-0.999268 0.004639 -0.041016 -0.013835 0.022349 0.017028 45.900002 -30.299999 55.500000
-1.000732 0.006592 -0.057861 -0.015963 0.023413 0.015963 45.299999 -30.299999 54.299999
-0.999268 0.001465 -0.053467 -0.014899 0.025541 0.020220 47.099998 -30.299999 56.099998
-0.999512 0.009521 -0.057861 -0.014899 0.021284 0.015963 46.799999 -30.000000 54.000000
-1.002441 0.003174 -0.063477 -0.015963 0.023413 0.020220 45.900002 -30.299999 54.299999
-0.998047 0.006104 -0.052979 -0.013835 0.021284 0.020220 47.099998 -29.700001 53.700001
-0.995605 0.004883 -0.045166 -0.014899 0.018092 0.017028 46.500000 -29.100000 53.700001
-1.008057 0.003174 -0.067627 -0.014899 0.021284 0.019156 46.799999 -29.400000 54.599998
-1.004395 0.004883 -0.055420 -0.015963 0.019156 0.020220 47.400002 -28.799999 54.599998
-0.998291 0.012695 -0.045410 -0.013835 0.020220 0.018092 47.099998 -30.900000 56.099998
-1.006348 0.001709 -0.057129 -0.019156 0.022349 0.012771 45.599998 -31.200001 55.200001
-0.990723 0.000977 -0.059326 -0.014899 0.021284 0.020220 47.099998 -30.299999 54.900002
-0.997559 0.004150 -0.045410 -0.014899 0.023413 0.020220 49.200001 -30.000000 54.000000
-1.006348 0.007080 -0.048584 -0.009578 0.024477 0.020220 47.400002 -30.000000 54.599998
-0.999023 0.002686 -0.050293 -0.014899 0.022349 0.021284 47.099998 -29.700001 55.500000
-1.008545 0.004639 -0.051514 -0.017028 0.022349 0.021284 48.299999 -31.500000 56.099998
-1.006348 0.006104 -0.042725 -0.017028 0.024477 0.018092 46.200001 -30.600000 54.599998
-1.004883 0.006592 -0.055664 -0.012771 0.020220 0.019156 46.200001 -30.600000 54.599998
-1.000732 0.001465 -0.052246 -0.012771 0.020220 0.019156 46.500000 -29.700001 54.299999
-0.997070 0.008057 -0.048828 -0.014899 0.024477 0.019156 47.099998 -32.099998 55.500000
-1.001709 0.003906 -0.053467 -0.013835 0.021284 0.018092 46.200001 -30.000000 55.200001
-0.997314 0.004883 -0.056885 -0.012771 0.021284 0.019156 45.299999 -31.500000 56.099998
-0.996094 0.005127 -0.047852 -0.015963 0.025541 0.019156 46.799999 -29.400000 55.799999
-0.999512 0.004395 -0.052734 -0.014899 0.023413 0.018092 45.599998 -29.400000 55.799999
-1.003418 0.005371 -0.047119 -0.017028 0.021284 0.018092 46.799999 -29.400000 55.200001
-1.004150 0.000977 -0.047363 -0.013835 0.023413 0.021284 46.500000 -30.900000 55.500000
-1.004395 0.013428 -0.055176 -0.017028 0.020220 0.017028 47.400002 -30.600000 54.000000
-1.003174 0.004395 -0.052979 -0.015963 0.023413 0.018092 46.799999 -31.200001 55.200001
-1.003418 0.004883 -0.053467 -0.017028 0.022349 0.015963 46.200001 -31.200001 54.599998
-1.009033 -0.002930 -0.051758 -0.008514 0.021284 0.019156 46.799999 -30.000000 55.200001
-1.001221 0.007812 -0.051270 -0.010642 0.021284 0.017028 46.500000 -29.700001 54.299999
-1.001709 -0.000732 -0.057617 -0.012771 0.022349 0.022349 46.500000 -30.299999 53.700001
-0.998047 0.007324 -0.057861 -0.013835 0.021284 0.018092 46.799999 -30.000000 54.599998
-1.001709 0.007324 -0.053467 -0.014899 0.020220 0.015963 46.500000 -30.900000 53.099998
-1.002441 0.005127 -0.056885 -0.012771 0.021284 0.019156 46.200001 -31.200001 55.200001
-1.003662 0.000488 -0.054688 -0.015963 0.022349 0.017028 47.400002 -28.799999 54.599998
-1.003174 0.008057 -0.060547 -0.015963 0.023413 0.017028 47.400002 -29.400000 55.799999
-1.001221 0.006104 -0.050781 -0.012771 0.023413 0.020220 46.200001 -30.000000 54.599998
-1.001221 0.002686 -0.058105 -0.014899 0.020220 0.018092 48.000000 -31.200001 55.200001
-1.003418 0.002197 -0.042725 -0.012771 0.021284 0.018092 46.799999 -30.000000 54.599998
-1.001709 0.003662 -0.057373 -0.012771 0.022349 0.017028 47.099998 -30.900000 54.900002
-0.998291 0.003174 -0.052734 -0.014899 0.023413 0.019156 45.900002 -28.500000 53.700001
-1.002686 0.006348 -0.054199 -0.017028 0.017028 0.015963 46.500000 -27.900000 57.299999
-1.001953 0.008057 -0.055664 -0.011706 0.021284 0.017028 47.400002 -30.000000 56.400002
-0.996582 0.000488 -0.053223 -0.015963 0.024477 0.020220 48.299999 -29.700001 53.700001
-0.999756 0.000488 -0.048828 -0.017028 0.023413 0.020220 48.299999 -29.100000 54.299999
-0.998047 0.004395 -0.055420 -0.015963 0.022349 0.017028 46.500000 -30.299999 54.900002
-1.005371 -0.000732 -0.049561 -0.011706 0.022349 0.020220 47.700001 -30.299999 55.500000
-1.004150 0.006348 -0.049805 -0.014899 0.021284 0.019156 47.400002 -30.000000 54.599998
-0.998291 -0.003906 -0.059326 -0.011706 0.021284 0.018092 47.400002 -29.400000 54.599998
-1.006592 0.003662 -0.053223 -0.015963 0.021284 0.020220 47.099998 -30.900000 55.500000
-1.004883 0.008545 -0.053467 -0.020220 0.022349 0.017028 45.000000 -30.000000 55.200001
-1.003906 0.007812 -0.064453 -0.013835 0.022349 0.020220 47.099998 -30.299999 54.299999
-1.001465 0.006104 -0.052490 -0.013835 0.021284 0.021284 46.799999 -30.000000 55.799999
-1.006592 0.010010 -0.060059 -0.014899 0.022349 0.018092 46.200001 -31.799999 55.200001
-1.000977 0.001221 -0.057373 -0.011706 0.021284 0.022349 47.099998 -32.099998 53.700001
-1.001953 0.012939 -0.056885 -0.013835 0.022349 0.018092 47.099998 -31.500000 54.299999
-0.996582 0.003662 -0.050293 -0.015963 0.024477 0.019156 47.099998 -30.900000 55.500000
-1.003662 0.002197 -0.057861 -0.020220 0.021284 0.018092 47.099998 -30.900000 54.299999
-1.007568 0.011475 -0.051758 -0.010642 0.020220 0.020220 45.900002 -30.900000 56.099998
-1.007324 0.005615 -0.048584 -0.013835 0.022349 0.020220 47.700001 -29.700001 54.900002
-1.000244 0.004395 -0.062988 -0.020220 0.020220 0.017028 48.000000 -30.000000 55.200001
-1.000488 0.011475 -0.052490 -0.011706 0.019156 0.019156 47.700001 -30.299999 55.500000
-1.000732 -0.001221 -0.047607 -0.012771 0.023413 0.019156 46.799999 -29.400000 55.799999
-0.993164 -0.001709 -0.060303 -0.013835 0.021284 0.018092 47.400002 -30.600000 55.799999
-0.999756 0.009033 -0.048096 -0.015963 0.021284 0.015963 47.099998 -29.700001 52.500000
-1.005371 0.007324 -0.048828 -0.015963 0.022349 0.023413 45.000000 -30.000000 54.599998
-0.998291 0.006104 -0.049805 -0.012771 0.024477 0.018092 46.500000 -32.099998 54.299999
-1.000977 0.006348 -0.050293 -0.017028 0.021284 0.019156 46.799999 -30.600000 55.200001
-1.004639 0.001221 -0.047363 -0.015963 0.022349 0.015963 46.799999 -31.200001 56.400002
-0.998535 0.001465 -0.043945 -0.014899 0.023413 0.013835 47.099998 -29.700001 53.700001
-0.999756 0.001709 -0.059082 -0.012771 0.021284 0.018092 47.099998 -31.500000 54.299999
-1.007812 -0.002197 -0.051758 -0.012771 0.022349 0.018092 48.299999 -30.299999 55.500000
-0.995605 0.001953 -0.049072 -0.015963 0.021284 0.018092 47.700001 -30.299999 54.900002
-0.999268 0.005615 -0.057617 -0.013835 0.023413 0.014899 45.299999 -30.299999 54.299999
-1.005859 0.003174 -0.049072 -0.014899 0.022349 0.018092 45.900002 -30.299999 54.299999
-1.003174 0.000488 -0.055420 -0.015963 0.022349 0.018092 46.799999 -30.000000 54.000000
-1.002686 0.002197 -0.054443 -0.015963 0.023413 0.018092 47.099998 -29.700001 56.099998
-0.998779 0.007568 -0.059326 -0.014899 0.023413 0.014899 46.799999 -30.000000 56.400002
-0.999512 0.004395 -0.048584 -0.017028 0.018092 0.015963 46.200001 -30.000000 55.200001
-0.998535 0.004883 -0.059814 -0.015963 0.021284 0.019156 47.700001 -29.100000 54.900002
-1.003662 0.010254 -0.049805 -0.013835 0.023413 0.017028 46.200001 -30.600000 54.599998
-0.997314 0.007324 -0.053467 -0.013835 0.024477 0.018092 47.700001 -30.900000 54.299999
-0.993408 0.006592 -0.054199 -0.013835 0.021284 0.019156 45.599998 -29.400000 54.599998
-1.001709 0.004150 -0.055908 -0.017028 0.021284 0.017028 47.700001 -30.299999 55.500000
-1.008545 0.001709 -0.053223 -0.017028 0.021284 0.017028 45.900002 -30.299999 53.099998
-0.998047 0.003662 -0.049316 -0.015963 0.020220 0.017028 47.099998 -30.900000 54.299999
-1.001953 0.008789 -0.052246 -0.019156 0.020220 0.019156 45.599998 -29.400000 56.400002
-1.005371 -0.000244 -0.055176 -0.015963 0.022349 0.017028 47.099998 -30.299999 55.500000
-0.998047 -0.003662 -0.051514 -0.017028 0.023413 0.019156 45.000000 -32.400002 54.000000
-1.006348 0.004639 -0.048828 -0.015963 0.025541 0.019156 46.799999 -30.000000 55.200001
-0.997070 0.004883 -0.048584 -0.014899 0.023413 0.017028 45.000000 -30.600000 56.400002
-1.004639 0.002930 -0.047852 -0.014899 0.021284 0.021284 45.299999 -30.299999 54.299999
-1.001709 0.000977 -0.058350 -0.015963 0.021284 0.018092 46.500000 -30.299999 56.700001
-0.996094 0.007812 -0.056396 -0.011706 0.022349 0.019156 47.700001 -30.299999 54.299999
-1.001953 0.004639 -0.051025 -0.013835 0.021284 0.019156 46.200001 -28.799999 54.000000
-1.000244 0.000488 -0.055664 -0.015963 0.023413 0.019156 45.599998 -31.200001 54.599998
-0.999756 0.000488 -0.052490 -0.013835 0.022349 0.013835 48.599998 -30.000000 55.200001
-0.995850 0.005615 -0.059082 -0.014899 0.022349 0.017028 46.200001 -30.000000 54.000000
-1.000977 0.008545 -0.053223 -0.015963 0.022349 0.017028 45.900002 -30.299999 54.299999
-1.000000 0.008057 -0.052979 -0.011706 0.022349 0.020220 46.799999 -29.400000 54.599998
-0.995605 0.009521 -0.055664 -0.014899 0.023413 0.018092 45.900002 -29.700001 54.900002
-1.002686 0.006592 -0.059082 -0.017028 0.020220 0.020220 47.099998 -30.299999 53.700001
-1.000977 0.007324 -0.059326 -0.013835 0.023413 0.019156 47.400002 -30.600000 54.000000
-1.001709 -0.002441 -0.058594 -0.012771 0.021284 0.017028 48.000000 -30.000000 54.599998
-1.000488 -0.000732 -0.053467 -0.017028 0.020220 0.021284 47.099998 -29.700001 54.299999
-0.998779 0.004639 -0.047852 -0.014899 0.020220 0.020220 45.599998 -30.600000 54.000000
-1.001709 0.005615 -0.053467 -0.013835 0.022349 0.019156 47.099998 -32.099998 56.700001
-1.004883 0.001221 -0.061035 -0.013835 0.021284 0.015963 46.200001 -30.600000 54.599998
-1.003906 0.003174 -0.055908 -0.012771 0.022349 0.018092 46.799999 -30.000000 55.200001
-1.006348 0.009277 -0.055420 -0.015963 0.024477 0.021284 45.299999 -30.299999 54.900002
-0.997314 0.003418 -0.044678 -0.017028 0.021284 0.017028 47.099998 -30.900000 53.700001
-1.006104 0.007568 -0.048340 -0.011706 0.021284 0.017028 47.400002 -31.200001 54.000000
-0.999512 0.006836 -0.063232 -0.017028 0.021284 0.018092 46.500000 -30.900000 54.900002
-0.998535 0.003174 -0.048584 -0.018092 0.024477 0.019156 46.500000 -29.700001 53.700001
-1.001465 0.003662 -0.054688 -0.014899 0.024477 0.015963 46.799999 -29.400000 55.200001
-1.002197 0.005371 -0.053223 -0.014899 0.022349 0.017028 45.900002 -30.299999 55.500000
-0.999512 0.009766 -0.055420 -0.018092 0.023413 0.019156 46.500000 -30.299999 54.900002
-1.003906 0.005615 -0.049805 -0.018092 0.020220 0.019156 47.400002 -31.200001 55.200001
-1.004150 0.009033 -0.052490 -0.014899 0.023413 0.019156 47.400002 -30.600000 53.400002
-0.999268 0.006348 -0.049072 -0.012771 0.022349 0.017028 48.000000 -31.200001 54.599998
-1.003418 0.002686 -0.052002 -0.014899 0.021284 0.019156 47.099998 -29.700001 54.900002
-1.000000 -0.000244 -0.052490 -0.014899 0.023413 0.018092 45.299999 -29.100000 54.900002
-1.001709 0.011475 -0.051514 -0.014899 0.025541 0.020220 46.200001 -29.400000 54.599998
-0.998047 0.005127 -0.048828 -0.017028 0.025541 0.017028 47.400002 -29.400000 55.200001
-1.002930 0.004150 -0.049072 -0.011706 0.022349 0.018092 46.500000 -30.299999 55.500000
-0.998535 -0.001709 -0.053711 -0.014899 0.021284 0.014899 47.099998 -30.299999 54.900002
-1.002686 0.001465 -0.061035 -0.013835 0.023413 0.018092 45.900002 -30.900000 55.500000
-0.998047 0.001953 -0.056885 -0.013835 0.022349 0.020220 48.599998 -31.200001 55.799999
-1.005127 0.005371 -0.044189 -0.017028 0.022349 0.018092 46.500000 -30.299999 54.299999
-1.007812 0.009033 -0.061035 -0.015963 0.023413 0.018092 45.900002 -30.299999 54.299999
-1.000977 0.002197 -0.055664 -0.015963 0.022349 0.018092 47.700001 -30.900000 55.500000
-1.002686 0.007324 -0.052490 -0.017028 0.019156 0.020220 47.700001 -30.900000 54.900002
-1.001709 -0.004150 -0.054932 -0.018092 0.023413 0.017028 46.200001 -29.400000 54.599998
-1.001465 0.001221 -0.063232 -0.017028 0.020220 0.018092 48.000000 -29.400000 54.000000
-1.005127 0.002197 -0.049072 -0.015963 0.019156 0.020220 46.500000 -30.900000 54.900002
-0.995850 0.006836 -0.052246 -0.013835 0.021284 0.019156 46.799999 -30.000000 54.599998
