0.290527 -0.966309 -0.014160 -0.017028 0.020220 0.017028 15.900000 48.299999 54.900002
0.296387 -0.955811 -0.007812 -0.018092 0.021284 0.018092 18.000000 48.599998 55.200001
0.297363 -0.958252 -0.015381 -0.012771 0.022349 0.018092 16.799999 48.000000 54.599998
0.293213 -0.961426 -0.005859 -0.014899 0.019156 0.019156 15.300000 47.099998 55.500000
0.292480 -0.954590 -0.004883 -0.018092 0.021284 0.017028 18.000000 48.000000 55.799999
0.287354 -0.956055 -0.004395 -0.011706 0.021284 0.020220 17.700001 47.700001 55.500000
0.295654 -0.963867 -0.004150 -0.013835 0.020220 0.015963 19.200001 48.000000 54.599998
0.291016 -0.958008 -0.010742 -0.013835 0.019156 0.018092 18.299999 49.500000 54.900002
0.291260 -0.961914 -0.006836 -0.017028 0.021284 0.021284 17.400000 47.400002 55.200001
0.294434 -0.956543 -0.020752 -0.012771 0.018092 0.017028 16.200001 46.799999 55.799999
0.295654 -0.959473 -0.014404 -0.013835 0.021284 0.015963 16.799999 48.599998 55.200001
0.291260 -0.955078 -0.008545 -0.018092 0.022349 0.018092 16.799999 48.000000 54.599998
0.291992 -0.962891 -0.012451 -0.015963 0.020220 0.021284 17.400000 48.000000 54.599998
0.286133 -0.958984 -0.004883 -0.017028 0.022349 0.017028 17.400000 48.000000 55.200001
0.296875 -0.958252 -0.011230 -0.015963 0.022349 0.015963 17.400000 47.400002 56.400002
0.291992 -0.964355 -0.007080 -0.014899 0.019156 0.015963 16.200001 47.400002 54.599998
0.292480 -0.960693 -0.013184 -0.013835 0.018092 0.018092 16.500000 48.900002 54.900002
0.293701 -0.956787 -0.007812 -0.015963 0.019156 0.017028 17.100000 48.900002 56.099998
0.292236 -0.960693 -0.010742 -0.017028 0.019156 0.020220 16.500000 48.299999 54.900002
0.288574 -0.957764 0.002441 -0.014899 0.018092 0.018092 16.500000 48.900002 54.299999
0.292969 -0.957520 -0.002686 -0.017028 0.020220 0.019156 17.100000 48.299999 56.700001
0.299805 -0.961670 -0.001709 -0.012771 0.020220 0.020220 17.100000 48.299999 55.500000
0.294922 -0.958496 -0.004395 -0.017028 0.021284 0.015963 16.500000 47.099998 55.500000
0.284912 -0.962891 -0.011719 -0.014899 0.022349 0.021284 16.500000 49.500000 54.299999
0.291992 -0.954834 -0.008057 -0.015963 0.017028 0.019156 16.500000 48.299999 55.500000
0.290039 -0.961914 -0.015137 -0.018092 0.021284 0.022349 15.900000 48.299999 53.099998
0.299072 -0.962891 -0.017334 -0.017028 0.020220 0.021284 17.100000 48.299999 55.500000
0.297607 -0.966553 -0.006104 -0.012771 0.020220 0.017028 16.200001 49.799999 55.200001
0.290283 -0.962402 -0.003418 -0.020220 0.019156 0.017028 18.000000 46.200001 55.799999
0.293945 -0.958252 -0.009766 -0.017028 0.021284 0.020220 16.799999 48.599998 55.799999
0.289551 -0.958984 -0.012939 -0.018092 0.019156 0.018092 18.600000 47.400002 55.799999
0.294922 -0.955566 -0.009277 -0.012771 0.021284 0.019156 17.400000 47.400002 54.599998
0.290039 -0.950684 -0.000488 -0.017028 0.019156 0.018092 15.900000 48.900002 54.900002
0.294678 -0.967773 -0.005859 -0.015963 0.020220 0.019156 17.400000 46.799999 55.200001
0.296875 -0.956299 -0.004883 -0.017028 0.020220 0.018092 18.299999 46.500000 55.500000
0.287109 -0.951172 -0.007324 -0.015963 0.022349 0.019156 17.400000 48.599998 55.200001
0.283936 -0.973633 0.008545 -0.014899 0.018092 0.025541 16.200001 47.400002 53.400002
0.290039 -0.954346 -0.005371 -0.013835 0.021284 0.018092 16.500000 47.700001 56.700001
0.289551 -0.965576 -0.012939 -0.017028 0.020220 0.019156 17.700001 47.700001 55.500000
0.290771 -0.967773 -0.009766 -0.017028 0.021284 0.020220 17.700001 47.099998 55.500000
0.292725 -0.950439 -0.006104 -0.015963 0.022349 0.019156 16.500000 47.099998 54.900002
0.294922 -0.966553 -0.007568 -0.013835 0.020220 0.017028 17.100000 47.099998 53.700001
0.292480 -0.964600 -0.008545 -0.015963 0.022349 0.020220 17.100000 48.299999 53.700001
0.289307 -0.962402 -0.002441 -0.012771 0.022349 0.019156 18.000000 47.400002 56.400002
0.293701 -0.964111 -0.013184 -0.015963 0.020220 0.018092 17.400000 46.799999 54.000000
0.293457 -0.957520 -0.005127 -0.014899 0.019156 0.019156 16.500000 48.299999 54.900002
0.294678 -0.959473 -0.010254 -0.014899 0.021284 0.021284 17.400000 46.799999 54.599998
0.291504 -0.959717 -0.011230 -0.014899 0.017028 0.015963 17.400000 48.000000 56.400002
0.291260 -0.964600 -0.010742 -0.015963 0.022349 0.020220 18.000000 46.799999 55.799999
0.295654 -0.961426 -0.009521 -0.012771 0.022349 0.018092 16.799999 47.400002 56.400002
0.288574 -0.959229 -0.012207 -0.015963 0.018092 0.018092 16.799999 47.400002 54.599998
0.293945 -0.966309 -0.006104 -0.017028 0.019156 0.017028 17.700001 47.700001 54.900002
0.298584 -0.958740 -0.004395 -0.015963 0.022349 0.019156 15.900000 47.700001 56.099998
0.290771 -0.960205 -0.015625 -0.018092 0.023413 0.018092 16.500000 48.299999 56.099998
0.291504 -0.960449 -0.009033 -0.014899 0.021284 0.018092 17.100000 47.700001 56.099998
0.294434 -0.961426 -0.002930 -0.015963 0.020220 0.018092 17.400000 49.200001 54.599998
0.296143 -0.966797 -0.016602 -0.018092 0.021284 0.017028 16.799999 48.599998 56.400002
0.294678 -0.959961 -0.014404 -0.013835 0.019156 0.017028 17.700001 47.099998 54.900002
0.288818 -0.961182 -0.007812 -0.017028 0.022349 0.014899 16.500000 47.099998 55.500000
0.294922 -0.963135 -0.004395 -0.017028 0.020220 0.020220 17.400000 48.000000 54.000000
0.295166 -0.952881 -0.000977 -0.013835 0.018092 0.018092 16.200001 48.000000 54.599998
0.293457 -0.956055 -0.014160 -0.015963 0.020220 0.018092 16.799999 47.400002 55.200001
0.285889 -0.957031 0.000000 -0.011706 0.020220 0.018092 16.500000 48.900002 55.500000
0.293457 -0.954590 -0.005615 -0.014899 0.022349 0.019156 14.400000 46.200001 55.200001
0.297119 -0.964355 -0.004883 -0.015963 0.021284 0.020220 17.400000 46.799999 55.799999
0.294189 -0.955811 -0.010498 -0.015963 0.020220 0.020220 15.600000 48.599998 55.200001
0.289307 -0.962646 -0.015625 -0.012771 0.020220 0.019156 16.500000 48.299999 54.299999
0.289062 -0.958008 -0.005127 -0.012771 0.021284 0.020220 18.000000 49.200001 56.400002
0.290527 -0.965088 -0.004883 -0.018092 0.021284 0.020220 17.100000 48.900002 55.500000
0.289551 -0.962402 -0.008301 -0.014899 0.021284 0.014899 16.200001 47.400002 55.200001
0.293945 -0.957031 -0.004395 -0.013835 0.019156 0.018092 18.000000 48.000000 54.599998
0.296143 -0.957764 -0.000488 -0.017028 0.018092 0.018092 16.799999 48.599998 55.200001
0.294678 -0.961426 -0.009277 -0.013835 0.021284 0.020220 17.400000 48.599998 54.599998
0.294189 -0.959717 -0.010254 -0.019156 0.018092 0.019156 16.799999 49.200001 54.000000
0.284180 -0.968506 -0.007324 -0.017028 0.019156 0.023413 16.500000 46.500000 56.099998
0.293701 -0.969727 -0.008301 -0.015963 0.021284 0.014899 15.300000 48.900002 56.099998
0.293213 -0.965820 -0.010254 -0.017028 0.019156 0.021284 17.700001 48.299999 54.299999
0.297363 -0.961670 -0.003418 -0.014899 0.023413 0.018092 17.400000 47.400002 54.599998
0.292480 -0.963379 -0.006104 -0.017028 0.021284 0.020220 16.799999 45.599998 55.200001
0.299072 -0.961914 -0.004639 -0.019156 0.022349 0.018092 15.900000 47.099998 56.099998
0.293945 -0.961426 -0.004639 -0.017028 0.019156 0.019156 17.100000 48.299999 56.099998
0.302002 -0.959961 0.003174 -0.012771 0.022349 0.020220 18.000000 47.400002 55.799999
0.286621 -0.956055 -0.010254 -0.014899 0.020220 0.020220 17.400000 48.599998 54.599998
0.288818 -0.962158 -0.011230 -0.019156 0.024477 0.019156 17.100000 47.700001 55.500000
0.292236 -0.962646 -0.017090 -0.018092 0.021284 0.019156 16.799999 47.400002 55.200001
0.288574 -0.955811 -0.007324 -0.017028 0.022349 0.018092 15.600000 48.000000 55.200001
0.292725 -0.961914 -0.003906 -0.013835 0.018092 0.019156 16.799999 48.599998 53.400002
0.293213 -0.965576 -0.007568 -0.014899 0.022349 0.018092 17.700001 45.900002 55.500000
0.285889 -0.958496 -0.001709 -0.017028 0.019156 0.017028 19.500000 48.299999 54.299999
0.293213 -0.960938 -0.011719 -0.009578 0.021284 0.018092 16.799999 48.000000 55.799999
0.292969 -0.958740 -0.012939 -0.015963 0.019156 0.017028 17.400000 49.200001 55.799999
0.291260 -0.962158 -0.003662 -0.017028 0.022349 0.018092 16.500000 48.299999 53.700001
0.293213 -0.959961 -0.011963 -0.015963 0.017028 0.020220 18.600000 48.000000 54.000000
0.289062 -0.953369 -0.008789 -0.018092 0.019156 0.019156 17.400000 46.799999 55.200001
0.292236 -0.967773 -0.019775 -0.012771 0.019156 0.018092 17.100000 48.299999 54.299999
0.294189 -0.960938 0.004639 -0.017028 0.022349 0.020220 18.299999 48.299999 53.099998
0.296875 -0.955322 0.004639 -0.018092 0.023413 0.020220 16.500000 47.700001 55.500000
0.292236 -0.961914 -0.005371 -0.013835 0.020220 0.018092 17.700001 48.299999 54.299999
0.291748 -0.958252 -0.007324 -0.014899 0.020220 0.017028 17.700001 47.700001 54.900002
0.291016 -0.956543 -0.010742 -0.018092 0.019156 0.018092 17.100000 48.299999 56.099998
0.292969 -0.954346 -0.013428 -0.017028 0.020220 0.013835 15.600000 47.400002 55.200001
0.288330 -0.961670 -0.012695 -0.017028 0.020220 0.017028 17.100000 47.700001 54.299999
0.296631 -0.963135 -0.014404 -0.015963 0.019156 0.019156 16.799999 48.000000 55.799999
0.292969 -0.955811 -0.009766 -0.015963 0.019156 0.015963 16.799999 47.400002 54.599998
0.290527 -0.961426 -0.015137 -0.017028 0.021284 0.015963 16.500000 49.500000 54.900002
0.300293 -0.958740 -0.013184 -0.017028 0.019156 0.019156 19.200001 48.000000 55.200001
0.289062 -0.958496 -0.011719 -0.017028 0.021284 0.019156 18.000000 48.000000 54.000000
0.294434 -0.960205 -0.017578 -0.017028 0.021284 0.021284 17.700001 47.700001 54.299999
0.295410 -0.961914 -0.013428 -0.015963 0.020220 0.020220 16.500000 48.900002 54.299999
0.297363 -0.960205 -0.006592 -0.015963 0.019156 0.018092 18.000000 48.599998 55.799999
0.289307 -0.959717 -0.007812 -0.012771 0.021284 0.019156 17.700001 48.299999 56.099998
0.294922 -0.961182 -0.012207 -0.017028 0.022349 0.020220 17.100000 48.299999 53.099998
0.287842 -0.955811 -0.006592 -0.017028 0.020220 0.020220 17.100000 47.099998 54.299999
0.299805 -0.960449 -0.004639 -0.013835 0.020220 0.018092 17.400000 48.000000 55.200001
0.287842 -0.964844 -0.015625 -0.015963 0.021284 0.019156 17.100000 49.500000 54.900002
0.293701 -0.962402 -0.014404 -0.017028 0.022349 0.015963 17.100000 48.900002 54.299999
0.292725 -0.961182 -0.011230 -0.018092 0.019156 0.020220 14.700000 48.900002 54.900002
0.290039 -0.960205 -0.007080 -0.014899 0.018092 0.018092 17.700001 48.900002 54.900002
0.299561 -0.954834 -0.016113 -0.015963 0.022349 0.018092 15.900000 47.700001 55.500000
0.293213 -0.962402 -0.006592 -0.014899 0.020220 0.020220 15.900000 47.099998 54.900002
0.295654 -0.961914 -0.011719 -0.017028 0.023413 0.015963 16.200001 48.000000 54.599998
0.294434 -0.955322 -0.008789 -0.020220 0.021284 0.017028 16.799999 47.400002 54.599998
0.295410 -0.959229 -0.005859 -0.018092 0.019156 0.017028 18.299999 48.299999 54.299999
0.296143 -0.965332 -0.016357 -0.017028 0.021284 0.017028 16.200001 46.799999 54.599998
0.292480 -0.959961 -0.013428 -0.014899 0.021284 0.018092 16.500000 48.299999 54.299999
0.290527 -0.964355 -0.001709 -0.013835 0.023413 0.020220 16.200001 46.200001 54.000000
0.292480 -0.957031 -0.005615 -0.018092 0.019156 0.015963 18.299999 47.099998 55.500000
0.292969 -0.958984 -0.013428 -0.014899 0.023413 0.018092 16.200001 49.799999 54.599998
0.290039 -0.964844 -0.008057 -0.014899 0.020220 0.018092 17.700001 47.099998 54.299999
0.296631 -0.965576 -0.000488 -0.014899 0.019156 0.019156 18.000000 48.000000 56.400002
0.295166 -0.964355 -0.013672 -0.015963 0.020220 0.019156 18.299999 47.099998 54.900002
0.285889 -0.962158 -0.007812 -0.014899 0.018092 0.019156 16.799999 48.000000 56.400002
0.293457 -0.960938 -0.006348 -0.015963 0.021284 0.017028 16.500000 47.700001 54.299999
0.295898 -0.966064 -0.009277 -0.017028 0.020220 0.021284 16.500000 48.299999 55.500000
0.295898 -0.954834 -0.013672 -0.014899 0.023413 0.017028 17.400000 47.400002 56.400002
0.295166 -0.964355 -0.001709 -0.018092 0.024477 0.015963 17.700001 48.299999 57.299999
0.289795 -0.959961 -0.009277 -0.014899 0.020220 0.017028 17.700001 47.700001 56.099998
0.292969 -0.960205 -0.012207 -0.015963 0.020220 0.018092 16.200001 48.000000 55.200001
0.292480 -0.966064 -0.011719 -0.014899 0.020220 0.020220 15.900000 47.099998 54.900002
0.286865 -0.957031 -0.013672 -0.018092 0.019156 0.017028 17.700001 47.700001 54.900002
0.295654 -0.960693 -0.009521 -0.013835 0.020220 0.018092 18.600000 47.400002 55.200001
0.294434 -0.960449 -0.001709 -0.011706 0.023413 0.014899 18.000000 47.400002 54.599998
0.294922 -0.956543 -0.011963 -0.015963 0.019156 0.019156 17.400000 47.400002 55.799999
0.291504 -0.962891 -0.015625 -0.017028 0.018092 0.018092 17.700001 48.299999 56.099998
0.295654 -0.962891 -0.017578 -0.012771 0.021284 0.021284 16.500000 48.299999 55.500000
0.293701 -0.958252 -0.010742 -0.014899 0.019156 0.019156 16.500000 46.500000 56.700001
0.294189 -0.962891 -0.011230 -0.015963 0.018092 0.017028 17.700001 47.099998 56.099998
0.294922 -0.960449 -0.007324 -0.015963 0.020220 0.019156 15.900000 47.099998 56.099998
0.285889 -0.958252 -0.009766 -0.019156 0.020220 0.020220 18.000000 47.400002 54.599998
0.292236 -0.951904 -0.005859 -0.013835 0.020220 0.020220 15.600000 49.200001 55.799999
0.294922 -0.963379 -0.012451 -0.017028 0.020220 0.019156 16.799999 48.599998 56.400002
0.297363 -0.960205 -0.014893 -0.013835 0.018092 0.020220 17.700001 47.099998 54.299999
0.285156 -0.959473 -0.019531 -0.015963 0.021284 0.017028 17.400000 48.000000 55.200001
0.293945 -0.962402 -0.001709 -0.017028 0.023413 0.017028 17.100000 48.299999 54.900002
0.291748 -0.959717 -0.006592 -0.015963 0.020220 0.019156 17.400000 48.599998 55.799999
0.293701 -0.958008 -0.008545 -0.015963 0.022349 0.021284 16.799999 47.400002 54.000000
0.291748 -0.961426 -0.007568 -0.015963 0.019156 0.020220 18.900000 47.700001 54.299999
0.286621 -0.960205 -0.011719 -0.015963 0.022349 0.018092 18.000000 48.599998 55.799999
0.286865 -0.958252 -0.014648 -0.015963 0.020220 0.020220 16.500000 47.700001 54.900002
0.295166 -0.958984 -0.013916 -0.015963 0.019156 0.019156 18.000000 48.000000 54.599998
0.295898 -0.958984 -0.002930 -0.017028 0.021284 0.018092 18.000000 47.400002 55.200001
0.298584 -0.957031 -0.007080 -0.014899 0.020220 0.019156 15.000000 48.599998 55.200001
0.294434 -0.957031 -0.017578 -0.018092 0.020220 0.019156 17.400000 47.400002 54.599998
0.289307 -0.962891 -0.005859 -0.017028 0.018092 0.018092 16.500000 48.299999 56.099998
0.290771 -0.958252 -0.013184 -0.014899 0.024477 0.020220 16.500000 48.299999 56.099998
0.296631 -0.962646 -0.022705 -0.014899 0.022349 0.018092 15.900000 46.500000 54.299999
0.292969 -0.963379 -0.004395 -0.015963 0.019156 0.020220 17.700001 47.099998 54.900002
0.285889 -0.964111 -0.003662 -0.018092 0.020220 0.018092 18.600000 48.599998 54.000000
0.283447 -0.961670 -0.009277 -0.017028 0.021284 0.020220 15.900000 47.099998 53.700001
0.289795 -0.959717 -0.012939 -0.013835 0.022349 0.022349 14.700000 47.099998 54.900002
0.299072 -0.956055 -0.007324 -0.017028 0.020220 0.018092 18.299999 48.299999 55.500000
0.293457 -0.964355 -0.004395 -0.014899 0.019156 0.018092 17.400000 48.599998 55.799999
0.290283 -0.961914 -0.009033 -0.014899 0.020220 0.018092 15.300000 48.299999 55.500000
0.293945 -0.961182 -0.012695 -0.009578 0.022349 0.021284 16.200001 48.000000 56.400002
0.296143 -0.957275 -0.004639 -0.015963 0.021284 0.015963 15.600000 47.400002 55.799999
0.290771 -0.956787 0.000244 -0.017028 0.021284 0.015963 15.900000 47.700001 53.700001
0.298340 -0.964600 -0.007324 -0.017028 0.019156 0.019156 17.400000 47.400002 53.400002
0.292969 -0.961182 -0.011475 -0.010642 0.023413 0.021284 16.500000 48.299999 53.700001
0.283936 -0.958740 -0.015625 -0.013835 0.018092 0.019156 16.500000 49.500000 54.299999
0.291016 -0.961914 -0.002930 -0.014899 0.018092 0.018092 17.400000 47.400002 56.400002
0.290527 -0.964111 -0.014160 -0.017028 0.020220 0.019156 15.900000 48.299999 54.299999
0.293213 -0.959961 -0.003906 -0.017028 0.022349 0.019156 17.100000 47.700001 53.700001
0.297607 -0.959473 -0.010498 -0.018092 0.022349 0.021284 17.100000 49.500000 54.900002
0.290771 -0.964111 -0.005859 -0.014899 0.021284 0.019156 17.400000 47.400002 54.000000
0.293701 -0.957520 -0.003906 -0.019156 0.021284 0.017028 18.900000 49.500000 54.299999
0.292969 -0.960693 -0.008057 -0.014899 0.022349 0.014899 15.900000 47.700001 55.500000
0.290771 -0.960693 -0.010498 -0.014899 0.021284 0.015963 17.700001 46.500000 56.099998
0.288574 -0.962891 -0.018555 -0.014899 0.022349 0.021284 16.500000 47.099998 56.700001
0.288818 -0.962402 -0.018311 -0.015963 0.022349 0.018092 15.900000 48.900002 54.299999
0.284180 -0.956543 -0.007324 -0.017028 0.019156 0.018092 16.500000 49.500000 54.900002
0.292236 -0.960693 -0.008789 -0.013835 0.019156 0.015963 19.500000 48.299999 54.299999
0.289551 -0.960693 -0.006104 -0.014899 0.023413 0.020220 15.900000 48.900002 54.900002
0.291748 -0.959229 -0.004883 -0.015963 0.020220 0.018092 16.799999 47.400002 53.400002
0.296143 -0.959473 -0.009766 -0.014899 0.020220 0.021284 15.000000 49.200001 55.200001
0.291016 -0.957275 -0.005127 -0.015963 0.021284 0.017028 18.299999 48.900002 57.299999
0.291504 -0.961670 -0.003662 -0.017028 0.019156 0.018092 17.100000 48.299999 53.700001
0.290039 -0.964600 -0.009766 -0.013835 0.020220 0.018092 17.400000 47.400002 54.000000
0.288818 -0.961670 -0.001465 -0.014899 0.019156 0.017028 16.200001 46.799999 52.799999
0.289795 -0.957275 -0.008057 -0.013835 0.023413 0.019156 16.799999 48.000000 55.799999
0.289551 -0.959229 -0.011719 -0.019156 0.023413 0.022349 15.300000 45.900002 55.500000
0.293945 -0.955566 -0.009766 -0.013835 0.021284 0.019156 17.700001 47.700001 54.900002
0.293457 -0.958008 -0.008545 -0.017028 0.021284 0.017028 16.200001 48.000000 55.200001
0.297607 -0.957275 -0.002686 -0.013835 0.022349 0.019156 15.900000 49.500000 56.099998
0.294434 -0.956543 -0.009277 -0.017028 0.019156 0.021284 15.600000 48.000000 55.200001
0.289795 -0.964355 -0.006836 -0.014899 0.021284 0.018092 16.500000 45.900002 54.900002
0.291504 -0.968994 -0.010742 -0.014899 0.021284 0.017028 16.500000 47.700001 53.700001
0.285156 -0.958984 -0.005371 -0.019156 0.018092 0.018092 18.000000 48.599998 54.599998
0.288330 -0.963379 -0.014160 -0.019156 0.020220 0.021284 16.500000 49.500000 54.299999
0.294189 -0.955322 -0.010498 -0.018092 0.023413 0.019156 17.100000 48.900002 55.500000
0.291992 -0.958984 -0.002930 -0.012771 0.021284 0.020220 18.000000 48.599998 54.599998
0.293213 -0.963623 -0.010010 -0.015963 0.023413 0.018092 18.600000 48.000000 54.599998
0.294678 -0.961914 -0.015869 -0.017028 0.020220 0.018092 18.000000 47.400002 55.200001
0.287842 -0.961670 -0.020264 -0.014899 0.021284 0.019156 16.500000 48.299999 54.900002
0.296875 -0.958252 -0.008789 -0.013835 0.021284 0.018092 16.500000 47.099998 54.900002
0.294922 -0.959961 -0.009033 -0.017028 0.021284 0.017028 18.900000 48.299999 54.299999
0.290283 -0.969727 -0.014648 -0.014899 0.019156 0.020220 17.100000 46.500000 54.900002
0.294678 -0.959229 -0.013428 -0.018092 0.020220 0.019156 15.600000 48.000000 55.200001
0.293701 -0.958252 -0.010254 -0.013835 0.018092 0.018092 17.400000 47.400002 54.599998
0.294922 -0.958740 -0.003906 -0.017028 0.021284 0.019156 17.400000 47.400002 54.000000
0.291260 -0.957520 -0.011230 -0.017028 0.019156 0.020220 16.200001 47.400002 55.200001
0.295166 -0.963379 -0.009766 -0.017028 0.019156 0.019156 18.299999 48.299999 54.299999
0.298096 -0.957520 -0.010986 -0.014899 0.021284 0.017028 18.000000 48.000000 55.200001
0.291016 -0.958252 -0.001221 -0.012771 0.022349 0.017028 16.799999 48.000000 57.000000
0.295410 -0.955811 -0.009033 -0.015963 0.021284 0.018092 16.799999 49.200001 54.599998
0.295166 -0.959473 -0.008301 -0.012771 0.021284 0.018092 16.799999 48.000000 54.599998
0.288330 -0.955566 0.001221 -0.018092 0.021284 0.020220 13.800000 49.200001 54.599998
0.287109 -0.958496 -0.006104 -0.020220 0.023413 0.019156 18.299999 48.900002 54.900002
0.291504 -0.964844 -0.010498 -0.017028 0.023413 0.018092 16.200001 48.599998 55.200001
0.296631 -0.958740 -0.013672 -0.018092 0.025541 0.017028 17.400000 46.799999 55.200001
0.294922 -0.961182 -0.004150 -0.013835 0.022349 0.017028 18.000000 48.000000 55.200001
0.294434 -0.960449 -0.016113 -0.013835 0.019156 0.020220 16.200001 49.200001 55.200001
0.301270 -0.962158 -0.015381 -0.009578 0.022349 0.021284 15.600000 48.000000 54.000000
0.293213 -0.961426 -0.006836 -0.017028 0.020220 0.021284 18.000000 47.400002 52.799999
0.291992 -0.963379 -0.015381 -0.017028 0.022349 0.017028 17.100000 47.700001 56.700001
0.292480 -0.957520 -0.002441 -0.014899 0.021284 0.021284 18.000000 48.599998 55.200001
0.290039 -0.961426 0.002686 -0.015963 0.020220 0.018092 17.100000 47.099998 56.099998
0.291748 -0.959717 -0.004395 -0.013835 0.020220 0.017028 16.500000 47.099998 54.299999
0.298340 -0.964844 -0.016846 -0.014899 0.019156 0.015963 17.700001 47.099998 55.500000
0.292480 -0.949219 -0.015625 -0.015963 0.021284 0.019156 18.000000 47.400002 54.000000
0.292725 -0.961914 -0.019775 -0.012771 0.021284 0.020220 17.400000 48.000000 55.200001
0.290527 -0.967041 -0.012695 -0.014899 0.020220 0.019156 17.700001 48.299999 55.500000
0.289307 -0.955566 -0.006592 -0.014899 0.019156 0.015963 18.000000 48.599998 52.799999
0.296143 -0.957031 -0.008301 -0.018092 0.022349 0.019156 15.900000 47.700001 54.900002
0.289062 -0.959473 -0.003174 -0.018092 0.018092 0.020220 18.299999 48.299999 54.299999
0.295410 -0.968994 -0.012695 -0.019156 0.020220 0.018092 17.400000 48.000000 54.000000
0.298340 -0.968018 -0.010498 -0.015963 0.021284 0.017028 15.300000 48.900002 54.299999
0.291016 -0.960938 -0.003174 -0.015963 0.018092 0.014899 17.100000 47.700001 53.700001
0.293945 -0.960938 -0.003906 -0.018092 0.021284 0.017028 15.600000 48.599998 55.200001
0.296631 -0.961670 -0.011719 -0.015963 0.021284 0.019156 16.799999 47.400002 52.799999
0.293213 -0.956543 -0.010742 -0.013835 0.020220 0.018092 17.100000 48.299999 54.900002
0.290771 -0.965576 -0.009766 -0.014899 0.023413 0.017028 17.100000 48.900002 55.500000
0.297607 -0.954346 -0.008789 -0.014899 0.020220 0.018092 18.299999 48.299999 56.099998
0.288330 -0.964111 -0.014648 -0.013835 0.022349 0.017028 17.100000 49.500000 55.500000
0.286377 -0.962402 -0.012207 -0.015963 0.022349 0.021284 17.100000 47.700001 54.900002
0.288330 -0.958496 -0.005371 -0.017028 0.021284 0.017028 15.600000 48.000000 54.000000
0.286865 -0.959473 -0.010986 -0.019156 0.020220 0.019156 17.700001 48.299999 53.700001
0.293213 -0.965332 -0.003906 -0.015963 0.020220 0.020220 17.400000 46.200001 53.400002
0.291504 -0.958008 -0.016846 -0.015963 0.022349 0.021284 16.799999 48.000000 54.599998
0.294678 -0.968018 -0.014160 -0.018092 0.021284 0.021284 15.900000 45.900002 54.299999
0.288574 -0.957520 -0.006104 -0.013835 0.023413 0.018092 17.400000 48.000000 56.400002
0.294922 -0.962646 -0.010010 -0.017028 0.021284 0.017028 18.299999 48.900002 53.700001
0.295898 -0.964355 -0.005371 -0.017028 0.023413 0.019156 17.700001 47.700001 55.500000
0.290039 -0.952393 -0.005371 -0.017028 0.020220 0.019156 16.200001 48.000000 54.599998
0.296631 -0.964600 -0.021729 -0.014899 0.020220 0.018092 17.100000 48.299999 54.299999
0.295410 -0.959717 -0.012207 -0.013835 0.022349 0.019156 17.400000 48.000000 55.799999
0.289307 -0.962891 -0.017334 -0.013835 0.021284 0.015963 16.799999 48.000000 54.000000
0.289551 -0.958740 -0.004395 -0.012771 0.021284 0.019156 15.600000 48.599998 55.799999
0.289795 -0.961426 0.004395 -0.017028 0.021284 0.015963 16.799999 48.599998 55.799999
0.290039 -0.959717 -0.012695 -0.015963 0.018092 0.021284 18.299999 47.099998 55.500000
0.289062 -0.963135 -0.021240 -0.017028 0.022349 0.020220 18.000000 48.000000 54.599998
0.293457 -0.960938 -0.011963 -0.020220 0.022349 0.022349 17.100000 47.700001 54.299999
0.296631 -0.955078 -0.015869 -0.017028 0.022349 0.019156 16.799999 47.400002 54.599998
0.289795 -0.955322 -0.008301 -0.020220 0.018092 0.017028 16.799999 47.400002 55.200001
0.287842 -0.959473 -0.007324 -0.017028 0.020220 0.019156 16.500000 48.900002 54.900002
0.296387 -0.961426 -0.004150 -0.012771 0.023413 0.019156 17.100000 47.099998 54.900002
0.293701 -0.956299 -0.004395 -0.017028 0.022349 0.020220 17.700001 47.700001 54.299999
0.292969 -0.962402 -0.014404 -0.018092 0.021284 0.018092 16.200001 48.000000 54.599998
0.297852 -0.955322 -0.012451 -0.018092 0.022349 0.019156 17.700001 47.099998 55.500000
0.292969 -0.962646 -0.012451 -0.017028 0.022349 0.015963 17.700001 50.099998 54.900002
0.293457 -0.962646 -0.011475 -0.015963 0.018092 0.021284 17.400000 48.000000 55.200001
0.291992 -0.959717 -0.010742 -0.017028 0.022349 0.017028 16.500000 48.900002 55.500000
0.284668 -0.957520 -0.010254 -0.014899 0.019156 0.017028 18.600000 48.000000 54.599998
0.295410 -0.962891 -0.010498 -0.015963 0.023413 0.018092 16.799999 46.799999 54.000000
0.292725 -0.959473 -0.007568 -0.015963 0.020220 0.014899 17.100000 47.099998 55.500000
0.292480 -0.961426 -0.009521 -0.015963 0.020220 0.019156 18.299999 49.500000 56.099998
0.294678 -0.966797 0.000732 -0.020220 0.021284 0.018092 16.799999 47.400002 56.400002
0.287842 -0.956543 -0.006348 -0.015963 0.020220 0.020220 17.100000 47.700001 54.900002
0.300781 -0.963623 -0.010986 -0.012771 0.022349 0.018092 17.100000 48.299999 54.900002
0.297363 -0.963623 -0.008057 -0.010642 0.020220 0.015963 17.400000 48.000000 55.799999
0.289307 -0.959717 -0.005615 -0.019156 0.022349 0.020220 16.500000 46.500000 55.500000
0.292725 -0.965576 -0.013672 -0.017028 0.022349 0.019156 17.700001 48.299999 54.900002
0.289551 -0.960938 -0.016846 -0.015963 0.020220 0.018092 16.799999 49.200001 55.200001
0.291748 -0.958252 -0.004395 -0.014899 0.019156 0.019156 16.799999 48.000000 54.599998
0.293945 -0.957520 -0.011230 -0.014899 0.023413 0.018092 18.299999 46.500000 55.500000
0.290527 -0.963867 -0.010254 -0.015963 0.020220 0.015963 16.500000 48.900002 54.299999
0.289062 -0.952393 -0.013184 -0.013835 0.021284 0.015963 16.200001 46.799999 54.599998
0.285645 -0.957275 -0.010742 -0.015963 0.022349 0.017028 17.100000 48.900002 56.099998
0.290771 -0.964600 -0.002441 -0.013835 0.021284 0.017028 15.900000 47.700001 54.900002
0.292725 -0.959717 -0.014160 -0.015963 0.020220 0.017028 18.000000 48.000000 54.599998
0.292480 -0.966797 -0.002930 -0.017028 0.021284 0.020220 17.100000 48.900002 55.500000
