0.000000 0.000000 16240679503190552628690944.000000 -0.013835 0.027670 0.017028 30.900000 24.900000 74.699997
0.012695 -0.844482 -0.512695 -0.015963 0.025541 0.015963 31.200001 26.400000 75.000000
0.017822 -0.838623 -0.522949 -0.015963 0.025541 0.018092 31.200001 27.000000 75.000000
0.014160 -0.836182 -0.521484 -0.015963 0.025541 0.018092 30.600000 26.400000 74.400002
0.012695 -0.829590 -0.518311 -0.015963 0.025541 0.020220 30.600000 25.200001 73.800003
0.012939 -0.836670 -0.526855 -0.012771 0.024477 0.018092 30.299999 26.700001 75.900002
0.018555 -0.827393 -0.517090 -0.015963 0.025541 0.020220 29.100000 26.700001 74.099998
0.015625 -0.835205 -0.530518 -0.017028 0.026606 0.019156 31.799999 27.000000 75.599998
0.014160 -0.832764 -0.520996 -0.013835 0.024477 0.017028 30.900000 26.100000 76.500000
0.018799 -0.826172 -0.526611 -0.011706 0.028734 0.014899 31.500000 27.299999 74.699997
0.019531 -0.833740 -0.524414 -0.014899 0.022349 0.020220 32.400002 25.799999 75.000000
0.018066 -0.831787 -0.522217 -0.013835 0.026606 0.015963 30.000000 25.200001 75.000000
0.011719 -0.832031 -0.525635 -0.014899 0.025541 0.018092 31.799999 25.200001 75.599998
0.012939 -0.832520 -0.513184 -0.012771 0.024477 0.014899 30.299999 26.100000 75.900002
0.011963 -0.831055 -0.519775 -0.013835 0.026606 0.014899 30.600000 26.400000 74.400002
0.017334 -0.834717 -0.519287 -0.015963 0.026606 0.019156 31.200001 25.200001 75.599998
0.015137 -0.833496 -0.521240 -0.010642 0.023413 0.017028 30.299999 25.500000 74.699997
0.014160 -0.837891 -0.513916 -0.015963 0.023413 0.017028 31.799999 27.000000 75.000000
0.016846 -0.830811 -0.520752 -0.013835 0.024477 0.019156 31.200001 24.600000 76.199997
0.011963 -0.830566 -0.524658 -0.014899 0.027670 0.019156 30.299999 26.700001 75.300003
0.015137 -0.839355 -0.527100 -0.013835 0.024477 0.021284 29.100000 26.100000 75.300003
0.016846 -0.835205 -0.515381 -0.017028 0.024477 0.017028 30.900000 26.700001 75.900002
0.012695 -0.830811 -0.522217 -0.011706 0.022349 0.019156 32.099998 26.100000 74.699997
0.009277 -0.834717 -0.524170 -0.012771 0.025541 0.018092 31.500000 25.500000 74.699997
0.012207 -0.833984 -0.520020 -0.017028 0.027670 0.021284 31.200001 25.200001 75.000000
0.010498 -0.838867 -0.527100 -0.011706 0.026606 0.018092 29.700001 26.100000 75.300003
0.013916 -0.835205 -0.529785 -0.015963 0.024477 0.020220 29.400000 26.400000 73.800003
0.020996 -0.832275 -0.516357 -0.015963 0.025541 0.019156 31.200001 25.799999 76.199997
0.016113 -0.837646 -0.513672 -0.011706 0.025541 0.018092 30.600000 26.400000 76.199997
0.015381 -0.831787 -0.523193 -0.011706 0.026606 0.020220 31.500000 26.700001 74.699997
0.018066 -0.822998 -0.517578 -0.014899 0.025541 0.019156 31.200001 25.799999 75.000000
0.021973 -0.834473 -0.516602 -0.014899 0.024477 0.019156 30.299999 25.500000 75.900002
0.020264 -0.834473 -0.525146 -0.014899 0.022349 0.019156 29.700001 25.500000 75.900002
0.018311 -0.825684 -0.511475 -0.017028 0.029798 0.019156 30.299999 24.900000 76.500000
0.015137 -0.833740 -0.526855 -0.015963 0.025541 0.017028 30.299999 24.299999 74.099998
0.012695 -0.834717 -0.526123 -0.012771 0.025541 0.017028 30.000000 27.000000 75.599998
0.014160 -0.836426 -0.520752 -0.012771 0.024477 0.015963 30.299999 27.299999 74.699997
0.012207 -0.833740 -0.519043 -0.013835 0.024477 0.015963 31.799999 25.799999 75.000000
0.011230 -0.834961 -0.517578 -0.013835 0.023413 0.018092 31.799999 25.200001 75.000000
0.017090 -0.837158 -0.524902 -0.014899 0.026606 0.014899 30.900000 25.500000 74.099998
0.017822 -0.833984 -0.521484 -0.011706 0.026606 0.017028 30.299999 26.100000 75.900002
0.012939 -0.826416 -0.519775 -0.014899 0.025541 0.021284 30.600000 27.000000 75.599998
0.018799 -0.829590 -0.515381 -0.012771 0.024477 0.012771 29.100000 26.100000 75.300003
0.013672 -0.834473 -0.520020 -0.012771 0.025541 0.018092 29.700001 27.299999 74.699997
0.018066 -0.836914 -0.523438 -0.014899 0.026606 0.021284 31.500000 24.900000 74.699997
0.017334 -0.836426 -0.522461 -0.014899 0.024477 0.020220 31.500000 26.700001 75.300003
0.024414 -0.835693 -0.521729 -0.013835 0.026606 0.018092 30.000000 25.200001 75.000000
0.015625 -0.825195 -0.528564 -0.017028 0.025541 0.015963 29.700001 26.100000 76.500000
0.014648 -0.833496 -0.515137 -0.012771 0.027670 0.015963 29.400000 25.799999 74.400002
0.008789 -0.832275 -0.524902 -0.014899 0.025541 0.018092 31.200001 25.799999 76.199997
0.010010 -0.828613 -0.516113 -0.012771 0.025541 0.017028 30.000000 27.000000 75.599998
0.011719 -0.833740 -0.518799 -0.013835 0.025541 0.018092 31.500000 26.700001 74.699997
0.010498 -0.835693 -0.518799 -0.012771 0.025541 0.017028 30.000000 25.200001 74.400002
0.012695 -0.837402 -0.519043 -0.012771 0.024477 0.015963 30.600000 27.000000 74.400002
0.011963 -0.837646 -0.521240 -0.013835 0.024477 0.019156 30.000000 24.600000 75.599998
0.014404 -0.834961 -0.512207 -0.009578 0.023413 0.014899 29.700001 27.299999 75.900002
0.017822 -0.826416 -0.535889 -0.014899 0.024477 0.017028 30.900000 27.299999 75.300003
0.011719 -0.835938 -0.528320 -0.015963 0.024477 0.017028 31.799999 25.200001 75.599998
0.021729 -0.834717 -0.515869 -0.014899 0.028734 0.020220 31.200001 26.400000 75.599998
0.013428 -0.833008 -0.517334 -0.013835 0.026606 0.019156 30.000000 26.400000 75.599998
0.020752 -0.827881 -0.515869 -0.017028 0.024477 0.019156 31.200001 27.000000 75.000000
0.016113 -0.836182 -0.530029 -0.014899 0.025541 0.020220 31.500000 27.299999 75.900002
0.013184 -0.839111 -0.514648 -0.013835 0.023413 0.018092 30.000000 27.000000 74.400002
0.017090 -0.827148 -0.513184 -0.013835 0.024477 0.020220 31.799999 27.600000 74.400002
0.021484 -0.826416 -0.522461 -0.017028 0.021284 0.017028 31.200001 27.000000 75.000000
0.016357 -0.827881 -0.524658 -0.011706 0.021284 0.019156 30.600000 26.400000 75.000000
0.011719 -0.840820 -0.513184 -0.015963 0.027670 0.020220 30.900000 25.500000 77.099998
0.015137 -0.832520 -0.520752 -0.011706 0.024477 0.018092 30.900000 25.500000 74.699997
0.013428 -0.836182 -0.523682 -0.013835 0.027670 0.021284 31.500000 26.100000 74.699997
0.017822 -0.831055 -0.519287 -0.015963 0.026606 0.018092 30.299999 26.100000 75.900002
0.017822 -0.830322 -0.520752 -0.014899 0.026606 0.020220 30.299999 26.100000 75.900002
0.015625 -0.830811 -0.520264 -0.011706 0.024477 0.021284 30.299999 26.700001 75.300003
0.017822 -0.838135 -0.519287 -0.013835 0.023413 0.017028 30.299999 27.299999 75.900002
0.015869 -0.831543 -0.519287 -0.018092 0.024477 0.018092 32.099998 25.500000 74.099998
0.016357 -0.829346 -0.520264 -0.015963 0.023413 0.021284 31.200001 26.400000 75.000000
0.019043 -0.830078 -0.522705 -0.013835 0.025541 0.017028 31.500000 26.100000 76.500000
0.013916 -0.833740 -0.527832 -0.010642 0.027670 0.018092 31.200001 25.200001 76.199997
0.015625 -0.833496 -0.516357 -0.014899 0.028734 0.017028 30.299999 27.299999 75.300003
0.006104 -0.831787 -0.522705 -0.014899 0.024477 0.019156 30.000000 25.799999 76.199997
0.013916 -0.835693 -0.514160 -0.012771 0.024477 0.019156 30.299999 25.500000 75.300003
0.009766 -0.838135 -0.519775 -0.015963 0.025541 0.019156 31.200001 26.400000 75.000000
0.017090 -0.830811 -0.521240 -0.014899 0.023413 0.018092 30.000000 25.200001 75.000000
0.016357 -0.834229 -0.519531 -0.017028 0.026606 0.018092 31.500000 26.100000 74.699997
0.013428 -0.838379 -0.518555 -0.014899 0.025541 0.018092 31.200001 25.799999 73.800003
0.014893 -0.834717 -0.536865 -0.012771 0.025541 0.017028 30.299999 25.500000 75.300003
0.017334 -0.832764 -0.507324 -0.015963 0.025541 0.015963 31.200001 27.600000 75.599998
0.016602 -0.834717 -0.531494 -0.017028 0.024477 0.015963 31.200001 26.400000 75.599998
0.020264 -0.830811 -0.519043 -0.014899 0.024477 0.017028 31.200001 26.400000 73.800003
0.016357 -0.833496 -0.521973 -0.011706 0.025541 0.020220 31.799999 27.600000 75.599998
0.012207 -0.833496 -0.515137 -0.015963 0.023413 0.019156 30.000000 26.400000 75.000000
0.016846 -0.831299 -0.517822 -0.013835 0.025541 0.017028 30.900000 26.100000 74.699997
0.019043 -0.833252 -0.523682 -0.014899 0.024477 0.017028 31.799999 26.400000 74.400002
0.016113 -0.824219 -0.523682 -0.011706 0.024477 0.020220 29.700001 26.700001 74.099998
0.023682 -0.830811 -0.511719 -0.018092 0.027670 0.021284 32.099998 25.500000 75.300003
0.019043 -0.836914 -0.528809 -0.013835 0.022349 0.015963 30.600000 25.200001 76.800003
0.022461 -0.832764 -0.520752 -0.019156 0.025541 0.015963 31.500000 25.500000 73.500000
0.015381 -0.831787 -0.519775 -0.015963 0.026606 0.018092 30.900000 25.500000 75.900002
0.014648 -0.835693 -0.524170 -0.012771 0.026606 0.017028 32.099998 26.100000 75.300003
0.015381 -0.831787 -0.525391 -0.011706 0.027670 0.019156 31.500000 27.900000 75.300003
0.019043 -0.835938 -0.511719 -0.013835 0.025541 0.019156 31.799999 25.799999 73.800003
0.013428 -0.834961 -0.523193 -0.015963 0.022349 0.017028 30.900000 26.100000 75.300003
0.016602 -0.840576 -0.521240 -0.013835 0.028734 0.018092 31.500000 26.700001 75.300003
0.017090 -0.828857 -0.511963 -0.014899 0.026606 0.017028 31.799999 25.200001 75.599998
0.015869 -0.838135 -0.525635 -0.014899 0.024477 0.019156 33.000000 26.400000 75.000000
0.013184 -0.835449 -0.518066 -0.014899 0.023413 0.015963 30.600000 25.799999 75.000000
0.012695 -0.834473 -0.523682 -0.012771 0.024477 0.018092 30.900000 26.100000 74.099998
0.013428 -0.833984 -0.520752 -0.013835 0.021284 0.017028 30.299999 25.500000 75.300003
0.017090 -0.834717 -0.521484 -0.011706 0.027670 0.014899 31.799999 25.799999 74.400002
0.015869 -0.826172 -0.520020 -0.011706 0.025541 0.019156 32.099998 25.500000 75.900002
0.011963 -0.835693 -0.512695 -0.012771 0.022349 0.014899 29.400000 27.000000 76.199997
0.015625 -0.830322 -0.520264 -0.015963 0.024477 0.015963 32.700001 25.500000 75.300003
0.015869 -0.831543 -0.519775 -0.014899 0.023413 0.020220 31.200001 27.600000 75.599998
0.018555 -0.832764 -0.530029 -0.015963 0.024477 0.018092 30.299999 28.500000 74.699997
0.012695 -0.836182 -0.519775 -0.015963 0.026606 0.019156 30.299999 25.500000 75.300003
0.014893 -0.829102 -0.523682 -0.015963 0.025541 0.018092 29.400000 26.400000 76.800003
0.016357 -0.833252 -0.516602 -0.015963 0.026606 0.014899 30.299999 26.100000 74.699997
0.010498 -0.843506 -0.526611 -0.013835 0.025541 0.015963 30.600000 27.000000 76.800003
0.024170 -0.826416 -0.517334 -0.013835 0.025541 0.019156 29.700001 25.500000 74.099998
0.012695 -0.831299 -0.529053 -0.013835 0.024477 0.019156 31.200001 25.799999 75.000000
0.017822 -0.833252 -0.521240 -0.010642 0.023413 0.014899 31.200001 26.400000 75.000000
0.016113 -0.833496 -0.514648 -0.014899 0.025541 0.017028 31.799999 26.400000 73.800003
0.015625 -0.833252 -0.517578 -0.014899 0.022349 0.018092 30.600000 27.000000 75.000000
0.014404 -0.833740 -0.512207 -0.013835 0.022349 0.014899 29.700001 26.100000 75.900002
0.018066 -0.829834 -0.526855 -0.014899 0.026606 0.020220 32.700001 26.100000 75.300003
0.017334 -0.837646 -0.526611 -0.012771 0.023413 0.018092 29.700001 25.500000 74.699997
0.018311 -0.833252 -0.512939 -0.015963 0.024477 0.018092 28.500000 26.100000 72.900002
0.015381 -0.836914 -0.530518 -0.015963 0.026606 0.018092 30.000000 25.200001 73.800003
0.018799 -0.835205 -0.524170 -0.014899 0.025541 0.014899 31.799999 25.200001 75.000000
0.017334 -0.831543 -0.515381 -0.014899 0.027670 0.018092 30.299999 25.500000 74.699997
0.015625 -0.844482 -0.516846 -0.014899 0.027670 0.019156 31.200001 25.799999 75.000000
0.017334 -0.835205 -0.523438 -0.012771 0.025541 0.019156 31.500000 25.500000 75.300003
0.011963 -0.832520 -0.520020 -0.012771 0.023413 0.017028 32.700001 26.100000 74.699997
0.015869 -0.836182 -0.524170 -0.012771 0.025541 0.018092 31.200001 24.600000 75.000000
0.014893 -0.835449 -0.520996 -0.014899 0.025541 0.018092 30.000000 25.200001 75.000000
0.019043 -0.837891 -0.510498 -0.011706 0.024477 0.019156 30.900000 25.500000 74.699997
0.018555 -0.831055 -0.528320 -0.014899 0.026606 0.015963 31.500000 25.500000 75.900002
0.013428 -0.836670 -0.516846 -0.014899 0.023413 0.015963 29.400000 26.400000 75.599998
0.011230 -0.839600 -0.529297 -0.015963 0.024477 0.019156 30.600000 25.799999 74.400002
0.012695 -0.832031 -0.517822 -0.013835 0.023413 0.018092 30.600000 26.400000 73.800003
0.015625 -0.837402 -0.520264 -0.013835 0.026606 0.015963 31.200001 25.799999 74.400002
0.015625 -0.830322 -0.512695 -0.013835 0.026606 0.018092 30.600000 26.400000 76.199997
0.018555 -0.829834 -0.516602 -0.012771 0.024477 0.014899 30.900000 24.900000 74.099998
0.017822 -0.832031 -0.513672 -0.013835 0.024477 0.019156 31.200001 26.400000 75.000000
0.020020 -0.829102 -0.516602 -0.011706 0.023413 0.020220 31.799999 27.000000 75.599998
0.015381 -0.835693 -0.520264 -0.013835 0.024477 0.017028 31.799999 27.000000 75.599998
0.014160 -0.840820 -0.524170 -0.012771 0.026606 0.021284 30.600000 25.200001 74.400002
0.014893 -0.833008 -0.519531 -0.009578 0.025541 0.018092 30.900000 25.500000 75.900002
0.013428 -0.832275 -0.517578 -0.015963 0.024477 0.015963 30.299999 25.500000 75.900002
0.013916 -0.830078 -0.526855 -0.013835 0.027670 0.018092 32.400002 27.600000 75.599998
0.017334 -0.836182 -0.531006 -0.012771 0.025541 0.020220 30.900000 24.299999 74.699997
0.010986 -0.836426 -0.511963 -0.012771 0.023413 0.015963 29.700001 26.100000 75.300003
0.008301 -0.825928 -0.527588 -0.013835 0.028734 0.015963 32.099998 27.900000 76.500000
0.013672 -0.828369 -0.518555 -0.012771 0.025541 0.017028 30.900000 26.100000 74.699997
0.020508 -0.837158 -0.513672 -0.013835 0.027670 0.017028 29.700001 25.500000 74.099998
0.012695 -0.833984 -0.519287 -0.013835 0.023413 0.015963 30.000000 26.400000 75.000000
0.011963 -0.827393 -0.530029 -0.010642 0.023413 0.017028 30.299999 25.500000 74.699997
0.017822 -0.833252 -0.520508 -0.013835 0.023413 0.018092 30.000000 24.600000 74.400002
0.019043 -0.826904 -0.520752 -0.017028 0.020220 0.019156 31.200001 25.799999 74.400002
0.011230 -0.834717 -0.517822 -0.013835 0.028734 0.015963 30.299999 25.500000 75.300003
0.012939 -0.837402 -0.522705 -0.012771 0.026606 0.018092 30.299999 27.299999 73.500000
0.011230 -0.830811 -0.523926 -0.013835 0.025541 0.021284 30.900000 24.900000 75.300003
0.009521 -0.842773 -0.519531 -0.013835 0.024477 0.014899 31.200001 25.799999 75.000000
0.017090 -0.833008 -0.518066 -0.014899 0.027670 0.018092 31.200001 25.799999 74.400002
0.015625 -0.836670 -0.520752 -0.014899 0.023413 0.017028 30.299999 26.100000 75.900002
0.011963 -0.827881 -0.531738 -0.014899 0.025541 0.015963 31.200001 25.200001 75.599998
0.021240 -0.838623 -0.523682 -0.015963 0.023413 0.015963 31.500000 26.100000 73.500000
0.017822 -0.831543 -0.524658 -0.012771 0.025541 0.018092 30.000000 24.600000 74.400002
0.009277 -0.835693 -0.520996 -0.014899 0.027670 0.017028 29.100000 24.900000 74.699997
0.017822 -0.834961 -0.525635 -0.014899 0.026606 0.019156 30.900000 26.100000 74.099998
0.017090 -0.832764 -0.518555 -0.010642 0.025541 0.019156 29.100000 27.299999 74.099998
0.016602 -0.828125 -0.518066 -0.017028 0.024477 0.019156 30.299999 25.500000 74.099998
0.014160 -0.838135 -0.516602 -0.012771 0.026606 0.017028 30.900000 27.299999 74.099998
0.014648 -0.838623 -0.516113 -0.013835 0.026606 0.018092 31.200001 26.400000 73.199997
0.021729 -0.835938 -0.525146 -0.017028 0.024477 0.018092 29.100000 26.700001 77.099998
0.017822 -0.828613 -0.524658 -0.013835 0.026606 0.020220 30.000000 26.400000 75.000000
0.015137 -0.835205 -0.525635 -0.013835 0.026606 0.020220 31.500000 24.900000 75.300003
0.015625 -0.834961 -0.521973 -0.013835 0.025541 0.020220 30.299999 26.700001 74.699997
0.018799 -0.838623 -0.513184 -0.013835 0.023413 0.018092 30.000000 25.799999 75.599998
0.014404 -0.830322 -0.515381 -0.012771 0.025541 0.018092 30.000000 25.799999 75.000000
0.016846 -0.829834 -0.529541 -0.012771 0.025541 0.014899 32.400002 25.799999 75.000000
0.013428 -0.833984 -0.522705 -0.011706 0.025541 0.018092 30.900000 25.500000 74.699997
0.014893 -0.834717 -0.529541 -0.014899 0.025541 0.017028 31.500000 26.100000 75.300003
0.016846 -0.834473 -0.514648 -0.012771 0.025541 0.017028 30.600000 25.799999 75.599998
0.013428 -0.838867 -0.528564 -0.011706 0.025541 0.019156 32.400002 27.000000 75.599998
0.019043 -0.840088 -0.518555 -0.011706 0.022349 0.018092 30.299999 25.500000 75.300003
0.017334 -0.835205 -0.521484 -0.012771 0.023413 0.014899 30.600000 26.400000 74.400002
0.019043 -0.830566 -0.522217 -0.012771 0.026606 0.018092 30.900000 25.500000 75.300003
0.010986 -0.828613 -0.523438 -0.014899 0.026606 0.019156 30.600000 26.400000 75.000000
0.014160 -0.842041 -0.519775 -0.017028 0.026606 0.018092 30.600000 27.000000 76.800003
0.012939 -0.829590 -0.519775 -0.014899 0.026606 0.020220 29.100000 26.100000 74.099998
0.021240 -0.837646 -0.524170 -0.011706 0.024477 0.014899 31.799999 25.799999 75.599998
0.012939 -0.833496 -0.531494 -0.013835 0.027670 0.018092 30.299999 26.700001 75.300003
0.015625 -0.831787 -0.519775 -0.015963 0.024477 0.014899 30.900000 26.700001 74.099998
0.009766 -0.835449 -0.522217 -0.012771 0.025541 0.015963 30.900000 26.700001 75.900002
0.019531 -0.826904 -0.520264 -0.014899 0.023413 0.014899 29.700001 26.100000 76.500000
0.020264 -0.839600 -0.513428 -0.014899 0.023413 0.018092 31.200001 25.200001 75.000000
0.019287 -0.833496 -0.520752 -0.017028 0.027670 0.017028 29.400000 25.799999 75.000000
0.016846 -0.838623 -0.521973 -0.013835 0.024477 0.020220 30.600000 24.600000 74.400002
0.010986 -0.832764 -0.523193 -0.015963 0.026606 0.017028 30.600000 25.799999 76.800003
0.018799 -0.835693 -0.525879 -0.010642 0.026606 0.017028 31.799999 24.000000 75.000000
0.017334 -0.836914 -0.522949 -0.018092 0.023413 0.019156 31.200001 25.200001 74.400002
0.018311 -0.829834 -0.519531 -0.011706 0.021284 0.015963 30.900000 26.100000 74.699997
0.014893 -0.832520 -0.517334 -0.012771 0.024477 0.015963 32.099998 26.100000 74.699997
0.013672 -0.838135 -0.517334 -0.013835 0.025541 0.017028 30.900000 26.100000 76.500000
0.020752 -0.834961 -0.517090 -0.019156 0.024477 0.019156 31.200001 25.799999 75.599998
0.019531 -0.837646 -0.528320 -0.014899 0.027670 0.020220 29.700001 26.100000 73.500000
0.018311 -0.835205 -0.519043 -0.017028 0.024477 0.019156 28.799999 26.400000 75.599998
0.016357 -0.834229 -0.521729 -0.014899 0.023413 0.015963 30.299999 25.500000 75.300003
0.011963 -0.834717 -0.515869 -0.017028 0.027670 0.018092 29.400000 26.400000 75.599998
0.020752 -0.837646 -0.514648 -0.014899 0.025541 0.019156 30.299999 25.500000 74.099998
0.016602 -0.834717 -0.516602 -0.014899 0.024477 0.018092 30.299999 26.100000 74.099998
0.021484 -0.835938 -0.520264 -0.014899 0.025541 0.017028 30.900000 24.299999 75.900002
0.011963 -0.836182 -0.514893 -0.013835 0.023413 0.019156 30.000000 24.600000 75.000000
0.013916 -0.829102 -0.523438 -0.014899 0.027670 0.013835 31.500000 28.500000 74.099998
0.015381 -0.830811 -0.517334 -0.015963 0.024477 0.018092 31.200001 25.799999 74.400002
0.020264 -0.832275 -0.520264 -0.013835 0.026606 0.021284 30.600000 25.200001 75.000000
0.015869 -0.834473 -0.520752 -0.015963 0.025541 0.014899 31.799999 25.799999 76.199997
0.017334 -0.832275 -0.516602 -0.013835 0.024477 0.020220 30.299999 26.700001 75.300003
0.016357 -0.830566 -0.522705 -0.011706 0.022349 0.019156 30.900000 26.700001 74.699997
0.018799 -0.834473 -0.522949 -0.012771 0.026606 0.018092 29.700001 27.299999 74.699997
0.010986 -0.827637 -0.525391 -0.011706 0.024477 0.021284 30.900000 27.299999 74.699997
0.026123 -0.838623 -0.525146 -0.011706 0.024477 0.019156 29.100000 24.299999 75.300003
0.015869 -0.827881 -0.524902 -0.013835 0.026606 0.015963 30.299999 24.299999 74.699997
0.017822 -0.834473 -0.526367 -0.012771 0.023413 0.019156 31.200001 25.200001 74.400002
0.012695 -0.830078 -0.516846 -0.017028 0.022349 0.017028 31.500000 27.299999 75.300003
0.017334 -0.839600 -0.521240 -0.013835 0.024477 0.018092 32.099998 26.100000 75.900002
0.013428 -0.833740 -0.519775 -0.013835 0.025541 0.019156 31.200001 25.200001 75.000000
0.011719 -0.838135 -0.531982 -0.015963 0.024477 0.018092 32.099998 28.500000 75.900002
0.019287 -0.832764 -0.522705 -0.013835 0.024477 0.019156 32.099998 27.299999 75.300003
0.006592 -0.835449 -0.517578 -0.013835 0.028734 0.015963 32.099998 25.500000 75.300003
0.018066 -0.831299 -0.519043 -0.014899 0.025541 0.019156 30.299999 27.299999 74.699997
0.015137 -0.837158 -0.523438 -0.011706 0.025541 0.020220 31.500000 25.500000 75.300003
0.019531 -0.833984 -0.525391 -0.017028 0.028734 0.018092 31.799999 26.400000 76.800003
0.017822 -0.831543 -0.527100 -0.011706 0.025541 0.018092 31.500000 26.700001 74.699997
0.016846 -0.832520 -0.522461 -0.013835 0.023413 0.018092 32.400002 27.600000 73.199997
0.014404 -0.833740 -0.511719 -0.015963 0.026606 0.020220 30.600000 25.799999 75.599998
0.014648 -0.836670 -0.525146 -0.014899 0.026606 0.018092 31.799999 27.000000 75.599998
0.016602 -0.830811 -0.522705 -0.014899 0.025541 0.017028 30.900000 25.500000 75.300003
0.017334 -0.835449 -0.517090 -0.017028 0.025541 0.020220 29.700001 26.100000 75.900002
0.010742 -0.840332 -0.520264 -0.017028 0.024477 0.018092 31.200001 25.799999 76.199997
0.015137 -0.828613 -0.516602 -0.018092 0.024477 0.017028 30.600000 26.400000 76.199997
0.021729 -0.829590 -0.514404 -0.013835 0.025541 0.019156 31.500000 26.100000 75.900002
0.014160 -0.835449 -0.524902 -0.014899 0.023413 0.019156 32.099998 26.100000 75.300003
0.020264 -0.826416 -0.526611 -0.014899 0.024477 0.017028 30.299999 27.299999 74.699997
0.015381 -0.833252 -0.516846 -0.015963 0.027670 0.017028 31.799999 25.200001 74.400002
0.016113 -0.833252 -0.514648 -0.012771 0.027670 0.015963 31.200001 27.600000 73.800003
0.023682 -0.836426 -0.515381 -0.017028 0.024477 0.015963 29.100000 26.700001 75.300003
0.021484 -0.839355 -0.518066 -0.014899 0.025541 0.018092 31.200001 25.200001 74.400002
0.011475 -0.835449 -0.515625 -0.014899 0.023413 0.015963 33.000000 25.799999 75.599998
0.015381 -0.831055 -0.527100 -0.013835 0.023413 0.015963 32.400002 27.600000 73.800003
0.018311 -0.837646 -0.521973 -0.013835 0.025541 0.020220 30.299999 26.100000 75.300003
0.019043 -0.834473 -0.529541 -0.013835 0.024477 0.018092 30.900000 25.500000 75.900002
0.008057 -0.833740 -0.516113 -0.013835 0.021284 0.014899 29.700001 26.700001 76.500000
0.014404 -0.832764 -0.523682 -0.014899 0.023413 0.020220 30.600000 26.400000 75.599998
0.014160 -0.837646 -0.520996 -0.013835 0.024477 0.020220 31.200001 25.799999 75.599998
0.013672 -0.840088 -0.501953 -0.015963 0.024477 0.017028 30.000000 25.200001 75.599998
0.014160 -0.835449 -0.519043 -0.013835 0.026606 0.014899 31.799999 25.200001 75.599998
0.014404 -0.841553 -0.518555 -0.014899 0.026606 0.018092 30.299999 26.100000 74.699997
0.018555 -0.833252 -0.515137 -0.017028 0.026606 0.014899 31.200001 25.799999 75.000000
0.012207 -0.840088 -0.526611 -0.014899 0.025541 0.020220 30.299999 25.500000 75.300003
0.016113 -0.827148 -0.524658 -0.013835 0.025541 0.015963 30.900000 26.100000 76.500000
0.016357 -0.831787 -0.519287 -0.013835 0.026606 0.017028 30.299999 24.299999 74.699997
0.015625 -0.833984 -0.526123 -0.015963 0.024477 0.020220 31.799999 27.000000 74.400002
0.009766 -0.840088 -0.516357 -0.014899 0.024477 0.018092 30.900000 25.500000 74.699997
0.017578 -0.829346 -0.519531 -0.014899 0.022349 0.017028 30.299999 26.700001 75.300003
0.014648 -0.836182 -0.520508 -0.013835 0.024477 0.020220 29.400000 26.400000 75.000000
0.018311 -0.831055 -0.525391 -0.017028 0.024477 0.015963 31.799999 26.400000 74.400002
0.011719 -0.832764 -0.519775 -0.015963 0.024477 0.020220 31.200001 26.400000 75.599998
0.021240 -0.838135 -0.522461 -0.014899 0.024477 0.019156 30.299999 26.700001 74.099998
0.015381 -0.830322 -0.519775 -0.013835 0.023413 0.014899 31.500000 25.500000 75.900002
0.016846 -0.833252 -0.512695 -0.017028 0.022349 0.014899 29.400000 26.400000 73.800003
0.011963 -0.837158 -0.528076 -0.013835 0.025541 0.019156 30.900000 26.700001 72.900002
0.015381 -0.839600 -0.519775 -0.014899 0.026606 0.015963 30.000000 27.600000 77.400002
0.010986 -0.835938 -0.512695 -0.015963 0.026606 0.018092 30.299999 25.500000 75.300003
0.014404 -0.840332 -0.518311 -0.011706 0.025541 0.017028 32.099998 27.299999 74.699997
0.018555 -0.827148 -0.510010 -0.011706 0.025541 0.014899 29.700001 26.700001 74.699997
0.018799 -0.841064 -0.517822 -0.012771 0.025541 0.018092 30.299999 25.500000 75.900002
0.014893 -0.834473 -0.517090 -0.015963 0.024477 0.017028 31.200001 25.799999 74.400002
0.016846 -0.830566 -0.528320 -0.014899 0.026606 0.018092 30.900000 25.500000 76.500000
0.023682 -0.840088 -0.511475 -0.013835 0.023413 0.015963 30.900000 27.299999 74.699997
0.020020 -0.833984 -0.513672 -0.014899 0.025541 0.018092 30.000000 26.400000 75.000000
0.009521 -0.833008 -0.522705 -0.014899 0.023413 0.019156 30.900000 25.500000 75.900002
0.016602 -0.833984 -0.514648 -0.012771 0.024477 0.019156 29.100000 27.900000 73.500000
0.017822 -0.825928 -0.519775 -0.011706 0.024477 0.018092 30.299999 25.500000 73.500000
0.017822 -0.844238 -0.520752 -0.011706 0.026606 0.019156 30.000000 25.799999 73.800003
0.014404 -0.830566 -0.520996 -0.012771 0.027670 0.019156 31.200001 27.000000 76.199997
0.016357 -0.838135 -0.527588 -0.014899 0.022349 0.017028 30.299999 26.100000 75.900002
0.019531 -0.832275 -0.514160 -0.013835 0.024477 0.018092 30.600000 25.200001 75.000000
0.013916 -0.837402 -0.515625 -0.014899 0.022349 0.015963 30.900000 26.700001 76.500000
0.009766 -0.829590 -0.535156 -0.014899 0.021284 0.018092 30.299999 25.500000 74.099998
0.016846 -0.835938 -0.518555 -0.013835 0.025541 0.015963 30.600000 25.799999 76.800003
0.018799 -0.832764 -0.523926 -0.015963 0.024477 0.018092 30.000000 27.600000 75.599998
0.019287 -0.833496 -0.523193 -0.011706 0.025541 0.019156 30.600000 25.200001 75.599998
0.016846 -0.831299 -0.518799 -0.014899 0.024477 0.015963 30.000000 25.799999 75.000000
0.022461 -0.835693 -0.523682 -0.014899 0.023413 0.018092 29.700001 25.500000 74.699997
0.016602 -0.827637 -0.519531 -0.013835 0.023413 0.019156 31.200001 25.200001 74.400002
0.015381 -0.832520 -0.535156 -0.012771 0.025541 0.014899 31.500000 26.100000 75.300003
0.021729 -0.831055 -0.522217 -0.014899 0.027670 0.018092 31.799999 24.000000 73.800003
0.017822 -0.840576 -0.524658 -0.012771 0.026606 0.018092 30.900000 25.500000 75.300003
0.012451 -0.832520 -0.522705 -0.015963 0.026606 0.019156 31.200001 25.200001 75.000000
