0.000000 0.000000 142392483540300284393684992.000000 -0.015963 0.023413 0.018092 31.200001 36.599998 15.600000
-0.001465 -0.662109 0.792480 -0.018092 0.023413 0.021284 31.200001 38.400002 15.000000
-0.004883 -0.660156 0.782959 -0.006385 0.026606 0.019156 30.600000 37.200001 17.400000
-0.000977 -0.650391 0.787598 -0.015963 0.022349 0.015963 30.299999 35.700001 17.700001
-0.005127 -0.650635 0.798096 -0.017028 0.025541 0.018092 30.900000 36.900002 14.100000
-0.004395 -0.653564 0.779541 -0.014899 0.024477 0.012771 33.299999 36.299999 17.100000
-0.006836 -0.652832 0.789307 -0.015963 0.026606 0.019156 31.500000 38.099998 16.500000
-0.003174 -0.659912 0.791992 -0.015963 0.026606 0.018092 31.799999 37.200001 16.200001
0.002197 -0.654053 0.796143 -0.017028 0.024477 0.017028 32.099998 36.900002 14.700000
-0.002686 -0.652100 0.790283 -0.010642 0.025541 0.018092 32.400002 37.799999 16.200001
0.000000 -0.649658 0.797119 -0.013835 0.023413 0.019156 30.600000 36.599998 14.400000
0.004883 -0.649658 0.789062 -0.013835 0.022349 0.014899 30.900000 37.500000 17.100000
-0.003418 -0.650879 0.790771 -0.017028 0.023413 0.017028 32.099998 37.500000 16.500000
0.005615 -0.651611 0.792236 -0.015963 0.023413 0.018092 31.500000 36.900002 16.500000
-0.001953 -0.646729 0.779053 -0.018092 0.026606 0.014899 31.200001 37.200001 16.200001
0.000000 -0.655029 0.796875 -0.011706 0.024477 0.017028 31.200001 37.200001 16.200001
-0.004150 -0.650146 0.783447 -0.018092 0.025541 0.017028 31.200001 36.599998 17.400000
-0.001709 -0.656250 0.785400 -0.013835 0.025541 0.021284 32.099998 35.099998 16.500000
0.005127 -0.654297 0.797119 -0.018092 0.024477 0.018092 31.500000 36.900002 15.300000
-0.004883 -0.642578 0.794922 -0.015963 0.024477 0.018092 31.500000 37.500000 17.100000
-0.001709 -0.652344 0.791992 -0.015963 0.021284 0.018092 32.099998 36.900002 16.500000
-0.001221 -0.650391 0.785156 -0.019156 0.027670 0.021284 30.299999 36.299999 16.500000
-0.002441 -0.652832 0.793213 -0.009578 0.023413 0.018092 31.200001 35.400002 15.000000
-0.004883 -0.651855 0.790039 -0.019156 0.025541 0.017028 31.799999 37.200001 16.200001
-0.003418 -0.656006 0.783203 -0.012771 0.023413 0.020220 31.200001 36.599998 16.799999
0.002197 -0.649170 0.790527 -0.014899 0.024477 0.020220 32.099998 37.500000 16.500000
-0.007568 -0.646240 0.788086 -0.018092 0.025541 0.020220 32.400002 37.200001 17.400000
-0.009033 -0.651855 0.784180 -0.012771 0.026606 0.018092 31.500000 37.500000 15.900000
0.002441 -0.647705 0.792236 -0.012771 0.026606 0.017028 31.500000 37.500000 17.700001
-0.003174 -0.659180 0.790771 -0.018092 0.026606 0.015963 30.299999 35.700001 15.300000
0.001221 -0.655762 0.797607 -0.017028 0.024477 0.019156 31.200001 37.799999 16.200001
-0.006104 -0.648926 0.781250 -0.013835 0.024477 0.015963 30.000000 36.599998 17.400000
-0.010986 -0.649414 0.791260 -0.018092 0.024477 0.019156 30.299999 36.900002 16.500000
-0.003662 -0.643555 0.792236 -0.020220 0.025541 0.018092 30.900000 37.500000 16.500000
0.000244 -0.653076 0.784424 -0.022349 0.023413 0.019156 30.900000 36.299999 15.900000
0.004395 -0.645264 0.792725 -0.007450 0.026606 0.020220 31.799999 37.200001 16.200001
-0.002686 -0.648438 0.784912 -0.018092 0.026606 0.019156 31.200001 35.400002 16.200001
-0.004150 -0.650879 0.788086 -0.020220 0.023413 0.019156 32.700001 37.500000 17.700001
0.005859 -0.653809 0.782227 -0.012771 0.026606 0.019156 32.400002 38.400002 16.200001
-0.001709 -0.648438 0.792236 -0.011706 0.026606 0.018092 31.200001 35.400002 16.799999
0.002686 -0.649170 0.797607 -0.019156 0.024477 0.018092 30.299999 38.099998 16.500000
-0.004395 -0.650879 0.780029 -0.011706 0.024477 0.020220 31.200001 36.599998 16.799999
-0.002441 -0.656006 0.790283 -0.015963 0.023413 0.014899 33.000000 36.000000 16.799999
-0.008301 -0.645508 0.791992 -0.017028 0.026606 0.021284 32.700001 35.099998 15.300000
0.000000 -0.649170 0.793701 -0.014899 0.027670 0.020220 31.200001 36.599998 16.200001
0.003418 -0.650635 0.786621 -0.015963 0.024477 0.018092 31.799999 37.200001 17.400000
0.001221 -0.648193 0.785156 -0.011706 0.024477 0.018092 33.000000 37.200001 17.400000
-0.005371 -0.659912 0.783447 -0.013835 0.020220 0.015963 31.500000 35.099998 15.300000
-0.000732 -0.645752 0.802002 -0.018092 0.025541 0.018092 30.900000 35.700001 15.900000
0.000732 -0.655518 0.780029 -0.011706 0.025541 0.018092 32.099998 36.299999 16.500000
-0.006836 -0.652588 0.791260 -0.015963 0.023413 0.017028 31.200001 37.200001 16.799999
-0.003174 -0.657471 0.791992 -0.013835 0.025541 0.020220 29.400000 36.599998 15.000000
0.001953 -0.650146 0.789307 -0.014899 0.022349 0.020220 32.099998 36.900002 15.900000
-0.002197 -0.652344 0.793457 -0.013835 0.026606 0.019156 30.900000 35.700001 17.100000
-0.000977 -0.651611 0.793701 -0.015963 0.024477 0.018092 32.400002 37.200001 16.799999
-0.001221 -0.649658 0.788818 -0.013835 0.025541 0.017028 31.799999 37.200001 16.200001
0.001221 -0.643066 0.794434 -0.015963 0.024477 0.020220 31.799999 37.200001 16.799999
-0.001953 -0.639893 0.785156 -0.017028 0.025541 0.015963 30.900000 38.099998 16.500000
-0.002686 -0.644775 0.790283 -0.014899 0.025541 0.018092 30.900000 36.299999 17.100000
0.000244 -0.648438 0.791260 -0.013835 0.024477 0.020220 31.200001 36.599998 16.799999
-0.001221 -0.653076 0.792236 -0.019156 0.024477 0.019156 32.099998 36.299999 16.500000
-0.001709 -0.646973 0.785889 -0.015963 0.025541 0.018092 32.700001 38.099998 15.300000
-0.001709 -0.654541 0.783447 -0.014899 0.022349 0.018092 30.299999 36.900002 17.100000
-0.003662 -0.642822 0.789062 -0.013835 0.023413 0.019156 31.200001 36.000000 15.600000
-0.002197 -0.646484 0.793457 -0.015963 0.024477 0.014899 32.099998 35.700001 17.100000
-0.007080 -0.652588 0.797119 -0.018092 0.028734 0.019156 32.400002 37.799999 16.200001
0.000977 -0.646729 0.790039 -0.018092 0.027670 0.018092 32.099998 35.700001 16.500000
0.000000 -0.653564 0.784668 -0.011706 0.023413 0.019156 31.200001 36.599998 15.600000
0.000732 -0.651855 0.790283 -0.014899 0.023413 0.017028 32.400002 36.599998 18.000000
-0.006104 -0.651123 0.789551 -0.014899 0.023413 0.019156 31.799999 36.000000 16.799999
0.000488 -0.646973 0.796387 -0.012771 0.024477 0.019156 30.900000 36.299999 16.500000
-0.002930 -0.651611 0.795166 -0.013835 0.025541 0.018092 31.799999 38.400002 16.799999
0.002197 -0.655273 0.793457 -0.017028 0.024477 0.015963 31.500000 36.299999 18.299999
0.006348 -0.649414 0.781982 -0.015963 0.026606 0.017028 30.900000 36.299999 17.100000
-0.002686 -0.655273 0.789795 -0.011706 0.025541 0.017028 31.799999 36.000000 16.799999
-0.006592 -0.651855 0.796875 -0.020220 0.022349 0.017028 30.900000 36.900002 15.300000
-0.006348 -0.653320 0.784912 -0.015963 0.024477 0.018092 31.200001 36.000000 15.600000
-0.000977 -0.647949 0.789795 -0.017028 0.025541 0.019156 31.200001 36.000000 16.200001
0.000000 -0.645996 0.787109 -0.017028 0.022349 0.020220 32.099998 38.700001 15.900000
0.004395 -0.657227 0.792725 -0.013835 0.023413 0.017028 31.500000 36.900002 17.700001
-0.000732 -0.648438 0.792480 -0.013835 0.024477 0.015963 33.299999 35.700001 15.900000
-0.002686 -0.645264 0.794678 -0.018092 0.022349 0.019156 30.900000 35.099998 15.900000
0.004395 -0.652832 0.788818 -0.011706 0.026606 0.015963 32.099998 36.900002 17.100000
-0.003662 -0.652344 0.797363 -0.017028 0.025541 0.017028 31.200001 37.200001 16.799999
-0.003418 -0.657227 0.784912 -0.014899 0.023413 0.019156 33.299999 35.099998 15.900000
-0.001465 -0.644775 0.789062 -0.011706 0.024477 0.014899 30.900000 35.700001 16.500000
-0.003174 -0.643799 0.788574 -0.018092 0.023413 0.020220 32.099998 36.900002 17.100000
-0.007080 -0.649170 0.790283 -0.014899 0.026606 0.019156 32.099998 36.900002 15.900000
-0.001465 -0.654053 0.800781 -0.012771 0.025541 0.018092 32.099998 36.900002 15.300000
-0.001465 -0.645020 0.783203 -0.018092 0.025541 0.020220 32.400002 36.599998 15.600000
0.002930 -0.656494 0.786621 -0.015963 0.026606 0.015963 31.799999 37.200001 16.799999
0.000244 -0.648193 0.796387 -0.014899 0.027670 0.012771 32.700001 37.500000 15.300000
-0.002441 -0.648926 0.787354 -0.017028 0.026606 0.018092 30.299999 36.900002 16.500000
0.001953 -0.649902 0.786377 -0.018092 0.024477 0.020220 31.500000 36.299999 15.300000
0.001221 -0.639648 0.790039 -0.012771 0.025541 0.017028 31.799999 35.400002 15.000000
-0.001465 -0.652100 0.785400 -0.013835 0.024477 0.018092 32.099998 37.500000 15.900000
-0.005615 -0.650879 0.787109 -0.017028 0.024477 0.018092 32.099998 35.700001 17.100000
-0.006104 -0.653809 0.789551 -0.017028 0.020220 0.015963 31.799999 37.799999 16.799999
-0.004395 -0.652344 0.788574 -0.013835 0.022349 0.017028 31.500000 35.700001 15.900000
-0.002197 -0.646729 0.788086 -0.013835 0.027670 0.018092 32.400002 36.599998 15.600000
0.000000 -0.653076 0.791260 -0.015963 0.025541 0.020220 32.099998 36.900002 15.300000
-0.002197 -0.649658 0.793457 -0.017028 0.025541 0.015963 30.900000 36.299999 16.500000
0.000000 -0.648438 0.786865 -0.012771 0.025541 0.020220 31.500000 36.299999 16.500000
-0.001709 -0.645020 0.785400 -0.014899 0.026606 0.019156 32.400002 37.200001 16.200001
-0.001953 -0.654053 0.785645 -0.019156 0.025541 0.017028 31.500000 35.700001 17.100000
0.003418 -0.651855 0.780762 -0.012771 0.022349 0.015963 31.799999 36.000000 17.400000
0.004395 -0.658691 0.792236 -0.019156 0.025541 0.019156 31.500000 36.900002 15.900000
-0.002441 -0.648438 0.790283 -0.013835 0.025541 0.017028 31.200001 37.200001 16.799999
-0.005859 -0.654785 0.785645 -0.010642 0.026606 0.015963 30.900000 36.299999 15.900000
-0.001465 -0.643799 0.796875 -0.015963 0.024477 0.019156 31.500000 36.299999 17.100000
-0.003418 -0.649902 0.781982 -0.017028 0.023413 0.013835 31.500000 36.900002 17.700001
-0.006836 -0.647705 0.784424 -0.009578 0.024477 0.018092 31.799999 36.000000 16.200001
0.001465 -0.650635 0.786621 -0.013835 0.022349 0.020220 33.000000 37.200001 15.600000
-0.005127 -0.655029 0.781494 -0.017028 0.026606 0.017028 31.799999 37.200001 16.799999
0.005127 -0.652100 0.792236 -0.015963 0.021284 0.019156 31.799999 36.000000 17.400000
-0.005371 -0.656250 0.786377 -0.015963 0.022349 0.017028 32.700001 38.099998 16.500000
-0.000244 -0.653809 0.798584 -0.015963 0.028734 0.018092 32.099998 37.500000 16.500000
-0.006104 -0.655762 0.791016 -0.012771 0.025541 0.020220 30.299999 37.500000 17.700001
-0.001709 -0.649414 0.793701 -0.014899 0.024477 0.018092 30.600000 35.400002 15.000000
0.001465 -0.658691 0.780273 -0.014899 0.025541 0.019156 30.900000 36.900002 17.700001
-0.003906 -0.653076 0.792969 -0.013835 0.022349 0.015963 31.799999 37.200001 17.400000
0.001465 -0.650879 0.786865 -0.015963 0.024477 0.018092 31.799999 36.599998 16.799999
-0.003906 -0.645020 0.796387 -0.014899 0.023413 0.020220 31.500000 36.299999 16.500000
0.003418 -0.656982 0.786377 -0.015963 0.025541 0.017028 33.299999 35.099998 15.900000
-0.003906 -0.652344 0.787842 -0.013835 0.024477 0.018092 31.799999 37.799999 17.400000
-0.002441 -0.653076 0.792969 -0.015963 0.024477 0.018092 30.299999 35.700001 17.100000
0.003662 -0.654297 0.785156 -0.017028 0.023413 0.018092 30.900000 38.099998 15.900000
-0.007080 -0.649170 0.782227 -0.015963 0.024477 0.018092 31.799999 37.200001 15.600000
-0.003906 -0.648193 0.790771 -0.017028 0.026606 0.015963 32.099998 36.299999 14.100000
-0.001465 -0.649658 0.787354 -0.015963 0.022349 0.018092 30.600000 36.599998 15.600000
-0.000488 -0.656494 0.794189 -0.017028 0.025541 0.019156 33.299999 37.500000 17.100000
-0.001709 -0.646484 0.788818 -0.018092 0.027670 0.019156 32.099998 37.500000 16.500000
-0.002930 -0.654541 0.787842 -0.012771 0.026606 0.017028 31.200001 36.599998 17.400000
-0.004395 -0.643555 0.784912 -0.015963 0.021284 0.018092 31.500000 35.099998 15.300000
-0.001465 -0.650391 0.785889 -0.015963 0.024477 0.019156 31.799999 37.799999 15.600000
0.003906 -0.650391 0.780762 -0.013835 0.024477 0.020220 30.900000 35.700001 15.900000
-0.003174 -0.657471 0.796387 -0.015963 0.024477 0.018092 32.400002 36.599998 17.400000
-0.003418 -0.647949 0.778320 -0.015963 0.026606 0.017028 32.400002 38.400002 14.400000
-0.003174 -0.653809 0.787842 -0.015963 0.026606 0.020220 32.700001 37.500000 16.500000
0.000732 -0.648438 0.790039 -0.015963 0.025541 0.017028 32.700001 33.900002 15.900000
-0.006592 -0.648438 0.794434 -0.017028 0.022349 0.019156 32.099998 36.900002 17.700001
-0.004883 -0.648682 0.790283 -0.014899 0.024477 0.020220 32.099998 35.700001 15.900000
-0.001953 -0.653320 0.791748 -0.015963 0.024477 0.015963 31.799999 37.200001 15.600000
-0.002441 -0.655518 0.793213 -0.013835 0.026606 0.017028 31.799999 36.000000 16.200001
-0.006348 -0.656982 0.790039 -0.014899 0.025541 0.019156 31.200001 37.200001 15.600000
-0.004395 -0.645020 0.784912 -0.015963 0.024477 0.018092 32.099998 36.299999 17.100000
-0.000244 -0.651611 0.783447 -0.013835 0.024477 0.014899 32.400002 36.000000 17.400000
0.001221 -0.655762 0.797363 -0.015963 0.024477 0.020220 32.400002 36.599998 15.600000
-0.001709 -0.655029 0.780518 -0.013835 0.025541 0.020220 32.700001 38.099998 15.900000
-0.000732 -0.650391 0.793213 -0.012771 0.025541 0.020220 31.500000 38.099998 17.700001
-0.003662 -0.651611 0.783203 -0.014899 0.025541 0.019156 30.900000 35.700001 15.900000
-0.009033 -0.651611 0.787842 -0.014899 0.025541 0.018092 32.700001 36.299999 17.100000
0.000732 -0.647461 0.787598 -0.013835 0.022349 0.019156 31.500000 36.299999 16.500000
-0.000244 -0.647461 0.785400 -0.015963 0.026606 0.018092 30.600000 35.400002 15.600000
-0.005371 -0.648926 0.791016 -0.015963 0.023413 0.017028 32.700001 36.299999 16.500000
-0.001709 -0.647949 0.780762 -0.012771 0.026606 0.021284 33.000000 36.599998 16.200001
-0.001221 -0.648193 0.798584 -0.015963 0.026606 0.018092 30.900000 36.299999 15.300000
0.000000 -0.651611 0.798584 -0.015963 0.025541 0.018092 30.900000 36.299999 15.300000
-0.004395 -0.655273 0.790283 -0.017028 0.025541 0.020220 32.400002 34.799999 16.799999
0.003174 -0.650635 0.794434 -0.013835 0.026606 0.018092 33.000000 36.599998 16.200001
-0.003174 -0.652344 0.790527 -0.018092 0.023413 0.019156 32.700001 37.500000 15.900000
-0.000732 -0.655762 0.785400 -0.011706 0.023413 0.018092 31.200001 37.200001 16.799999
0.000488 -0.656250 0.793701 -0.015963 0.024477 0.019156 32.099998 36.299999 15.900000
-0.005371 -0.654541 0.784180 -0.017028 0.025541 0.017028 33.000000 36.599998 16.799999
-0.005615 -0.645996 0.786133 -0.019156 0.024477 0.021284 33.299999 34.500000 16.500000
-0.002441 -0.657959 0.796631 -0.020220 0.025541 0.015963 31.500000 35.700001 16.500000
-0.000977 -0.649414 0.791260 -0.014899 0.026606 0.018092 32.700001 37.500000 17.100000
0.000244 -0.652832 0.791504 -0.014899 0.025541 0.019156 32.099998 35.700001 17.100000
-0.003418 -0.651611 0.789795 -0.013835 0.024477 0.019156 33.000000 37.200001 15.600000
-0.003662 -0.657227 0.792236 -0.015963 0.025541 0.017028 31.200001 37.799999 16.799999
-0.001709 -0.649414 0.786133 -0.012771 0.025541 0.014899 32.099998 36.900002 16.500000
0.001465 -0.645020 0.791504 -0.019156 0.025541 0.019156 32.700001 36.299999 16.500000
-0.000732 -0.650146 0.782227 -0.014899 0.023413 0.017028 31.799999 37.200001 15.000000
-0.000977 -0.646729 0.784424 -0.012771 0.024477 0.020220 30.299999 38.099998 15.900000
-0.001709 -0.647949 0.785156 -0.014899 0.023413 0.020220 30.600000 36.000000 16.200001
0.000244 -0.649170 0.788330 -0.012771 0.025541 0.018092 31.500000 35.700001 15.900000
0.001465 -0.649902 0.791992 -0.017028 0.020220 0.020220 30.299999 36.299999 15.300000
-0.001709 -0.648193 0.790527 -0.015963 0.025541 0.018092 33.000000 36.599998 16.799999
-0.006592 -0.655518 0.796143 -0.015963 0.023413 0.019156 31.799999 38.400002 16.200001
-0.008301 -0.645264 0.797607 -0.013835 0.026606 0.021284 33.000000 36.599998 18.000000
0.000732 -0.652344 0.792725 -0.014899 0.027670 0.018092 31.200001 36.599998 18.000000
0.000244 -0.647949 0.795410 -0.015963 0.023413 0.018092 32.700001 36.900002 15.900000
-0.001709 -0.650879 0.788330 -0.011706 0.026606 0.018092 30.600000 37.200001 16.200001
0.004150 -0.657715 0.792725 -0.013835 0.026606 0.018092 33.000000 36.000000 16.799999
-0.000732 -0.651855 0.784180 -0.012771 0.025541 0.018092 31.500000 36.299999 15.900000
-0.000732 -0.646973 0.789795 -0.015963 0.024477 0.015963 30.600000 35.400002 16.799999
-0.001709 -0.656738 0.785645 -0.010642 0.024477 0.019156 31.200001 36.000000 16.200001
0.002686 -0.654297 0.790771 -0.017028 0.024477 0.020220 33.000000 34.799999 16.799999
-0.003418 -0.646240 0.791504 -0.017028 0.025541 0.018092 31.200001 37.799999 16.200001
-0.006836 -0.656738 0.787354 -0.013835 0.026606 0.020220 32.099998 36.299999 15.900000
-0.009277 -0.647949 0.786621 -0.019156 0.022349 0.018092 30.900000 35.700001 16.500000
0.000000 -0.642578 0.799561 -0.013835 0.025541 0.015963 31.500000 36.900002 17.100000
0.003906 -0.662109 0.800049 -0.012771 0.026606 0.014899 30.900000 36.299999 16.500000
-0.005615 -0.646729 0.787598 -0.019156 0.025541 0.020220 31.200001 35.400002 16.200001
-0.000732 -0.656250 0.783691 -0.017028 0.024477 0.019156 30.299999 36.299999 16.500000
-0.004639 -0.647949 0.791260 -0.012771 0.025541 0.018092 31.799999 36.599998 17.400000
0.002197 -0.653564 0.779785 -0.019156 0.020220 0.020220 30.900000 36.299999 16.500000
-0.002197 -0.651123 0.794189 -0.014899 0.027670 0.018092 32.400002 37.200001 16.200001
-0.004150 -0.650146 0.789307 -0.014899 0.022349 0.018092 32.099998 37.500000 15.900000
-0.004150 -0.656250 0.786621 -0.015963 0.025541 0.019156 31.500000 35.700001 16.500000
-0.007080 -0.652588 0.785889 -0.015963 0.025541 0.018092 31.200001 36.000000 15.600000
-0.000732 -0.652100 0.792236 -0.014899 0.025541 0.017028 32.700001 36.900002 15.300000
0.003174 -0.652100 0.789307 -0.015963 0.026606 0.020220 33.599998 37.799999 16.200001
0.001465 -0.649902 0.787109 -0.012771 0.026606 0.019156 31.500000 37.500000 16.500000
0.001465 -0.654297 0.794434 -0.014899 0.027670 0.019156 31.799999 36.599998 15.600000
-0.009033 -0.657227 0.789795 -0.012771 0.025541 0.017028 29.700001 36.299999 17.700001
-0.002930 -0.650635 0.784668 -0.018092 0.026606 0.017028 32.099998 38.099998 17.700001
-0.004639 -0.650391 0.799072 -0.012771 0.025541 0.015963 30.600000 37.200001 16.799999
-0.003174 -0.649902 0.779541 -0.015963 0.025541 0.015963 32.400002 35.400002 16.200001
-0.006348 -0.653809 0.792969 -0.014899 0.025541 0.020220 32.700001 36.900002 15.900000
-0.003662 -0.651123 0.791992 -0.013835 0.025541 0.021284 30.299999 37.500000 17.700001
0.002930 -0.644287 0.791260 -0.014899 0.024477 0.020220 30.900000 36.900002 16.500000
0.003174 -0.647949 0.781006 -0.013835 0.025541 0.018092 30.900000 36.900002 14.700000
-0.003906 -0.644287 0.789062 -0.020220 0.025541 0.019156 32.400002 37.200001 15.600000
-0.002686 -0.642822 0.782715 -0.012771 0.024477 0.015963 32.700001 37.500000 15.300000
-0.002197 -0.655273 0.785889 -0.014899 0.026606 0.018092 32.099998 36.299999 17.100000
-0.001465 -0.660156 0.792725 -0.014899 0.024477 0.018092 31.799999 37.200001 16.799999
0.001221 -0.651367 0.785400 -0.014899 0.025541 0.020220 31.200001 36.599998 15.600000
0.002930 -0.648193 0.788574 -0.013835 0.022349 0.019156 31.799999 36.599998 16.799999
-0.001465 -0.654541 0.787354 -0.014899 0.022349 0.022349 31.799999 37.799999 16.200001
-0.003418 -0.651123 0.797119 -0.013835 0.023413 0.021284 31.500000 36.900002 16.500000
-0.001709 -0.650879 0.786865 -0.008514 0.022349 0.019156 32.099998 36.299999 15.900000
0.000000 -0.651855 0.793701 -0.014899 0.025541 0.022349 31.799999 37.799999 16.200001
0.002686 -0.652588 0.790527 -0.013835 0.024477 0.019156 32.099998 36.299999 15.900000
-0.000488 -0.657715 0.797607 -0.010642 0.024477 0.018092 32.400002 37.200001 17.400000
-0.000488 -0.651855 0.785645 -0.012771 0.024477 0.018092 30.299999 36.299999 15.300000
-0.000488 -0.648682 0.791992 -0.014899 0.023413 0.020220 31.200001 36.599998 16.200001
-0.003174 -0.653564 0.786621 -0.015963 0.025541 0.019156 31.500000 38.099998 18.299999
-0.001709 -0.650635 0.797363 -0.012771 0.024477 0.018092 30.600000 36.599998 17.400000
0.002197 -0.647461 0.788818 -0.014899 0.026606 0.018092 31.799999 36.000000 16.200001
0.003906 -0.650879 0.791992 -0.013835 0.021284 0.015963 30.900000 37.500000 16.500000
-0.007324 -0.651367 0.786865 -0.015963 0.026606 0.020220 31.500000 35.700001 15.900000
-0.003906 -0.647217 0.789795 -0.013835 0.023413 0.019156 32.400002 35.400002 15.000000
-0.004883 -0.656250 0.782715 -0.014899 0.022349 0.019156 31.799999 36.599998 16.799999
0.000000 -0.651123 0.788818 -0.018092 0.024477 0.019156 32.400002 37.200001 16.200001
-0.000977 -0.657471 0.778564 -0.011706 0.023413 0.015963 33.000000 37.200001 16.799999
0.000732 -0.654785 0.784424 -0.018092 0.025541 0.018092 32.099998 35.700001 17.700001
-0.000488 -0.649902 0.782227 -0.013835 0.024477 0.019156 32.700001 38.099998 17.100000
-0.001465 -0.649414 0.795166 -0.011706 0.025541 0.018092 30.900000 36.299999 16.500000
0.002686 -0.646240 0.786621 -0.019156 0.022349 0.015963 30.900000 36.299999 17.700001
-0.004150 -0.655273 0.788086 -0.014899 0.025541 0.013835 33.000000 36.000000 18.000000
-0.004395 -0.645264 0.791260 -0.017028 0.023413 0.019156 32.700001 37.500000 14.700000
-0.003662 -0.654297 0.800049 -0.015963 0.024477 0.018092 30.900000 37.500000 14.700000
-0.008545 -0.648682 0.781006 -0.013835 0.026606 0.018092 32.099998 36.900002 16.500000
-0.003418 -0.648438 0.795410 -0.015963 0.025541 0.019156 29.700001 36.299999 16.500000
-0.004395 -0.646729 0.787598 -0.010642 0.025541 0.019156 32.700001 36.299999 15.900000
-0.004883 -0.646729 0.783936 -0.018092 0.026606 0.014899 32.099998 35.099998 15.300000
-0.004150 -0.655273 0.793213 -0.013835 0.025541 0.019156 30.600000 37.200001 15.600000
-0.001709 -0.647949 0.787354 -0.012771 0.027670 0.018092 30.600000 36.000000 15.600000
-0.003418 -0.650391 0.787598 -0.015963 0.025541 0.023413 30.900000 35.700001 16.500000
-0.006592 -0.656494 0.785156 -0.015963 0.026606 0.018092 31.799999 36.599998 16.200001
0.000000 -0.647705 0.789062 -0.012771 0.023413 0.018092 31.200001 36.599998 16.200001
-0.001221 -0.654785 0.785889 -0.013835 0.026606 0.020220 32.099998 37.500000 17.100000
-0.003418 -0.651367 0.798096 -0.017028 0.023413 0.017028 33.299999 36.900002 15.300000
-0.006104 -0.650635 0.787109 -0.013835 0.024477 0.018092 30.299999 36.299999 17.100000
-0.005615 -0.648926 0.793213 -0.015963 0.022349 0.019156 30.299999 36.299999 16.500000
-0.000488 -0.652832 0.790771 -0.013835 0.025541 0.020220 30.900000 35.700001 15.900000
-0.003662 -0.649902 0.781250 -0.014899 0.025541 0.018092 31.500000 36.299999 15.900000
-0.002930 -0.655273 0.794189 -0.017028 0.024477 0.017028 32.700001 36.900002 15.900000
-0.006836 -0.653809 0.782959 -0.019156 0.023413 0.018092 32.099998 35.700001 15.300000
-0.000244 -0.653564 0.785645 -0.014899 0.021284 0.020220 32.099998 36.900002 16.500000
0.000244 -0.651611 0.785645 -0.014899 0.025541 0.018092 31.500000 35.700001 15.300000
-0.002441 -0.651611 0.782471 -0.014899 0.026606 0.022349 30.600000 38.400002 16.200001
-0.003418 -0.646484 0.776611 -0.014899 0.024477 0.019156 32.400002 36.599998 16.200001
0.001221 -0.650146 0.786621 -0.014899 0.026606 0.020220 32.400002 37.200001 16.799999
0.000244 -0.650879 0.787842 -0.017028 0.026606 0.015963 31.200001 36.599998 15.600000
-0.001709 -0.649414 0.802734 -0.017028 0.024477 0.020220 32.400002 37.200001 16.200001
0.000488 -0.651367 0.790527 -0.014899 0.025541 0.017028 31.799999 36.000000 16.799999
-0.003418 -0.652588 0.790527 -0.015963 0.022349 0.018092 30.900000 35.099998 15.900000
-0.000488 -0.655273 0.790771 -0.015963 0.024477 0.018092 32.700001 36.299999 17.100000
-0.000977 -0.652832 0.784180 -0.012771 0.022349 0.018092 30.299999 36.900002 17.100000
-0.002441 -0.657715 0.789795 -0.011706 0.023413 0.018092 32.700001 35.700001 17.100000
-0.002441 -0.652588 0.790771 -0.014899 0.025541 0.019156 32.700001 36.900002 17.100000
-0.001465 -0.656494 0.784424 -0.011706 0.022349 0.014899 30.900000 36.900002 17.100000
0.000000 -0.650391 0.784668 -0.012771 0.022349 0.020220 31.500000 36.299999 17.100000
0.003662 -0.651855 0.788330 -0.015963 0.025541 0.019156 33.900002 36.299999 15.900000
-0.003174 -0.651611 0.790039 -0.015963 0.024477 0.017028 30.000000 34.799999 16.200001
-0.005615 -0.652832 0.787109 -0.014899 0.027670 0.014899 31.799999 35.400002 16.799999
-0.003418 -0.655029 0.787354 -0.011706 0.023413 0.017028 33.000000 36.000000 16.200001
-0.001221 -0.651123 0.796631 -0.015963 0.024477 0.019156 31.799999 36.599998 15.600000
-0.001709 -0.654053 0.792725 -0.014899 0.024477 0.015963 31.799999 36.599998 17.400000
-0.004150 -0.648193 0.799561 -0.010642 0.022349 0.014899 31.799999 36.000000 17.400000
-0.000732 -0.645752 0.794189 -0.018092 0.025541 0.019156 30.900000 35.700001 16.500000
0.007324 -0.655762 0.787842 -0.018092 0.024477 0.019156 32.400002 36.599998 15.000000
0.002686 -0.653076 0.790283 -0.012771 0.025541 0.020220 31.200001 37.200001 16.799999
-0.001953 -0.659668 0.798584 -0.011706 0.025541 0.018092 30.600000 37.200001 15.600000
-0.004883 -0.647949 0.802002 -0.015963 0.024477 0.017028 30.900000 38.099998 16.500000
-0.000977 -0.654297 0.782715 -0.014899 0.025541 0.018092 33.000000 36.000000 15.600000
-0.006836 -0.656494 0.788330 -0.013835 0.025541 0.017028 32.400002 36.000000 16.200001
-0.003662 -0.655762 0.797607 -0.018092 0.023413 0.020220 33.299999 36.299999 16.500000
-0.005371 -0.651123 0.784912 -0.010642 0.025541 0.022349 34.500000 35.099998 15.300000
-0.005371 -0.644043 0.799316 -0.015963 0.024477 0.015963 31.200001 34.799999 16.200001
-0.002441 -0.652100 0.798584 -0.014899 0.025541 0.017028 33.599998 35.400002 16.799999
0.001465 -0.649902 0.795654 -0.013835 0.021284 0.019156 32.099998 35.700001 16.500000
-0.001465 -0.655518 0.781494 -0.011706 0.025541 0.019156 31.500000 38.099998 15.300000
-0.006836 -0.651367 0.783691 -0.014899 0.028734 0.020220 32.700001 36.299999 16.500000
-0.003174 -0.648682 0.793213 -0.012771 0.025541 0.020220 33.000000 37.200001 16.200001
0.002441 -0.658936 0.787842 -0.013835 0.026606 0.014899 31.799999 37.200001 15.600000
-0.004150 -0.650635 0.793213 -0.014899 0.022349 0.020220 31.500000 36.299999 17.100000
-0.006592 -0.648682 0.787354 -0.014899 0.027670 0.020220 31.799999 35.400002 15.600000
