0.000000 0.000000 141379449460611899981824.000000 0.000000 0.000000 0.000000 0.000000 -665782058692405735581045148599975936.000000 52403411374571520.000000
-0.026123 -0.994629 -0.043213 -0.014899 0.020220 0.015963 32.099998 47.099998 53.099998
-0.023926 -0.998779 -0.040771 -0.010642 0.024477 0.022349 32.700001 47.700001 52.500000
-0.021973 -1.002441 -0.042969 -0.017028 0.020220 0.020220 32.400002 47.400002 53.400002
-0.022949 -0.998291 -0.047119 -0.015963 0.020220 0.015963 32.400002 48.000000 52.200001
-0.024414 -1.006836 -0.032471 -0.015963 0.022349 0.019156 31.200001 46.200001 52.799999
-0.025879 -1.004639 -0.046387 -0.015963 0.020220 0.021284 31.500000 47.099998 52.500000
-0.026611 -1.001953 -0.036621 -0.017028 0.018092 0.017028 32.700001 47.099998 52.500000
-0.024658 -1.003906 -0.047852 -0.017028 0.020220 0.020220 32.400002 46.799999 52.200001
-0.020508 -1.002441 -0.040771 -0.015963 0.022349 0.019156 31.500000 48.299999 53.099998
-0.024658 -1.005127 -0.040039 -0.015963 0.021284 0.017028 32.700001 45.900002 53.099998
-0.028076 -1.003418 -0.046143 -0.014899 0.019156 0.019156 33.000000 45.599998 54.000000
-0.020752 -1.006104 -0.041504 -0.015963 0.020220 0.019156 31.500000 45.299999 51.299999
-0.025391 -1.001465 -0.038818 -0.014899 0.023413 0.020220 32.400002 46.799999 54.599998
-0.025391 -1.009521 -0.031006 -0.017028 0.019156 0.018092 33.000000 44.400002 52.799999
-0.023926 -0.998779 -0.040771 -0.013835 0.023413 0.021284 31.799999 47.400002 52.799999
-0.025635 -0.999023 -0.042480 -0.013835 0.020220 0.018092 32.400002 46.799999 54.000000
-0.025391 -1.004639 -0.044922 -0.014899 0.020220 0.019156 31.200001 48.000000 54.000000
-0.025391 -1.007080 -0.051270 -0.015963 0.023413 0.020220 32.099998 47.099998 53.099998
-0.032715 -1.010254 -0.044434 -0.017028 0.020220 0.018092 32.099998 45.299999 53.700001
-0.028076 -1.004150 -0.039062 -0.013835 0.019156 0.017028 31.200001 46.200001 52.799999
-0.024902 -1.006836 -0.033203 -0.013835 0.021284 0.018092 32.400002 46.200001 54.000000
-0.025391 -1.002686 -0.042725 -0.013835 0.019156 0.019156 32.400002 47.400002 52.200001
-0.024658 -1.008545 -0.041016 -0.015963 0.020220 0.017028 32.700001 45.900002 52.500000
-0.027832 -1.003662 -0.049316 -0.015963 0.022349 0.018092 32.099998 46.500000 52.500000
-0.020752 -1.000732 -0.042236 -0.013835 0.023413 0.018092 32.099998 46.500000 52.500000
-0.025391 -1.003174 -0.036621 -0.014899 0.023413 0.019156 31.200001 46.799999 53.400002
-0.023926 -1.009521 -0.038086 -0.015963 0.021284 0.015963 32.700001 46.500000 54.299999
-0.020264 -1.002197 -0.038574 -0.017028 0.020220 0.017028 32.400002 47.400002 53.400002
-0.021240 -1.005127 -0.046143 -0.017028 0.019156 0.020220 31.799999 45.599998 53.400002
-0.026123 -0.999756 -0.036377 -0.017028 0.019156 0.017028 33.000000 46.200001 52.200001
-0.022949 -1.003174 -0.039795 -0.014899 0.022349 0.020220 32.700001 47.099998 53.700001
-0.027344 -1.009277 -0.032715 -0.013835 0.020220 0.020220 32.400002 48.599998 51.000000
-0.022949 -1.001953 -0.044678 -0.018092 0.021284 0.018092 32.700001 48.299999 53.099998
-0.025146 -1.005859 -0.044922 -0.017028 0.022349 0.020220 30.600000 47.400002 51.000000
-0.025146 -1.005859 -0.041992 -0.011706 0.019156 0.015963 33.299999 47.099998 53.099998
-0.022705 -1.006348 -0.038574 -0.011706 0.019156 0.018092 31.799999 48.000000 53.400002
-0.026855 -1.002930 -0.045898 -0.009578 0.022349 0.018092 31.200001 46.799999 52.799999
-0.027832 -1.002930 -0.043701 -0.019156 0.023413 0.017028 32.099998 47.099998 51.900002
-0.024414 -1.007324 -0.049072 -0.015963 0.020220 0.018092 32.099998 45.900002 53.700001
-0.021729 -1.011230 -0.033203 -0.012771 0.020220 0.017028 31.200001 45.599998 52.200001
-0.019287 -1.002930 -0.041260 -0.017028 0.020220 0.020220 32.099998 49.500000 52.500000
-0.020508 -1.005371 -0.037842 -0.014899 0.021284 0.019156 32.400002 47.400002 52.200001
-0.027100 -1.005859 -0.043457 -0.017028 0.023413 0.020220 31.799999 46.799999 54.000000
-0.022217 -1.007080 -0.047607 -0.015963 0.023413 0.018092 31.500000 47.099998 53.700001
-0.025391 -1.004395 -0.036621 -0.017028 0.022349 0.019156 31.200001 45.599998 52.799999
-0.027100 -1.008301 -0.040283 -0.014899 0.023413 0.017028 32.400002 47.400002 54.000000
-0.023926 -1.004883 -0.037842 -0.015963 0.020220 0.018092 31.799999 46.799999 54.000000
-0.019775 -1.004395 -0.043457 -0.014899 0.021284 0.021284 33.000000 45.599998 53.400002
-0.017578 -1.002197 -0.037598 -0.015963 0.020220 0.020220 32.400002 46.200001 53.400002
-0.026367 -1.004883 -0.047607 -0.014899 0.021284 0.017028 32.400002 46.200001 51.599998
-0.026611 -0.998047 -0.040039 -0.015963 0.019156 0.017028 33.000000 45.599998 52.799999
-0.037109 -1.001953 -0.032959 -0.014899 0.017028 0.020220 31.500000 46.500000 54.299999
-0.023438 -1.004395 -0.034424 -0.017028 0.021284 0.017028 31.799999 48.599998 53.400002
-0.020508 -1.005615 -0.041992 -0.014899 0.019156 0.019156 31.500000 45.900002 53.099998
-0.021729 -1.000244 -0.042725 -0.013835 0.020220 0.020220 32.099998 45.299999 53.099998
-0.022705 -1.004639 -0.037598 -0.019156 0.021284 0.020220 32.700001 46.500000 54.299999
-0.016846 -1.002686 -0.045166 -0.014899 0.022349 0.021284 31.799999 46.799999 53.400002
-0.021973 -1.003174 -0.037842 -0.015963 0.021284 0.020220 32.700001 48.299999 53.099998
-0.021484 -1.001465 -0.038086 -0.017028 0.022349 0.017028 32.099998 46.500000 54.299999
-0.031738 -1.000732 -0.038086 -0.017028 0.021284 0.020220 32.700001 46.500000 53.700001
-0.027100 -1.008789 -0.042480 -0.014899 0.022349 0.018092 33.000000 47.400002 54.599998
-0.029541 -1.006104 -0.034180 -0.018092 0.023413 0.018092 32.700001 46.500000 53.700001
-0.020752 -1.000000 -0.040039 -0.017028 0.021284 0.018092 32.400002 46.200001 52.799999
-0.025391 -1.005615 -0.027588 -0.015963 0.020220 0.017028 31.500000 46.500000 54.900002
-0.019775 -0.998535 -0.041748 -0.015963 0.023413 0.019156 31.799999 45.599998 52.799999
-0.024902 -1.000244 -0.036133 -0.018092 0.022349 0.020220 31.799999 46.200001 52.799999
-0.025146 -1.007080 -0.050049 -0.015963 0.018092 0.018092 32.400002 46.200001 54.000000
-0.021729 -1.006104 -0.042480 -0.017028 0.020220 0.018092 31.799999 46.799999 51.599998
-0.022461 -1.007324 -0.036865 -0.017028 0.020220 0.017028 32.700001 47.099998 54.299999
-0.022217 -1.004639 -0.033691 -0.014899 0.019156 0.018092 32.099998 47.700001 51.299999
-0.027588 -1.008057 -0.042969 -0.017028 0.020220 0.015963 31.500000 47.700001 53.700001
-0.022461 -1.004395 -0.035645 -0.013835 0.021284 0.017028 30.900000 47.099998 51.900002
-0.019531 -0.998779 -0.039795 -0.015963 0.019156 0.017028 32.400002 46.200001 53.400002
-0.019775 -1.006348 -0.039307 -0.013835 0.021284 0.020220 32.700001 46.500000 51.299999
-0.024170 -1.005127 -0.035645 -0.013835 0.022349 0.015963 33.299999 46.500000 51.900002
-0.023438 -1.002197 -0.042236 -0.014899 0.019156 0.021284 31.799999 46.799999 53.400002
-0.025391 -1.006104 -0.039307 -0.015963 0.021284 0.018092 32.099998 47.700001 53.700001
-0.025146 -1.004150 -0.038330 -0.017028 0.019156 0.017028 33.000000 46.799999 54.000000
-0.023193 -1.003174 -0.039795 -0.018092 0.018092 0.020220 33.599998 46.799999 53.400002
-0.025635 -1.006592 -0.034912 -0.019156 0.020220 0.020220 31.500000 47.099998 54.900002
-0.022217 -1.003906 -0.044678 -0.014899 0.020220 0.017028 31.200001 46.799999 53.400002
-0.025146 -1.003174 -0.039062 -0.014899 0.014899 0.018092 32.099998 47.099998 53.099998
-0.022705 -1.006104 -0.040039 -0.013835 0.018092 0.015963 31.200001 46.200001 51.599998
-0.021484 -1.004639 -0.040771 -0.015963 0.019156 0.019156 30.600000 45.599998 53.400002
-0.021240 -1.003418 -0.039062 -0.015963 0.020220 0.018092 31.799999 45.599998 54.000000
-0.024414 -1.004150 -0.036621 -0.018092 0.020220 0.020220 31.500000 45.299999 53.700001
-0.023438 -1.004639 -0.044189 -0.013835 0.023413 0.020220 31.200001 46.799999 54.000000
-0.020508 -1.003662 -0.030273 -0.015963 0.020220 0.018092 31.799999 45.599998 52.799999
-0.029785 -1.004883 -0.039795 -0.014899 0.020220 0.020220 32.099998 46.500000 53.700001
-0.023926 -1.007812 -0.043945 -0.012771 0.022349 0.018092 32.099998 46.500000 52.500000
-0.030518 -1.002686 -0.036621 -0.015963 0.023413 0.019156 30.299999 46.500000 54.900002
-0.020996 -1.001221 -0.038574 -0.013835 0.019156 0.017028 30.600000 45.599998 53.400002
-0.024902 -0.998779 -0.040527 -0.014899 0.015963 0.017028 33.000000 47.400002 54.000000
-0.015137 -1.002441 -0.037109 -0.017028 0.021284 0.018092 30.900000 46.500000 52.500000
-0.022217 -0.995117 -0.044922 -0.011706 0.022349 0.019156 34.200001 48.000000 53.400002
-0.018799 -1.000488 -0.042236 -0.014899 0.022349 0.015963 32.099998 47.099998 53.700001
-0.025879 -1.005859 -0.041016 -0.017028 0.020220 0.021284 32.700001 45.900002 52.500000
-0.022461 -1.010742 -0.038330 -0.015963 0.020220 0.020220 32.700001 47.099998 53.700001
-0.028564 -1.005371 -0.034424 -0.015963 0.020220 0.021284 30.299999 47.099998 53.700001
-0.022217 -0.996338 -0.034180 -0.015963 0.023413 0.018092 32.099998 46.500000 53.700001
-0.029541 -1.005859 -0.039551 -0.014899 0.023413 0.020220 31.500000 45.299999 53.099998
-0.021729 -1.003174 -0.035156 -0.019156 0.022349 0.017028 31.500000 46.500000 54.900002
-0.025391 -1.002441 -0.036621 -0.013835 0.020220 0.019156 34.200001 46.200001 53.400002
-0.020752 -1.005371 -0.043213 -0.013835 0.021284 0.014899 30.900000 45.900002 52.500000
-0.024658 -1.005127 -0.039062 -0.017028 0.018092 0.021284 32.400002 47.400002 54.000000
-0.026367 -1.003174 -0.047852 -0.019156 0.020220 0.019156 30.900000 45.299999 53.700001
-0.027100 -1.000000 -0.050781 -0.012771 0.020220 0.017028 30.600000 46.200001 53.400002
-0.024658 -1.009277 -0.046143 -0.017028 0.021284 0.019156 31.799999 48.000000 52.799999
-0.020752 -1.003418 -0.041748 -0.015963 0.021284 0.018092 32.099998 47.099998 54.299999
-0.022705 -1.008057 -0.043701 -0.015963 0.021284 0.018092 32.099998 46.500000 53.099998
-0.021729 -1.003174 -0.038330 -0.013835 0.021284 0.019156 30.900000 46.500000 52.500000
-0.023682 -1.001221 -0.032959 -0.017028 0.019156 0.017028 31.500000 47.099998 52.500000
-0.023193 -0.996094 -0.039307 -0.018092 0.022349 0.017028 33.299999 46.500000 52.500000
-0.018555 -1.007324 -0.039551 -0.015963 0.020220 0.020220 30.600000 46.799999 51.599998
-0.021973 -1.008301 -0.037598 -0.014899 0.020220 0.020220 32.400002 45.599998 54.599998
-0.022217 -1.005127 -0.045410 -0.013835 0.021284 0.019156 32.099998 47.099998 53.099998
-0.021973 -1.003174 -0.044922 -0.015963 0.021284 0.019156 32.099998 48.299999 52.500000
-0.028809 -1.013916 -0.041992 -0.018092 0.020220 0.014899 32.700001 47.099998 53.700001
-0.022949 -1.003662 -0.038330 -0.013835 0.022349 0.019156 32.700001 45.900002 52.500000
-0.024658 -1.006104 -0.045166 -0.013835 0.019156 0.019156 30.600000 47.400002 52.200001
-0.022949 -1.011719 -0.042480 -0.014899 0.022349 0.021284 31.200001 46.200001 53.400002
-0.022705 -1.003662 -0.038330 -0.017028 0.022349 0.019156 31.799999 45.599998 52.799999
-0.022949 -1.001709 -0.039795 -0.017028 0.024477 0.020220 31.799999 48.000000 53.400002
-0.023438 -1.005615 -0.044678 -0.017028 0.022349 0.021284 30.299999 47.700001 53.099998
-0.029541 -1.006348 -0.045654 -0.017028 0.019156 0.019156 32.700001 45.900002 53.700001
-0.020996 -1.009277 -0.043945 -0.015963 0.020220 0.018092 31.500000 47.099998 52.500000
-0.026855 -1.007568 -0.046875 -0.013835 0.019156 0.019156 31.799999 47.400002 54.000000
-0.020020 -1.012939 -0.039062 -0.018092 0.018092 0.018092 31.799999 48.000000 53.400002
-0.019775 -0.997070 -0.044922 -0.017028 0.019156 0.018092 33.000000 47.400002 54.000000
-0.022461 -1.002686 -0.041260 -0.013835 0.020220 0.018092 31.500000 48.299999 51.900002
-0.021973 -1.008545 -0.046875 -0.014899 0.020220 0.019156 32.700001 48.299999 52.500000
-0.021729 -1.004395 -0.043945 -0.014899 0.022349 0.022349 31.799999 46.799999 52.799999
-0.033203 -1.005371 -0.047607 -0.009578 0.023413 0.019156 33.000000 46.200001 51.599998
-0.022949 -1.004395 -0.039307 -0.012771 0.020220 0.020220 30.900000 47.099998 54.900002
-0.020264 -1.000732 -0.043457 -0.015963 0.022349 0.019156 33.299999 46.500000 53.099998
-0.023438 -1.008057 -0.045898 -0.017028 0.019156 0.019156 32.700001 45.900002 53.099998
-0.029053 -0.995605 -0.035889 -0.012771 0.020220 0.020220 32.099998 47.099998 53.099998
-0.029785 -0.997803 -0.031982 -0.013835 0.021284 0.019156 31.500000 48.299999 52.500000
-0.022217 -1.007812 -0.049072 -0.012771 0.019156 0.019156 31.500000 47.700001 53.700001
-0.017090 -1.002441 -0.039795 -0.013835 0.020220 0.019156 31.799999 46.200001 54.000000
-0.029785 -1.001465 -0.040039 -0.015963 0.020220 0.015963 32.099998 47.099998 54.299999
-0.024414 -1.002197 -0.037598 -0.017028 0.020220 0.019156 30.600000 48.000000 53.400002
-0.021240 -1.007812 -0.042969 -0.013835 0.020220 0.018092 30.600000 46.799999 52.200001
-0.024658 -1.007568 -0.042236 -0.013835 0.019156 0.017028 32.700001 47.099998 53.099998
-0.022217 -1.002197 -0.044922 -0.015963 0.019156 0.018092 33.299999 46.500000 51.900002
-0.022217 -1.007568 -0.043701 -0.013835 0.019156 0.017028 30.600000 48.599998 52.799999
-0.024902 -1.003174 -0.041992 -0.019156 0.020220 0.017028 32.099998 46.500000 53.099998
-0.022461 -1.005615 -0.039062 -0.015963 0.022349 0.018092 32.400002 46.200001 51.599998
-0.020508 -1.003174 -0.039062 -0.009578 0.020220 0.019156 32.099998 44.700001 52.500000
-0.020020 -1.010986 -0.045898 -0.017028 0.023413 0.019156 33.299999 45.900002 53.099998
-0.018799 -1.003174 -0.036865 -0.015963 0.021284 0.019156 32.099998 46.500000 53.700001
-0.023438 -0.999268 -0.040039 -0.014899 0.020220 0.017028 32.099998 46.500000 53.099998
-0.027344 -1.008301 -0.051270 -0.012771 0.021284 0.014899 32.099998 45.900002 51.299999
-0.020752 -1.002441 -0.036133 -0.015963 0.020220 0.015963 31.799999 45.599998 51.599998
-0.025146 -1.002686 -0.044189 -0.015963 0.020220 0.018092 30.299999 47.099998 53.700001
-0.023193 -1.011475 -0.039307 -0.014899 0.019156 0.020220 31.500000 47.700001 52.500000
-0.022949 -1.004150 -0.037598 -0.018092 0.017028 0.018092 32.700001 47.700001 53.700001
-0.033447 -0.997803 -0.047363 -0.015963 0.020220 0.022349 31.500000 47.700001 53.099998
-0.028809 -0.998047 -0.044678 -0.015963 0.020220 0.018092 32.400002 46.799999 52.799999
-0.021484 -1.005615 -0.043457 -0.017028 0.023413 0.017028 32.099998 45.299999 53.099998
-0.024902 -1.006592 -0.042969 -0.015963 0.020220 0.018092 33.299999 45.900002 54.299999
-0.020508 -1.008057 -0.040527 -0.012771 0.021284 0.021284 32.400002 47.400002 52.799999
-0.021729 -1.005859 -0.049072 -0.017028 0.019156 0.019156 30.000000 48.000000 53.400002
-0.028809 -1.000244 -0.040527 -0.013835 0.020220 0.017028 31.200001 46.799999 52.200001
-0.022705 -1.002930 -0.043701 -0.017028 0.021284 0.019156 30.600000 47.400002 52.200001
-0.020996 -1.000732 -0.043457 -0.012771 0.021284 0.019156 30.900000 45.900002 53.099998
-0.027588 -1.002197 -0.037842 -0.018092 0.025541 0.020220 31.500000 45.299999 51.900002
-0.022705 -1.009766 -0.041016 -0.018092 0.020220 0.017028 32.700001 47.099998 53.099998
-0.028320 -1.006592 -0.031006 -0.015963 0.020220 0.015963 31.500000 47.700001 52.500000
-0.021484 -1.001953 -0.041260 -0.013835 0.019156 0.019156 31.799999 47.400002 54.000000
-0.021973 -1.006104 -0.045166 -0.017028 0.019156 0.015963 31.799999 47.400002 54.000000
-0.025146 -0.999756 -0.038818 -0.017028 0.021284 0.021284 31.799999 46.799999 52.799999
-0.020264 -1.008057 -0.041016 -0.013835 0.021284 0.019156 31.200001 46.200001 52.799999
-0.020264 -0.997559 -0.039307 -0.015963 0.019156 0.020220 30.600000 47.400002 52.799999
-0.027588 -1.009766 -0.039062 -0.015963 0.017028 0.019156 31.200001 46.200001 53.400002
-0.021240 -1.005127 -0.033203 -0.017028 0.021284 0.014899 31.500000 46.500000 53.700001
-0.025391 -1.003662 -0.043213 -0.014899 0.019156 0.021284 31.200001 46.799999 53.400002
-0.023926 -1.010010 -0.037354 -0.013835 0.023413 0.019156 32.099998 47.099998 53.700001
-0.021240 -1.006836 -0.048340 -0.014899 0.018092 0.020220 32.700001 46.500000 52.500000
-0.020752 -1.003174 -0.049316 -0.015963 0.019156 0.018092 31.500000 45.900002 53.700001
-0.024902 -0.998535 -0.044678 -0.015963 0.023413 0.022349 31.799999 46.200001 53.400002
-0.030762 -1.004883 -0.039795 -0.018092 0.023413 0.020220 32.700001 48.299999 53.099998
-0.027100 -1.004150 -0.041016 -0.013835 0.019156 0.017028 33.599998 46.200001 53.400002
-0.026855 -1.004639 -0.043701 -0.013835 0.023413 0.019156 33.000000 46.799999 52.200001
-0.023926 -1.000488 -0.047607 -0.013835 0.019156 0.020220 31.799999 46.200001 52.799999
-0.028809 -1.006592 -0.037109 -0.019156 0.020220 0.018092 32.099998 47.099998 53.700001
-0.019043 -1.005371 -0.036865 -0.011706 0.019156 0.017028 31.200001 46.200001 52.200001
-0.027100 -1.002930 -0.050537 -0.017028 0.021284 0.018092 31.500000 45.900002 52.500000
-0.024414 -1.009033 -0.039795 -0.015963 0.021284 0.015963 31.799999 48.599998 54.000000
-0.025635 -1.001465 -0.030518 -0.014899 0.020220 0.018092 32.700001 45.900002 53.099998
-0.028564 -1.000000 -0.045898 -0.015963 0.020220 0.018092 30.900000 46.500000 53.700001
-0.027100 -1.006592 -0.043701 -0.015963 0.022349 0.019156 32.700001 45.900002 54.900002
-0.016113 -1.000488 -0.043213 -0.012771 0.021284 0.020220 31.799999 45.599998 52.200001
-0.022705 -1.002930 -0.039062 -0.014899 0.020220 0.020220 30.600000 47.400002 54.599998
-0.019531 -1.004639 -0.036133 -0.018092 0.022349 0.019156 32.099998 45.900002 51.900002
-0.027832 -0.998291 -0.038818 -0.018092 0.020220 0.017028 31.200001 46.799999 52.200001
-0.019287 -1.001953 -0.044434 -0.013835 0.023413 0.018092 33.000000 46.799999 52.799999
-0.024658 -1.002686 -0.030518 -0.018092 0.021284 0.021284 32.700001 46.500000 52.500000
-0.022217 -1.006104 -0.046387 -0.015963 0.020220 0.020220 33.599998 46.799999 53.400002
-0.022949 -0.997559 -0.038086 -0.019156 0.018092 0.019156 33.299999 44.700001 53.099998
-0.025635 -1.002441 -0.051270 -0.017028 0.020220 0.020220 32.700001 47.099998 53.099998
-0.018066 -1.004639 -0.044922 -0.018092 0.022349 0.017028 31.799999 46.200001 52.799999
-0.027588 -1.001221 -0.047119 -0.014899 0.020220 0.019156 32.700001 47.099998 52.500000
-0.027100 -0.994385 -0.043701 -0.014899 0.022349 0.018092 32.400002 46.200001 52.799999
-0.020020 -1.003174 -0.037354 -0.015963 0.021284 0.018092 32.400002 47.400002 52.200001
-0.025391 -1.003906 -0.040527 -0.015963 0.020220 0.018092 32.099998 47.700001 52.500000
-0.022705 -1.003662 -0.049805 -0.013835 0.020220 0.021284 33.000000 46.200001 52.799999
-0.016357 -1.013184 -0.042236 -0.017028 0.023413 0.017028 30.900000 47.099998 52.500000
-0.023682 -1.005615 -0.036865 -0.014899 0.020220 0.017028 32.400002 46.200001 53.400002
-0.027100 -1.005127 -0.046631 -0.015963 0.021284 0.019156 34.200001 48.000000 52.200001
-0.026611 -0.999268 -0.037598 -0.013835 0.021284 0.021284 33.000000 46.799999 52.200001
-0.017822 -1.006104 -0.041992 -0.017028 0.019156 0.020220 32.400002 47.400002 54.599998
-0.023438 -1.004150 -0.044922 -0.017028 0.022349 0.018092 33.000000 46.799999 54.599998
-0.026367 -1.000488 -0.043213 -0.014899 0.021284 0.018092 33.599998 46.799999 54.000000
-0.025146 -0.999023 -0.039795 -0.015963 0.018092 0.019156 32.400002 45.599998 52.799999
-0.024170 -1.004395 -0.047363 -0.018092 0.019156 0.019156 30.600000 47.400002 51.599998
-0.020264 -1.005371 -0.041016 -0.017028 0.022349 0.017028 31.799999 47.400002 54.000000
-0.017822 -1.000244 -0.039307 -0.013835 0.021284 0.018092 31.200001 45.000000 51.599998
-0.021729 -0.998535 -0.046143 -0.011706 0.021284 0.020220 31.200001 47.400002 53.400002
-0.020752 -1.001465 -0.037842 -0.017028 0.020220 0.015963 32.099998 47.700001 54.299999
-0.025879 -1.001221 -0.036621 -0.010642 0.020220 0.019156 32.700001 46.500000 50.700001
-0.021484 -1.007080 -0.041504 -0.018092 0.021284 0.017028 33.299999 47.099998 52.500000
-0.021973 -1.006104 -0.030273 -0.019156 0.021284 0.021284 30.000000 46.200001 52.200001
-0.023926 -1.011230 -0.031250 -0.015963 0.020220 0.018092 30.900000 45.900002 53.099998
-0.016846 -0.996582 -0.038574 -0.017028 0.021284 0.020220 30.299999 45.900002 53.099998
-0.023193 -1.006592 -0.038086 -0.018092 0.021284 0.018092 30.900000 46.500000 53.099998
-0.025879 -0.996582 -0.035400 -0.014899 0.020220 0.019156 31.799999 47.400002 52.200001
-0.021484 -1.006592 -0.046143 -0.013835 0.020220 0.019156 33.000000 46.200001 54.000000
-0.023682 -1.002197 -0.044434 -0.015963 0.020220 0.014899 32.099998 47.700001 52.500000
-0.025635 -1.005371 -0.043457 -0.017028 0.020220 0.017028 33.599998 47.400002 52.200001
-0.027100 -1.010010 -0.032471 -0.015963 0.021284 0.017028 32.400002 46.799999 53.400002
-0.019531 -1.000732 -0.037842 -0.018092 0.017028 0.015963 32.400002 47.400002 52.799999
-0.018799 -1.000488 -0.038330 -0.015963 0.021284 0.018092 31.500000 47.099998 53.700001
-0.020752 -0.999756 -0.044434 -0.018092 0.021284 0.015963 30.600000 46.799999 53.400002
-0.025635 -0.999512 -0.045410 -0.012771 0.022349 0.017028 33.000000 45.599998 54.000000
-0.027100 -1.006592 -0.041504 -0.017028 0.022349 0.018092 31.799999 46.200001 52.799999
-0.025635 -0.998047 -0.033691 -0.017028 0.020220 0.019156 32.400002 45.599998 53.400002
-0.024170 -1.006592 -0.047607 -0.015963 0.019156 0.019156 31.200001 46.200001 53.400002
-0.020020 -1.000244 -0.044189 -0.014899 0.022349 0.018092 32.700001 46.500000 51.900002
-0.022217 -1.006104 -0.044434 -0.014899 0.021284 0.019156 30.900000 47.099998 54.299999
-0.025391 -1.000244 -0.036133 -0.014899 0.017028 0.019156 31.799999 46.200001 52.200001
-0.020996 -0.999756 -0.044678 -0.014899 0.022349 0.015963 33.000000 47.400002 52.200001
-0.021973 -1.004883 -0.046143 -0.011706 0.019156 0.018092 33.000000 46.799999 52.200001
-0.020264 -1.002930 -0.042725 -0.013835 0.020220 0.017028 32.700001 48.299999 53.700001
-0.026611 -1.000244 -0.046387 -0.017028 0.021284 0.017028 32.099998 45.299999 53.099998
-0.023926 -1.001709 -0.048096 -0.018092 0.021284 0.018092 33.000000 46.200001 54.000000
-0.030273 -1.002686 -0.043213 -0.018092 0.021284 0.018092 32.099998 46.500000 53.099998
-0.027344 -0.999756 -0.038574 -0.014899 0.021284 0.019156 30.600000 46.200001 51.599998
-0.024170 -1.003662 -0.041504 -0.013835 0.022349 0.020220 30.600000 45.000000 52.200001
-0.023682 -1.000732 -0.045410 -0.015963 0.020220 0.020220 32.400002 48.000000 53.400002
-0.026123 -1.004150 -0.036377 -0.018092 0.021284 0.018092 30.900000 45.900002 53.099998
-0.018066 -1.003662 -0.039795 -0.015963 0.022349 0.020220 30.900000 46.500000 52.500000
-0.022461 -1.006592 -0.034912 -0.012771 0.018092 0.015963 31.500000 47.099998 51.900002
-0.025146 -1.002441 -0.048584 -0.014899 0.022349 0.021284 32.400002 46.799999 52.200001
-0.026367 -1.001465 -0.038086 -0.014899 0.019156 0.018092 32.700001 45.900002 53.700001
-0.025635 -1.009033 -0.036377 -0.018092 0.019156 0.021284 31.500000 45.900002 54.299999
-0.020508 -1.005371 -0.044922 -0.015963 0.021284 0.020220 31.799999 46.799999 53.400002
-0.024170 -1.012451 -0.045166 -0.018092 0.019156 0.020220 31.799999 46.200001 50.400002
-0.020996 -1.001221 -0.041748 -0.017028 0.019156 0.020220 32.400002 47.400002 52.200001
-0.024658 -1.006836 -0.041504 -0.015963 0.022349 0.017028 30.000000 46.200001 53.400002
-0.024902 -1.009033 -0.039795 -0.015963 0.020220 0.022349 31.500000 45.299999 53.700001
-0.024902 -1.002441 -0.041748 -0.014899 0.021284 0.021284 31.500000 47.099998 51.900002
-0.026123 -1.001465 -0.036377 -0.015963 0.019156 0.019156 30.900000 47.700001 51.900002
-0.024658 -1.004883 -0.043945 -0.014899 0.021284 0.021284 32.400002 46.799999 52.799999
-0.021240 -1.004395 -0.049072 -0.015963 0.017028 0.019156 33.299999 47.700001 53.099998
-0.030518 -1.003906 -0.041504 -0.014899 0.018092 0.019156 31.799999 46.799999 53.400002
-0.024414 -1.004395 -0.046875 -0.019156 0.022349 0.018092 31.799999 46.799999 52.200001
-0.027344 -1.007080 -0.043945 -0.012771 0.019156 0.018092 32.099998 47.099998 53.099998
-0.028076 -1.004883 -0.042480 -0.015963 0.021284 0.019156 30.900000 47.700001 53.099998
-0.023926 -1.004395 -0.038574 -0.019156 0.018092 0.020220 32.400002 48.000000 52.200001
-0.023193 -1.006836 -0.042969 -0.013835 0.020220 0.020220 31.500000 47.700001 52.500000
-0.023438 -1.006836 -0.037354 -0.015963 0.018092 0.018092 31.500000 45.900002 54.299999
-0.021484 -1.007324 -0.041992 -0.015963 0.020220 0.019156 31.200001 47.400002 54.599998
-0.025146 -1.002197 -0.048340 -0.014899 0.021284 0.018092 32.700001 47.099998 55.500000
-0.028076 -1.005859 -0.040527 -0.015963 0.023413 0.020220 31.200001 46.799999 54.000000
-0.017578 -1.005615 -0.041260 -0.017028 0.020220 0.019156 30.600000 46.200001 52.799999
-0.026611 -1.001465 -0.041260 -0.015963 0.021284 0.017028 31.200001 46.799999 53.400002
-0.025635 -1.003906 -0.044922 -0.015963 0.019156 0.020220 31.799999 47.400002 54.000000
-0.024170 -0.996094 -0.043945 -0.017028 0.020220 0.018092 30.900000 47.700001 53.099998
-0.028809 -1.006104 -0.045898 -0.013835 0.022349 0.018092 30.900000 47.099998 53.700001
-0.025146 -1.008057 -0.037109 -0.015963 0.021284 0.017028 32.099998 45.299999 53.700001
-0.020020 -1.004639 -0.040527 -0.014899 0.020220 0.018092 33.299999 47.099998 51.900002
-0.020020 -1.009766 -0.044922 -0.017028 0.021284 0.020220 31.500000 45.900002 51.900002
-0.016357 -1.011230 -0.042969 -0.020220 0.020220 0.015963 31.799999 47.400002 52.200001
-0.025146 -1.004150 -0.049561 -0.011706 0.019156 0.019156 32.099998 48.299999 52.500000
-0.020508 -1.011475 -0.042969 -0.020220 0.020220 0.019156 30.900000 47.099998 50.099998
-0.025635 -0.998535 -0.032715 -0.015963 0.022349 0.019156 31.500000 45.900002 53.099998
-0.021729 -1.006592 -0.039307 -0.013835 0.020220 0.017028 32.700001 47.099998 53.700001
-0.024658 -1.005859 -0.037598 -0.012771 0.021284 0.021284 31.799999 45.599998 52.799999
-0.025879 -1.001709 -0.040527 -0.019156 0.022349 0.021284 32.400002 46.799999 53.400002
-0.026123 -1.001709 -0.037109 -0.017028 0.021284 0.017028 32.700001 47.700001 53.099998
-0.025391 -1.011719 -0.037598 -0.013835 0.022349 0.015963 29.700001 47.099998 52.500000
-0.027100 -1.004883 -0.041016 -0.019156 0.022349 0.015963 30.900000 45.900002 53.700001
-0.022949 -1.003174 -0.036133 -0.015963 0.017028 0.021284 32.099998 47.700001 53.099998
-0.028564 -1.005615 -0.048096 -0.017028 0.022349 0.020220 31.500000 47.700001 53.700001
-0.028320 -1.004883 -0.044678 -0.017028 0.020220 0.018092 32.700001 47.099998 52.500000
-0.024902 -1.007080 -0.043701 -0.017028 0.019156 0.018092 31.200001 46.200001 52.799999
-0.028076 -1.006348 -0.045654 -0.017028 0.023413 0.020220 32.099998 45.900002 53.099998
-0.023193 -1.002686 -0.040771 -0.013835 0.020220 0.020220 31.200001 48.000000 52.799999
