0.000000 0.000000 70672244571302264832.000000 -0.152184 0.053211 0.111744 13.800000 22.500000 -9.300000
0.056641 -0.864746 -0.287354 -0.193689 0.096844 0.145799 14.100000 22.200001 -8.700000
0.059326 -0.864014 -0.286377 -0.127707 0.089395 0.093652 13.800000 22.200001 -9.000000
0.057617 -0.867920 -0.287842 -0.172404 0.044697 0.101101 13.800000 22.500000 -9.300000
0.057861 -0.870117 -0.296631 -0.148991 0.067046 0.095780 14.100000 22.200001 -8.700000
0.057861 -0.866943 -0.290283 -0.157505 0.089395 0.136221 13.800000 22.200001 -9.600000
0.059326 -0.866943 -0.288086 -0.114936 0.075560 0.150056 13.800000 22.200001 -8.700000
0.054932 -0.866455 -0.289795 -0.156441 0.042569 0.105358 14.400000 22.799999 -9.300000
0.055664 -0.863525 -0.292969 -0.137285 0.063853 0.174533 13.800000 23.100000 -9.300000
0.054932 -0.867676 -0.292725 -0.152184 0.048954 0.120257 14.100000 22.799999 -8.700000
0.053955 -0.869141 -0.292725 -0.130900 0.058532 0.124514 14.100000 22.500000 -9.000000
0.054688 -0.865723 -0.294189 -0.186239 0.089395 0.135156 14.100000 21.900000 -9.000000
0.055908 -0.861572 -0.288574 -0.155377 0.076624 0.098973 13.500000 22.500000 -9.000000
0.055420 -0.869629 -0.291016 -0.174533 0.052147 0.159634 13.500000 22.500000 -8.700000
0.057129 -0.867676 -0.284424 -0.171340 0.058532 0.139413 14.100000 22.799999 -8.400000
0.055664 -0.867432 -0.289551 -0.172404 0.069175 0.141542 13.800000 21.900000 -9.600000
0.054199 -0.864990 -0.293945 -0.167083 0.074496 0.113872 13.800000 22.200001 -9.000000
0.058105 -0.867188 -0.291260 -0.166019 0.070239 0.094716 14.100000 22.799999 -9.000000
0.062500 -0.864502 -0.289795 -0.145799 0.087266 0.134092 13.800000 23.100000 -9.300000
0.056641 -0.868896 -0.283936 -0.122386 0.054275 0.167083 13.800000 21.900000 -9.000000
0.058838 -0.865967 -0.288330 -0.140478 0.102166 0.090459 13.200000 22.799999 -9.600000
0.057129 -0.871338 -0.289062 -0.143670 0.047890 0.123450 14.100000 22.799999 -9.300000
0.055664 -0.867432 -0.286377 -0.124514 0.078753 0.128771 14.100000 22.799999 -9.000000
0.058350 -0.867432 -0.287842 -0.172404 0.045762 0.129835 13.500000 22.500000 -9.000000
0.055908 -0.865967 -0.295654 -0.173469 0.051083 0.146863 14.100000 21.900000 -9.300000
0.053955 -0.864746 -0.290527 -0.175597 0.030863 0.135156 14.100000 22.200001 -9.600000
0.060303 -0.864502 -0.288818 -0.147927 0.068110 0.113872 13.800000 22.500000 -9.600000
0.056641 -0.870361 -0.287354 -0.138349 0.088331 0.136221 13.500000 22.500000 -9.000000
0.059570 -0.866943 -0.294922 -0.160698 0.087266 0.121322 14.100000 22.500000 -8.700000
0.056641 -0.864746 -0.292480 -0.158569 0.069175 0.140478 13.500000 22.500000 -9.000000
0.058350 -0.869141 -0.294189 -0.146863 0.072367 0.129835 13.800000 22.500000 -9.000000
0.057129 -0.865723 -0.294434 -0.183047 0.091523 0.147927 14.100000 22.200001 -9.300000
0.053711 -0.865479 -0.287842 -0.150056 0.073431 0.104294 13.800000 22.500000 -9.300000
0.056396 -0.866943 -0.288330 -0.185175 0.120257 0.153248 13.200000 22.500000 -9.000000
0.057617 -0.866943 -0.291992 -0.136221 0.091523 0.122386 13.800000 22.500000 -9.600000
0.055176 -0.868408 -0.286377 -0.109615 0.055340 0.148991 13.800000 22.500000 -9.000000
0.056885 -0.867676 -0.290283 -0.158569 0.067046 0.123450 13.800000 21.900000 -9.000000
0.054932 -0.869141 -0.292236 -0.190496 0.051083 0.137285 13.800000 22.799999 -9.300000
0.057617 -0.870850 -0.286621 -0.185175 0.062789 0.112808 13.500000 22.500000 -9.000000
0.055176 -0.865967 -0.293701 -0.171340 0.055340 0.151120 13.800000 22.500000 -9.300000
0.055420 -0.862793 -0.291748 -0.148991 0.041505 0.156441 13.200000 22.200001 -9.600000
0.059570 -0.869385 -0.288574 -0.210716 0.101101 0.120257 13.500000 22.799999 -9.900000
0.055908 -0.864502 -0.291260 -0.134092 0.034055 0.117065 14.400000 22.500000 -9.000000
0.057129 -0.869141 -0.285156 -0.140478 0.067046 0.157505 13.800000 22.799999 -9.300000
0.051270 -0.868652 -0.296875 -0.214973 0.058532 0.121322 13.800000 22.500000 -9.300000
0.060547 -0.866943 -0.289551 -0.164955 0.055340 0.129835 14.100000 22.500000 -8.700000
0.055664 -0.864990 -0.289307 -0.163891 0.069175 0.162826 13.200000 22.200001 -9.300000
0.061035 -0.865723 -0.284424 -0.128771 0.045762 0.135156 14.100000 22.500000 -8.700000
0.054688 -0.869873 -0.284180 -0.168147 0.045762 0.147927 13.800000 21.900000 -9.300000
0.059326 -0.867188 -0.289551 -0.136221 0.077688 0.116000 13.500000 21.600000 -9.000000
0.055420 -0.866699 -0.291260 -0.179854 0.072367 0.106422 14.400000 22.200001 -9.000000
0.054688 -0.869141 -0.285156 -0.131964 0.092588 0.094716 14.100000 22.500000 -9.000000
0.061279 -0.867188 -0.288330 -0.117065 0.073431 0.121322 14.100000 22.500000 -9.000000
0.054443 -0.865967 -0.292969 -0.156441 0.064918 0.135156 14.100000 22.200001 -9.900000
0.056152 -0.865723 -0.293213 -0.174533 0.050019 0.092588 14.100000 22.500000 -9.300000
0.054443 -0.867676 -0.284912 -0.135156 0.100037 0.145799 13.800000 22.500000 -9.300000
0.057373 -0.865479 -0.288330 -0.145799 0.087266 0.131964 14.400000 21.900000 -8.700000
0.056396 -0.866211 -0.288086 -0.160698 0.062789 0.094716 14.400000 22.500000 -9.000000
0.055908 -0.864990 -0.289795 -0.119193 0.071303 0.107487 14.100000 22.799999 -8.700000
0.056641 -0.869141 -0.289062 -0.163891 0.061725 0.159634 13.500000 21.600000 -9.300000
0.056152 -0.866699 -0.295654 -0.191560 0.076624 0.134092 13.800000 22.500000 -8.700000
0.056152 -0.865967 -0.289062 -0.154313 0.090459 0.147927 13.800000 23.100000 -9.600000
0.059814 -0.869629 -0.290527 -0.172404 0.085138 0.103230 14.100000 21.900000 -8.700000
0.058350 -0.867188 -0.294189 -0.142606 0.060661 0.134092 13.800000 22.200001 -9.000000
0.058838 -0.867676 -0.288818 -0.162826 0.043633 0.119193 13.800000 22.200001 -9.000000
0.057373 -0.867432 -0.293213 -0.158569 0.028734 0.131964 14.100000 22.500000 -8.700000
0.061279 -0.865967 -0.283203 -0.143670 0.050019 0.098973 14.100000 22.799999 -9.300000
0.055664 -0.867676 -0.290039 -0.157505 0.052147 0.125578 13.800000 21.900000 -8.100000
0.055664 -0.867188 -0.286621 -0.175597 0.093652 0.135156 13.500000 22.500000 -9.600000
0.057129 -0.871094 -0.289795 -0.159634 0.086202 0.120257 13.800000 23.100000 -9.000000
0.057129 -0.866699 -0.288818 -0.155377 0.048954 0.106422 14.100000 23.100000 -8.700000
0.055908 -0.864014 -0.290283 -0.105358 0.043633 0.103230 14.100000 22.200001 -9.000000
0.059814 -0.865234 -0.287842 -0.170276 0.077688 0.108551 13.800000 22.200001 -9.900000
0.056885 -0.866943 -0.289551 -0.172404 0.064918 0.124514 13.800000 22.200001 -9.300000
0.053955 -0.866943 -0.280762 -0.141542 0.062789 0.133028 13.500000 22.799999 -9.000000
0.055908 -0.867432 -0.286621 -0.174533 0.079817 0.108551 13.800000 22.500000 -9.300000
0.058594 -0.864502 -0.285645 -0.175597 0.073431 0.124514 13.500000 22.799999 -8.100000
0.057861 -0.867188 -0.290771 -0.146863 0.064918 0.106422 13.500000 22.500000 -9.000000
0.059570 -0.865967 -0.288818 -0.131964 0.077688 0.112808 14.700000 22.200001 -8.700000
0.057617 -0.864990 -0.290039 -0.136221 0.015963 0.123450 13.800000 22.799999 -8.700000
0.057617 -0.867432 -0.289062 -0.141542 0.072367 0.126643 13.800000 22.500000 -8.700000
0.059814 -0.867188 -0.287842 -0.142606 0.076624 0.110679 13.800000 22.200001 -8.700000
0.052246 -0.865967 -0.284180 -0.156441 0.069175 0.152184 13.800000 21.900000 -9.000000
0.053467 -0.867188 -0.291016 -0.167083 0.120257 0.106422 14.100000 22.799999 -9.600000
0.055664 -0.870117 -0.291748 -0.140478 0.068110 0.175597 13.500000 21.900000 -9.000000
0.057617 -0.866455 -0.294922 -0.168147 0.061725 0.151120 13.800000 22.200001 -9.900000
0.054688 -0.867188 -0.288574 -0.148991 0.095780 0.119193 14.100000 22.500000 -9.300000
0.062988 -0.866943 -0.284668 -0.150056 0.045762 0.133028 13.500000 22.200001 -9.600000
0.054932 -0.864746 -0.292969 -0.177725 0.048954 0.112808 13.500000 22.500000 -8.700000
0.057861 -0.865479 -0.285645 -0.163891 0.074496 0.103230 13.500000 22.799999 -9.000000
0.055420 -0.863770 -0.285889 -0.133028 0.092588 0.101101 14.100000 22.799999 -9.000000
0.059082 -0.865967 -0.292725 -0.189432 0.084074 0.118129 14.100000 22.500000 -9.300000
0.053223 -0.865723 -0.284668 -0.162826 0.080881 0.140478 14.100000 22.200001 -8.400000
0.055176 -0.868408 -0.288086 -0.148991 0.058532 0.104294 14.100000 22.200001 -9.300000
0.060059 -0.866943 -0.288330 -0.177725 0.104294 0.110679 13.500000 22.500000 -9.000000
0.057373 -0.869141 -0.287109 -0.178790 0.095780 0.089395 14.100000 22.200001 -8.700000
0.054932 -0.868164 -0.289062 -0.141542 0.024477 0.122386 13.500000 22.500000 -9.000000
0.062012 -0.871582 -0.284424 -0.159634 0.092588 0.091523 14.100000 22.799999 -9.000000
0.061035 -0.867432 -0.286621 -0.144735 0.053211 0.092588 13.800000 23.100000 -9.600000
0.059326 -0.867188 -0.281982 -0.144735 0.064918 0.147927 13.800000 22.200001 -9.300000
0.056396 -0.867188 -0.289795 -0.138349 0.048954 0.109615 14.100000 22.799999 -9.000000
0.052734 -0.864014 -0.292236 -0.150056 0.047890 0.116000 13.500000 22.200001 -8.700000
0.057129 -0.869141 -0.290039 -0.145799 0.069175 0.131964 14.400000 22.799999 -9.000000
0.055664 -0.866699 -0.291748 -0.141542 0.037248 0.137285 13.500000 22.799999 -9.600000
0.056885 -0.865234 -0.291016 -0.140478 0.063853 0.116000 14.700000 22.500000 -9.300000
0.056396 -0.870117 -0.295898 -0.151120 0.058532 0.102166 14.100000 22.200001 -8.400000
0.060791 -0.867920 -0.285645 -0.135156 0.083009 0.111744 13.200000 22.200001 -8.700000
0.055420 -0.865967 -0.288818 -0.151120 0.052147 0.122386 13.500000 23.100000 -9.600000
0.056641 -0.866699 -0.287354 -0.156441 0.051083 0.143670 14.100000 22.500000 -9.600000
0.056152 -0.865234 -0.288818 -0.161762 0.043633 0.160698 14.100000 22.200001 -9.000000
0.060059 -0.865967 -0.290039 -0.134092 0.065982 0.154313 13.800000 22.500000 -8.700000
0.058105 -0.867432 -0.284424 -0.125578 0.043633 0.160698 14.100000 22.500000 -9.300000
0.053955 -0.870117 -0.285645 -0.136221 0.058532 0.148991 14.100000 22.200001 -9.300000
0.057373 -0.864502 -0.286377 -0.173469 0.058532 0.121322 14.100000 22.500000 -8.400000
0.057617 -0.866943 -0.288330 -0.157505 0.046826 0.129835 13.800000 22.500000 -8.700000
0.056885 -0.866455 -0.285400 -0.144735 0.059597 0.122386 13.500000 22.200001 -8.700000
0.057861 -0.867920 -0.290771 -0.168147 0.052147 0.125578 14.100000 22.500000 -9.600000
0.055420 -0.865234 -0.288818 -0.150056 0.057468 0.171340 13.800000 22.200001 -9.000000
0.057373 -0.867676 -0.289307 -0.151120 0.069175 0.125578 13.500000 22.200001 -8.700000
0.057129 -0.867432 -0.289307 -0.171340 0.019156 0.133028 14.100000 22.500000 -9.000000
0.058838 -0.863037 -0.290527 -0.144735 0.051083 0.110679 14.400000 22.500000 -9.000000
0.059570 -0.866943 -0.286377 -0.129835 0.094716 0.119193 13.800000 22.200001 -9.300000
0.053711 -0.868896 -0.291016 -0.151120 0.073431 0.096844 14.400000 22.200001 -9.300000
0.059814 -0.867432 -0.286377 -0.153248 0.089395 0.117065 14.100000 22.200001 -9.000000
0.059814 -0.865967 -0.288330 -0.134092 0.077688 0.130900 13.800000 22.799999 -10.200000
0.056396 -0.866943 -0.283936 -0.144735 0.072367 0.106422 13.800000 22.200001 -9.000000
0.056641 -0.865723 -0.287598 -0.167083 0.043633 0.135156 14.100000 22.500000 -9.000000
0.053711 -0.866455 -0.291748 -0.177725 0.073431 0.116000 14.100000 22.799999 -9.000000
0.061523 -0.865967 -0.289307 -0.159634 0.063853 0.134092 13.500000 22.200001 -8.700000
0.055908 -0.866455 -0.288574 -0.123450 0.072367 0.091523 14.100000 22.799999 -9.300000
0.058838 -0.864014 -0.287842 -0.138349 0.057468 0.126643 13.800000 22.500000 -9.300000
0.054199 -0.864746 -0.287354 -0.134092 0.074496 0.119193 14.100000 22.500000 -8.700000
0.055664 -0.865967 -0.290527 -0.124514 0.037248 0.116000 14.400000 22.200001 -9.300000
0.055176 -0.863770 -0.284668 -0.170276 0.069175 0.119193 14.100000 22.200001 -9.900000
0.060059 -0.866699 -0.289062 -0.188368 0.030863 0.139413 13.800000 22.200001 -8.700000
0.057617 -0.867920 -0.290527 -0.141542 0.041505 0.086202 13.800000 22.500000 -9.300000
0.059082 -0.870850 -0.284912 -0.147927 0.063853 0.111744 13.800000 22.200001 -9.600000
0.052734 -0.867188 -0.293213 -0.139413 0.065982 0.144735 13.800000 22.200001 -9.300000
0.058105 -0.868164 -0.288818 -0.129835 0.053211 0.140478 13.800000 22.200001 -8.400000
0.057617 -0.869385 -0.290039 -0.158569 0.073431 0.137285 14.100000 22.799999 -9.000000
0.055908 -0.868408 -0.288818 -0.139413 0.062789 0.169212 14.100000 22.799999 -9.600000
0.055664 -0.865234 -0.284180 -0.176661 0.067046 0.126643 13.800000 22.200001 -8.700000
0.058594 -0.869141 -0.289307 -0.192625 0.116000 0.119193 14.400000 22.500000 -9.000000
0.055176 -0.865234 -0.290527 -0.147927 0.047890 0.116000 13.800000 22.799999 -9.300000
0.057373 -0.867676 -0.282715 -0.163891 0.047890 0.109615 13.500000 22.500000 -9.000000
0.058594 -0.869385 -0.289307 -0.157505 0.065982 0.109615 13.500000 23.100000 -9.300000
0.058105 -0.866699 -0.287842 -0.131964 0.064918 0.125578 13.500000 22.799999 -9.300000
0.060547 -0.866455 -0.287109 -0.141542 0.040441 0.140478 13.500000 22.200001 -9.000000
0.053955 -0.869141 -0.283203 -0.169212 0.078753 0.128771 14.100000 23.100000 -9.300000
0.056641 -0.869873 -0.286133 -0.142606 0.047890 0.128771 13.500000 22.500000 -9.000000
0.056641 -0.867432 -0.288330 -0.186239 0.072367 0.129835 13.800000 21.900000 -9.900000
0.059570 -0.869141 -0.281250 -0.168147 0.071303 0.160698 13.800000 22.799999 -9.300000
0.053955 -0.865967 -0.284668 -0.140478 0.062789 0.130900 13.800000 22.500000 -9.300000
0.055176 -0.865234 -0.284912 -0.189432 0.077688 0.138349 13.800000 22.500000 -8.700000
0.057617 -0.870361 -0.287842 -0.131964 0.072367 0.106422 13.500000 22.799999 -9.000000
0.060303 -0.871094 -0.292969 -0.160698 0.035119 0.116000 13.800000 22.500000 -9.000000
0.059082 -0.870850 -0.289307 -0.144735 0.059597 0.123450 13.500000 22.500000 -9.900000
0.058838 -0.867676 -0.291504 -0.154313 0.059597 0.121322 13.800000 22.200001 -9.300000
0.057617 -0.866455 -0.294678 -0.140478 0.076624 0.154313 14.400000 22.200001 -8.100000
0.056885 -0.868652 -0.285645 -0.131964 0.072367 0.162826 13.800000 21.900000 -9.000000
0.057617 -0.865967 -0.288574 -0.167083 0.074496 0.120257 13.800000 23.100000 -9.000000
0.053711 -0.864502 -0.287109 -0.188368 0.060661 0.121322 13.800000 22.200001 -9.000000
0.055664 -0.863525 -0.287598 -0.142606 0.026606 0.116000 13.200000 22.799999 -9.300000
0.062988 -0.867432 -0.293945 -0.130900 0.067046 0.129835 13.200000 22.500000 -9.300000
0.055664 -0.867920 -0.285156 -0.172404 0.068110 0.114936 13.500000 22.200001 -9.300000
0.056641 -0.866699 -0.294922 -0.145799 0.050019 0.092588 13.800000 21.600000 -9.000000
0.059326 -0.867188 -0.288086 -0.153248 0.083009 0.153248 14.400000 22.799999 -9.000000
0.058350 -0.866211 -0.290039 -0.162826 0.053211 0.138349 14.400000 22.500000 -9.000000
0.058838 -0.869385 -0.290771 -0.154313 0.103230 0.127707 13.800000 22.799999 -8.400000
0.058838 -0.869141 -0.288086 -0.119193 0.080881 0.144735 14.100000 22.500000 -9.000000
0.055664 -0.867676 -0.294678 -0.185175 0.056404 0.137285 14.100000 22.799999 -8.400000
0.058594 -0.867920 -0.283203 -0.158569 0.051083 0.109615 13.800000 22.200001 -9.000000
0.055420 -0.868164 -0.290527 -0.116000 0.068110 0.133028 14.700000 22.500000 -9.600000
0.055664 -0.867676 -0.290527 -0.180918 0.059597 0.139413 14.100000 22.500000 -8.700000
0.058105 -0.868652 -0.288330 -0.130900 0.053211 0.131964 14.400000 22.500000 -8.700000
0.058105 -0.865479 -0.281982 -0.136221 0.030863 0.122386 13.800000 22.500000 -9.000000
0.056641 -0.864502 -0.290039 -0.170276 0.039376 0.135156 13.800000 22.500000 -9.300000
0.060059 -0.869141 -0.283691 -0.173469 0.079817 0.123450 14.100000 22.200001 -9.300000
0.062744 -0.868652 -0.289062 -0.138349 0.051083 0.163891 13.800000 22.200001 -9.000000
0.059082 -0.862549 -0.287842 -0.144735 0.080881 0.160698 14.400000 22.500000 -9.300000
0.056641 -0.864746 -0.291992 -0.108551 0.079817 0.156441 14.400000 22.500000 -8.700000
0.055664 -0.866455 -0.289307 -0.142606 0.046826 0.111744 14.100000 22.799999 -9.600000
0.058838 -0.866943 -0.291504 -0.139413 0.071303 0.125578 14.400000 21.900000 -8.700000
0.058105 -0.865967 -0.285645 -0.116000 0.090459 0.090459 14.100000 22.799999 -9.600000
0.056152 -0.868652 -0.283691 -0.172404 0.057468 0.122386 13.800000 21.600000 -8.700000
0.059814 -0.866211 -0.287598 -0.164955 0.042569 0.111744 13.500000 22.200001 -8.400000
0.053467 -0.871582 -0.282715 -0.185175 0.022349 0.100037 13.500000 22.799999 -9.900000
0.057617 -0.868896 -0.284424 -0.148991 0.081945 0.124514 14.400000 22.500000 -9.300000
0.055664 -0.870361 -0.286865 -0.126643 0.055340 0.111744 13.800000 22.799999 -9.000000
0.058594 -0.866455 -0.292236 -0.155377 0.041505 0.128771 14.400000 22.799999 -9.300000
0.056396 -0.867676 -0.291992 -0.173469 0.086202 0.110679 14.400000 23.100000 -8.700000
0.055664 -0.867432 -0.287842 -0.125578 0.071303 0.118129 13.800000 22.500000 -8.400000
0.055908 -0.867920 -0.285889 -0.177725 0.095780 0.098973 14.100000 22.799999 -9.300000
0.057861 -0.869141 -0.294189 -0.141542 0.047890 0.138349 13.800000 22.200001 -9.000000
0.055176 -0.869873 -0.284180 -0.119193 0.067046 0.159634 13.800000 22.500000 -8.700000
0.054199 -0.868652 -0.291016 -0.157505 0.084074 0.131964 13.500000 21.900000 -8.700000
0.058594 -0.866699 -0.292725 -0.161762 0.037248 0.154313 13.500000 22.799999 -8.700000
0.055664 -0.869629 -0.285645 -0.162826 0.059597 0.143670 14.100000 22.799999 -9.300000
0.055420 -0.867920 -0.294678 -0.185175 0.035119 0.141542 13.500000 22.200001 -9.600000
0.056885 -0.865723 -0.290527 -0.174533 0.078753 0.137285 14.400000 22.200001 -9.300000
0.060303 -0.867432 -0.291504 -0.113872 0.064918 0.108551 13.800000 22.200001 -9.600000
0.055420 -0.869141 -0.285400 -0.155377 0.041505 0.137285 14.400000 22.799999 -9.300000
0.057861 -0.866943 -0.285889 -0.167083 0.051083 0.119193 13.500000 22.500000 -9.300000
0.056885 -0.865479 -0.291504 -0.104294 0.040441 0.137285 13.800000 22.500000 -9.300000
0.055908 -0.866211 -0.288330 -0.159634 0.068110 0.112808 13.800000 22.500000 -9.000000
0.055176 -0.866699 -0.286133 -0.159634 0.038312 0.150056 13.500000 22.200001 -9.000000
0.058105 -0.870117 -0.291748 -0.175597 0.053211 0.124514 14.400000 22.799999 -9.000000
0.058838 -0.867188 -0.291016 -0.171340 0.079817 0.148991 13.500000 22.500000 -9.600000
0.057861 -0.868408 -0.283447 -0.180918 0.055340 0.107487 13.800000 23.400000 -9.300000
0.056396 -0.869141 -0.287842 -0.152184 0.076624 0.162826 13.800000 22.799999 -9.000000
0.055908 -0.863770 -0.287109 -0.145799 0.074496 0.125578 13.800000 22.200001 -9.600000
0.055908 -0.868896 -0.282471 -0.186239 0.039376 0.129835 13.500000 22.799999 -8.700000
0.056396 -0.870117 -0.289795 -0.157505 0.051083 0.125578 14.400000 22.200001 -9.000000
0.059082 -0.867676 -0.289062 -0.174533 0.054275 0.136221 14.400000 22.200001 -9.000000
0.055908 -0.867920 -0.294189 -0.156441 0.020220 0.142606 13.800000 22.200001 -8.400000
0.056885 -0.868896 -0.289551 -0.143670 0.070239 0.129835 13.800000 22.500000 -9.900000
0.054443 -0.864014 -0.283936 -0.167083 0.051083 0.088331 14.100000 22.200001 -9.300000
0.057129 -0.868896 -0.289062 -0.157505 0.047890 0.117065 14.100000 22.500000 -8.700000
0.058350 -0.868652 -0.288574 -0.138349 0.090459 0.091523 13.500000 22.200001 -8.700000
0.054443 -0.865479 -0.295166 -0.167083 0.065982 0.155377 14.100000 21.600000 -9.600000
0.059570 -0.865234 -0.290039 -0.157505 0.077688 0.118129 13.800000 22.200001 -9.300000
0.058594 -0.869385 -0.292236 -0.160698 0.051083 0.125578 14.400000 22.500000 -9.000000
0.057129 -0.866943 -0.290283 -0.124514 0.063853 0.109615 14.100000 22.500000 -9.300000
0.055420 -0.866699 -0.284180 -0.164955 0.036184 0.136221 13.800000 22.500000 -8.400000
0.057617 -0.864990 -0.288818 -0.156441 0.048954 0.093652 14.100000 22.200001 -8.700000
0.058105 -0.867188 -0.284424 -0.131964 0.021284 0.113872 13.500000 22.500000 -9.000000
0.057373 -0.869141 -0.291504 -0.137285 0.073431 0.109615 13.500000 22.200001 -9.300000
0.053223 -0.870361 -0.288574 -0.167083 0.060661 0.136221 14.100000 22.500000 -8.700000
0.057861 -0.864746 -0.290527 -0.190496 0.083009 0.123450 14.400000 22.500000 -9.300000
0.054688 -0.869385 -0.288818 -0.155377 0.058532 0.126643 13.500000 23.100000 -9.300000
0.056641 -0.868408 -0.290039 -0.153248 0.101101 0.153248 13.500000 22.500000 -8.700000
0.058594 -0.868896 -0.295166 -0.147927 0.071303 0.119193 13.800000 22.200001 -9.300000
0.055176 -0.869873 -0.294434 -0.169212 0.022349 0.161762 13.800000 22.799999 -9.600000
0.055664 -0.868408 -0.287109 -0.154313 0.060661 0.118129 13.800000 22.500000 -8.700000
0.055420 -0.868896 -0.285889 -0.156441 0.053211 0.121322 13.800000 22.200001 -9.300000
0.057129 -0.865967 -0.284668 -0.100037 0.074496 0.105358 13.800000 22.500000 -10.200000
0.055420 -0.866699 -0.291016 -0.166019 0.050019 0.121322 14.400000 23.100000 -9.000000
0.057617 -0.869141 -0.288330 -0.159634 0.070239 0.109615 14.100000 22.799999 -9.300000
0.054932 -0.867920 -0.291260 -0.162826 0.046826 0.136221 13.800000 22.799999 -8.700000
0.058838 -0.870117 -0.286621 -0.131964 0.112808 0.120257 13.800000 22.500000 -9.600000
0.057129 -0.866699 -0.289551 -0.178790 0.024477 0.108551 13.800000 22.200001 -9.000000
0.057861 -0.870605 -0.290283 -0.144735 0.077688 0.135156 13.800000 22.500000 -9.600000
0.059082 -0.867920 -0.292236 -0.135156 0.044697 0.139413 13.800000 22.500000 -8.700000
0.054932 -0.865723 -0.287354 -0.161762 0.073431 0.110679 14.100000 22.200001 -8.700000
0.058350 -0.869629 -0.291748 -0.155377 0.076624 0.121322 14.100000 22.500000 -9.300000
0.057617 -0.867920 -0.288818 -0.106422 0.089395 0.172404 14.400000 22.500000 -9.300000
0.056641 -0.867432 -0.290283 -0.155377 0.078753 0.111744 14.100000 22.500000 -9.000000
0.056885 -0.864746 -0.289795 -0.152184 0.101101 0.143670 13.800000 22.200001 -9.600000
0.057373 -0.865479 -0.289551 -0.157505 0.075560 0.137285 14.100000 22.799999 -9.300000
0.057129 -0.867432 -0.285889 -0.153248 0.043633 0.109615 13.200000 22.200001 -9.300000
0.056641 -0.862061 -0.283936 -0.145799 0.063853 0.163891 13.500000 21.900000 -9.000000
0.054688 -0.873291 -0.295654 -0.161762 0.056404 0.124514 14.100000 22.799999 -9.300000
0.058594 -0.866211 -0.287598 -0.168147 0.045762 0.091523 13.800000 23.100000 -9.300000
0.057617 -0.866699 -0.296143 -0.159634 0.060661 0.140478 14.100000 22.200001 -9.000000
0.057617 -0.866211 -0.286377 -0.139413 0.084074 0.129835 13.800000 22.200001 -9.300000
0.053467 -0.870117 -0.282471 -0.139413 0.058532 0.133028 14.100000 21.900000 -9.000000
0.059326 -0.866699 -0.290039 -0.143670 0.071303 0.126643 14.100000 22.200001 -9.000000
0.059326 -0.866699 -0.289307 -0.167083 0.045762 0.136221 13.800000 22.799999 -9.300000
0.056396 -0.869385 -0.283936 -0.147927 0.055340 0.154313 13.800000 22.500000 -8.700000
0.057861 -0.865967 -0.289551 -0.143670 0.053211 0.119193 14.100000 22.500000 -9.600000
0.058838 -0.865479 -0.284180 -0.168147 0.064918 0.150056 14.100000 22.200001 -9.300000
0.056885 -0.869385 -0.288330 -0.147927 0.006385 0.164955 14.100000 22.500000 -9.000000
0.053711 -0.869629 -0.287598 -0.169212 0.045762 0.152184 14.100000 22.799999 -9.300000
0.054932 -0.865479 -0.283936 -0.143670 0.074496 0.139413 13.500000 23.100000 -9.000000
0.055664 -0.865234 -0.284668 -0.117065 0.032991 0.129835 14.100000 22.200001 -9.000000
0.058594 -0.866943 -0.289062 -0.139413 0.069175 0.121322 12.900000 22.500000 -9.300000
0.057373 -0.866455 -0.287598 -0.195817 0.080881 0.106422 13.800000 22.200001 -8.700000
0.054443 -0.867676 -0.283936 -0.129835 0.058532 0.119193 13.500000 22.200001 -9.000000
0.054199 -0.867920 -0.293457 -0.185175 0.057468 0.114936 14.100000 22.200001 -9.000000
0.058838 -0.865723 -0.293213 -0.133028 0.075560 0.121322 14.100000 22.500000 -9.000000
0.057861 -0.871582 -0.285889 -0.160698 0.070239 0.117065 13.800000 22.500000 -9.300000
0.054199 -0.868652 -0.286133 -0.120257 0.063853 0.117065 14.100000 22.500000 -8.700000
0.056396 -0.864014 -0.286377 -0.178790 0.069175 0.095780 13.800000 22.500000 -9.300000
0.054199 -0.866943 -0.291748 -0.130900 0.056404 0.143670 14.100000 22.200001 -9.600000
0.057129 -0.866943 -0.285156 -0.172404 0.057468 0.100037 14.400000 22.200001 -8.400000
0.060059 -0.870850 -0.285400 -0.126643 0.040441 0.113872 14.700000 22.799999 -9.300000
0.057617 -0.867920 -0.288818 -0.158569 0.068110 0.146863 13.800000 21.900000 -9.300000
0.055664 -0.867188 -0.282959 -0.144735 0.046826 0.131964 13.800000 22.799999 -8.700000
0.053955 -0.865723 -0.289307 -0.153248 0.069175 0.151120 13.800000 22.200001 -9.300000
0.056396 -0.868164 -0.289795 -0.127707 0.063853 0.156441 13.500000 22.799999 -9.300000
0.058838 -0.864502 -0.289307 -0.155377 0.086202 0.131964 13.500000 22.799999 -9.600000
0.057617 -0.866455 -0.283691 -0.155377 0.089395 0.113872 13.200000 22.500000 -9.000000
0.056641 -0.872070 -0.290527 -0.154313 0.039376 0.140478 14.100000 22.200001 -9.900000
0.059326 -0.866211 -0.289551 -0.148991 0.052147 0.131964 13.800000 22.500000 -9.600000
0.059570 -0.868896 -0.289307 -0.144735 0.041505 0.085138 14.100000 23.400000 -9.000000
0.053711 -0.870361 -0.291992 -0.152184 0.071303 0.113872 14.100000 22.500000 -9.600000
0.057129 -0.870361 -0.288086 -0.181982 0.040441 0.134092 13.800000 22.500000 -9.300000
0.056641 -0.867676 -0.288574 -0.136221 0.072367 0.129835 13.800000 22.500000 -9.600000
0.054199 -0.864746 -0.285400 -0.158569 0.067046 0.124514 13.800000 22.500000 -9.000000
0.054688 -0.873047 -0.286621 -0.145799 0.075560 0.116000 14.400000 22.500000 -9.000000
0.054932 -0.866211 -0.289551 -0.133028 0.039376 0.141542 13.800000 22.799999 -9.000000
0.058105 -0.870117 -0.290283 -0.162826 0.102166 0.136221 13.500000 22.500000 -9.300000
0.056885 -0.870605 -0.290527 -0.159634 0.055340 0.110679 13.800000 22.500000 -9.300000
0.056152 -0.867432 -0.287842 -0.130900 0.079817 0.137285 13.500000 22.799999 -9.300000
0.053955 -0.864746 -0.290039 -0.126643 0.077688 0.128771 13.800000 22.799999 -9.600000
0.054688 -0.870850 -0.287598 -0.143670 0.063853 0.125578 13.800000 21.600000 -8.400000
0.057861 -0.866943 -0.281738 -0.152184 0.052147 0.133028 14.400000 21.900000 -9.000000
0.053223 -0.866455 -0.285400 -0.156441 0.028734 0.144735 13.500000 22.500000 -9.600000
0.057617 -0.867676 -0.288818 -0.144735 0.053211 0.120257 13.800000 22.500000 -9.000000
0.053711 -0.869629 -0.285645 -0.151120 0.030863 0.131964 14.400000 21.900000 -9.300000
