-0.337646 -0.944824 -0.020508 -0.018092 0.018092 0.021284 46.200001 28.799999 49.200001
-0.333008 -0.942627 -0.019287 -0.018092 0.021284 0.019156 47.400002 31.200001 52.200001
-0.334717 -0.947998 -0.019775 -0.015963 0.022349 0.015963 48.000000 28.799999 51.599998
-0.341797 -0.948242 -0.023682 -0.013835 0.021284 0.018092 46.799999 28.799999 52.200001
-0.330811 -0.943604 -0.017334 -0.014899 0.021284 0.017028 49.200001 30.600000 52.200001
-0.334961 -0.948242 -0.019287 -0.013835 0.023413 0.021284 47.700001 29.700001 51.299999
-0.339355 -0.950195 -0.025879 -0.010642 0.019156 0.021284 47.700001 27.299999 51.900002
-0.342041 -0.947998 -0.016357 -0.017028 0.021284 0.017028 48.000000 28.799999 51.599998
-0.337402 -0.947266 -0.021729 -0.014899 0.021284 0.017028 46.799999 30.000000 51.599998
-0.334717 -0.954834 -0.015625 -0.015963 0.020220 0.020220 46.500000 31.500000 50.700001
-0.338135 -0.949707 -0.023926 -0.018092 0.020220 0.018092 47.700001 29.100000 51.299999
-0.340576 -0.947021 -0.014648 -0.015963 0.019156 0.017028 48.299999 29.100000 51.900002
-0.337402 -0.952393 -0.016602 -0.018092 0.020220 0.019156 46.200001 29.400000 52.799999
-0.339355 -0.945801 -0.014404 -0.015963 0.022349 0.019156 47.099998 29.100000 51.299999
-0.337646 -0.936035 -0.023926 -0.018092 0.024477 0.021284 48.299999 30.299999 53.099998
-0.336426 -0.946533 -0.019287 -0.017028 0.019156 0.019156 47.400002 29.400000 51.599998
-0.341064 -0.946533 -0.014404 -0.018092 0.019156 0.019156 48.000000 30.000000 51.599998
-0.335205 -0.948486 -0.024658 -0.015963 0.021284 0.019156 48.000000 29.400000 50.400002
-0.342285 -0.948486 -0.025879 -0.018092 0.020220 0.017028 47.400002 30.600000 51.599998
-0.338135 -0.946533 -0.027344 -0.017028 0.021284 0.019156 48.599998 30.000000 50.400002
-0.334961 -0.947754 -0.013428 -0.014899 0.022349 0.019156 47.400002 30.000000 51.599998
-0.333496 -0.947754 -0.011719 -0.013835 0.021284 0.017028 48.299999 29.700001 51.900002
-0.338379 -0.947021 -0.018066 -0.012771 0.020220 0.018092 50.099998 29.700001 50.099998
-0.336914 -0.948975 -0.025879 -0.012771 0.018092 0.018092 48.000000 30.600000 53.400002
-0.340088 -0.951660 -0.018066 -0.017028 0.023413 0.019156 46.799999 29.400000 52.799999
-0.338379 -0.954102 -0.019287 -0.014899 0.022349 0.017028 46.200001 28.799999 52.799999
-0.339111 -0.944336 -0.009277 -0.013835 0.025541 0.019156 49.200001 30.600000 51.000000
-0.341553 -0.945557 -0.009521 -0.015963 0.017028 0.014899 47.099998 28.500000 51.900002
-0.335693 -0.947510 -0.017822 -0.018092 0.022349 0.019156 48.599998 28.200001 51.000000
-0.340088 -0.943604 -0.016602 -0.014899 0.022349 0.019156 47.400002 29.400000 52.200001
-0.343018 -0.945312 -0.020264 -0.014899 0.021284 0.021284 48.299999 28.500000 51.299999
-0.337646 -0.950928 -0.015381 -0.011706 0.021284 0.017028 48.299999 29.100000 51.299999
-0.334961 -0.942871 -0.017578 -0.018092 0.021284 0.019156 47.700001 30.299999 50.099998
-0.338867 -0.949463 -0.016357 -0.015963 0.020220 0.019156 47.700001 30.299999 51.900002
-0.343018 -0.947998 -0.015137 -0.017028 0.020220 0.017028 46.200001 30.000000 51.599998
-0.343994 -0.945068 -0.020264 -0.018092 0.020220 0.017028 48.000000 29.400000 51.599998
-0.335205 -0.946289 -0.016602 -0.013835 0.023413 0.021284 47.700001 29.100000 51.299999
-0.338135 -0.947754 -0.029297 -0.017028 0.022349 0.018092 46.500000 29.100000 51.299999
-0.333008 -0.945068 -0.018066 -0.011706 0.020220 0.017028 49.200001 28.799999 51.599998
-0.341309 -0.952393 -0.021484 -0.014899 0.020220 0.019156 48.299999 29.100000 50.700001
-0.333252 -0.946533 -0.014404 -0.017028 0.022349 0.019156 47.700001 29.700001 50.700001
-0.340088 -0.953369 -0.020264 -0.014899 0.019156 0.021284 48.900002 29.700001 51.900002
-0.337402 -0.948730 -0.018555 -0.015963 0.020220 0.017028 46.799999 29.400000 54.000000
-0.331299 -0.947021 -0.019043 -0.017028 0.020220 0.018092 48.299999 29.100000 51.900002
-0.338623 -0.949463 -0.004639 -0.017028 0.022349 0.019156 48.599998 28.799999 51.599998
-0.337402 -0.947021 -0.015137 -0.020220 0.022349 0.017028 48.299999 29.100000 51.900002
-0.335205 -0.946533 -0.021240 -0.015963 0.019156 0.019156 48.299999 29.700001 53.099998
-0.343262 -0.943359 -0.016113 -0.013835 0.020220 0.017028 47.099998 29.100000 50.700001
-0.340820 -0.945312 -0.027588 -0.015963 0.021284 0.018092 47.700001 28.500000 51.299999
-0.340576 -0.947998 -0.018311 -0.014899 0.021284 0.017028 47.400002 29.400000 51.000000
-0.342773 -0.950195 -0.021729 -0.014899 0.021284 0.019156 48.000000 29.400000 51.000000
-0.337891 -0.949707 -0.018311 -0.014899 0.023413 0.018092 47.400002 28.799999 52.799999
-0.333008 -0.947021 -0.015625 -0.014899 0.019156 0.020220 47.400002 30.000000 52.799999
-0.339844 -0.950195 -0.020996 -0.013835 0.023413 0.019156 47.700001 29.100000 51.299999
-0.339844 -0.946533 -0.023682 -0.018092 0.023413 0.019156 47.700001 29.700001 51.900002
-0.339844 -0.949951 -0.019775 -0.012771 0.021284 0.019156 48.000000 30.000000 52.200001
-0.340820 -0.948730 -0.012939 -0.014899 0.020220 0.018092 47.700001 28.500000 51.900002
-0.341553 -0.951660 -0.023682 -0.015963 0.021284 0.023413 47.400002 28.799999 51.000000
-0.342041 -0.947021 -0.026855 -0.014899 0.018092 0.014899 47.700001 28.500000 51.299999
-0.334473 -0.943115 -0.019531 -0.015963 0.020220 0.018092 49.200001 30.000000 52.200001
-0.338623 -0.945312 -0.023438 -0.020220 0.015963 0.019156 48.900002 30.299999 51.900002
-0.342041 -0.950684 -0.022705 -0.017028 0.021284 0.019156 46.799999 30.000000 51.599998
-0.334717 -0.949951 -0.023193 -0.015963 0.020220 0.018092 47.099998 29.100000 51.900002
-0.338135 -0.950684 -0.013184 -0.013835 0.019156 0.018092 47.700001 28.500000 50.700001
-0.333740 -0.940918 -0.019531 -0.017028 0.021284 0.019156 47.099998 29.700001 51.299999
-0.335449 -0.940186 -0.012451 -0.017028 0.021284 0.022349 46.500000 30.900000 51.299999
-0.334961 -0.941406 -0.015137 -0.014899 0.020220 0.019156 47.400002 28.200001 51.599998
-0.343262 -0.947021 -0.015625 -0.012771 0.020220 0.019156 45.900002 30.299999 51.299999
-0.336426 -0.944824 -0.015869 -0.019156 0.022349 0.018092 47.400002 30.000000 50.400002
-0.334229 -0.946533 -0.021973 -0.015963 0.021284 0.019156 48.000000 29.400000 51.000000
-0.338379 -0.946289 -0.022705 -0.013835 0.019156 0.019156 46.500000 30.900000 52.500000
-0.338867 -0.950195 -0.014893 -0.014899 0.019156 0.017028 46.500000 30.900000 50.700001
-0.337646 -0.945801 -0.015137 -0.017028 0.018092 0.020220 46.200001 29.400000 51.000000
-0.337891 -0.951416 -0.020996 -0.014899 0.022349 0.014899 46.200001 30.000000 51.000000
-0.339355 -0.943359 -0.014160 -0.014899 0.020220 0.017028 48.299999 29.100000 51.900002
-0.340576 -0.951172 -0.017822 -0.014899 0.021284 0.022349 47.099998 29.100000 51.299999
-0.341309 -0.948486 -0.017822 -0.011706 0.018092 0.014899 46.500000 28.500000 49.500000
-0.337646 -0.947021 -0.017822 -0.010642 0.020220 0.018092 45.000000 30.600000 49.200001
-0.334473 -0.944092 -0.013184 -0.017028 0.021284 0.017028 47.700001 30.900000 51.900002
-0.342041 -0.943359 -0.018311 -0.014899 0.020220 0.015963 46.799999 30.000000 50.400002
-0.336426 -0.942383 -0.016357 -0.014899 0.019156 0.018092 47.400002 30.000000 53.400002
-0.335693 -0.949219 -0.019043 -0.015963 0.020220 0.017028 48.299999 30.299999 51.900002
-0.342773 -0.949707 -0.013672 -0.015963 0.020220 0.018092 46.200001 29.400000 51.000000
-0.339600 -0.942627 -0.014893 -0.018092 0.020220 0.018092 47.099998 28.500000 51.900002
-0.336182 -0.949219 -0.006592 -0.015963 0.019156 0.015963 47.400002 27.600000 52.200001
-0.344482 -0.949951 -0.014893 -0.018092 0.022349 0.018092 45.599998 30.600000 51.599998
-0.337891 -0.954834 -0.013916 -0.012771 0.018092 0.020220 47.400002 29.400000 51.599998
-0.340576 -0.941895 -0.021973 -0.017028 0.020220 0.019156 47.099998 30.299999 50.700001
-0.339355 -0.946045 -0.026611 -0.014899 0.024477 0.018092 46.799999 30.000000 51.000000
-0.334961 -0.948730 -0.011719 -0.017028 0.020220 0.014899 45.900002 29.700001 52.500000
-0.344238 -0.942871 -0.011475 -0.017028 0.021284 0.022349 47.099998 29.700001 51.299999
-0.335693 -0.943359 -0.011963 -0.014899 0.019156 0.015963 47.400002 30.000000 52.200001
-0.342041 -0.947266 -0.016113 -0.010642 0.023413 0.015963 46.500000 29.700001 51.299999
-0.341553 -0.946533 -0.013184 -0.011706 0.019156 0.019156 48.900002 28.500000 51.299999
-0.343262 -0.944824 -0.019287 -0.014899 0.021284 0.015963 48.000000 30.000000 52.200001
-0.338379 -0.949219 -0.022461 -0.017028 0.022349 0.015963 47.400002 28.799999 51.599998
-0.339355 -0.950195 -0.018066 -0.018092 0.020220 0.019156 48.000000 31.200001 51.599998
-0.333984 -0.946777 -0.020508 -0.014899 0.017028 0.019156 49.500000 29.700001 50.700001
-0.336670 -0.947021 -0.020996 -0.013835 0.019156 0.018092 47.400002 30.000000 53.400002
-0.339355 -0.947754 -0.020020 -0.017028 0.020220 0.018092 47.700001 30.299999 53.099998
-0.342285 -0.948242 -0.014160 -0.015963 0.020220 0.021284 47.099998 29.700001 50.099998
-0.338379 -0.953857 -0.014404 -0.019156 0.019156 0.015963 48.599998 28.799999 52.200001
-0.342285 -0.943848 -0.026855 -0.014899 0.020220 0.017028 47.700001 29.100000 52.500000
-0.338867 -0.945801 -0.018555 -0.014899 0.019156 0.015963 47.400002 28.200001 51.599998
-0.333984 -0.945068 -0.014160 -0.015963 0.022349 0.021284 49.799999 30.600000 51.599998
-0.341553 -0.947021 -0.018555 -0.015963 0.021284 0.017028 47.099998 29.100000 51.900002
-0.344971 -0.950439 -0.006592 -0.019156 0.022349 0.018092 47.700001 30.299999 53.700001
-0.340088 -0.944824 -0.025146 -0.019156 0.021284 0.019156 48.000000 28.200001 50.400002
-0.339355 -0.943848 -0.023438 -0.012771 0.018092 0.015963 46.799999 29.400000 51.000000
-0.340088 -0.952393 -0.023926 -0.011706 0.018092 0.018092 47.099998 29.100000 50.700001
-0.340820 -0.952393 -0.015625 -0.015963 0.022349 0.019156 46.500000 27.900000 51.900002
-0.338379 -0.946533 -0.026123 -0.014899 0.023413 0.017028 48.000000 29.400000 51.599998
-0.339600 -0.953369 -0.022461 -0.014899 0.021284 0.020220 46.799999 28.799999 51.599998
-0.340088 -0.942871 -0.019531 -0.014899 0.021284 0.018092 46.799999 29.400000 51.599998
-0.340088 -0.948486 -0.017578 -0.012771 0.018092 0.019156 47.099998 30.900000 52.500000
-0.343018 -0.945068 -0.017822 -0.013835 0.023413 0.015963 48.299999 29.100000 51.299999
-0.336914 -0.947266 -0.014648 -0.018092 0.022349 0.018092 48.299999 30.299999 51.299999
-0.343262 -0.943848 -0.020264 -0.015963 0.022349 0.017028 46.200001 29.400000 51.000000
-0.343018 -0.943848 -0.015869 -0.017028 0.018092 0.019156 47.700001 30.299999 51.299999
-0.342773 -0.942383 -0.007812 -0.012771 0.020220 0.019156 47.700001 29.100000 51.299999
-0.337891 -0.949463 -0.018555 -0.013835 0.023413 0.018092 46.500000 28.500000 50.700001
-0.336670 -0.952881 -0.014160 -0.014899 0.022349 0.018092 46.799999 30.000000 52.799999
-0.340088 -0.947998 -0.024902 -0.014899 0.021284 0.017028 48.599998 29.400000 52.200001
-0.339355 -0.942139 -0.016602 -0.015963 0.022349 0.021284 47.700001 30.299999 51.900002
-0.340332 -0.947266 -0.019043 -0.015963 0.020220 0.015963 46.200001 30.600000 51.599998
-0.346924 -0.946289 -0.022705 -0.014899 0.019156 0.015963 48.299999 27.900000 51.900002
-0.339355 -0.947510 -0.010254 -0.014899 0.020220 0.018092 48.599998 29.400000 52.799999
-0.339600 -0.944580 -0.012695 -0.017028 0.022349 0.020220 48.599998 28.200001 51.599998
-0.336914 -0.942139 -0.017090 -0.015963 0.020220 0.019156 46.799999 28.799999 52.799999
-0.340332 -0.948242 -0.018555 -0.017028 0.020220 0.019156 46.500000 27.900000 50.099998
-0.334717 -0.945557 -0.022705 -0.017028 0.021284 0.019156 47.099998 29.700001 50.700001
-0.333496 -0.954834 -0.019531 -0.015963 0.025541 0.015963 47.099998 30.299999 50.700001
-0.333252 -0.945557 -0.017578 -0.015963 0.021284 0.017028 46.200001 30.000000 51.000000
-0.339355 -0.953369 -0.014648 -0.013835 0.021284 0.018092 47.400002 28.799999 51.000000
-0.333252 -0.946289 -0.021240 -0.014899 0.023413 0.012771 46.500000 27.900000 52.500000
-0.342041 -0.950195 -0.023682 -0.017028 0.019156 0.015963 47.099998 27.900000 53.099998
-0.337646 -0.953369 -0.024902 -0.015963 0.023413 0.018092 46.799999 30.600000 52.200001
-0.342773 -0.950439 -0.017578 -0.011706 0.024477 0.019156 47.099998 29.700001 51.900002
-0.338135 -0.944092 -0.022217 -0.015963 0.019156 0.020220 47.700001 27.900000 50.700001
-0.340332 -0.946045 -0.019287 -0.014899 0.019156 0.018092 46.500000 29.700001 51.299999
-0.338623 -0.950684 -0.009521 -0.020220 0.020220 0.022349 47.099998 28.500000 52.500000
-0.338379 -0.959473 -0.015137 -0.013835 0.023413 0.017028 47.400002 30.000000 50.400002
-0.336670 -0.949951 -0.008545 -0.017028 0.019156 0.019156 48.299999 29.700001 51.900002
-0.343262 -0.949951 -0.015137 -0.014899 0.022349 0.020220 47.099998 29.700001 51.299999
-0.339355 -0.946045 -0.021729 -0.012771 0.019156 0.019156 48.599998 28.799999 51.000000
-0.338623 -0.944092 -0.014648 -0.015963 0.022349 0.018092 47.700001 29.700001 51.299999
-0.344971 -0.951172 -0.020752 -0.014899 0.021284 0.017028 47.700001 30.299999 51.900002
-0.337646 -0.948486 -0.019043 -0.013835 0.020220 0.020220 47.700001 28.500000 52.500000
-0.339600 -0.948730 -0.021484 -0.018092 0.022349 0.020220 46.799999 30.600000 52.799999
-0.340576 -0.950439 -0.015381 -0.020220 0.020220 0.021284 47.700001 29.700001 51.900002
-0.346191 -0.948486 -0.026123 -0.017028 0.024477 0.019156 48.000000 30.000000 50.400002
-0.336914 -0.941162 -0.021240 -0.017028 0.019156 0.018092 47.099998 28.500000 52.500000
-0.338379 -0.945312 -0.012695 -0.014899 0.021284 0.017028 46.799999 28.799999 52.799999
-0.336426 -0.948242 -0.012695 -0.018092 0.020220 0.017028 47.099998 29.700001 50.700001
-0.333496 -0.951416 -0.012207 -0.017028 0.019156 0.018092 46.200001 29.400000 51.000000
-0.343262 -0.949463 -0.014648 -0.012771 0.022349 0.018092 46.799999 28.200001 50.400002
-0.336426 -0.951660 -0.012695 -0.018092 0.018092 0.018092 46.799999 30.000000 49.799999
-0.334717 -0.947021 -0.021484 -0.017028 0.018092 0.017028 46.500000 28.500000 50.700001
-0.340332 -0.943115 -0.012939 -0.014899 0.020220 0.015963 47.700001 27.900000 52.500000
-0.348389 -0.948242 -0.014160 -0.018092 0.020220 0.017028 48.000000 30.000000 51.599998
-0.337891 -0.950928 -0.014893 -0.013835 0.019156 0.020220 47.400002 29.400000 51.599998
-0.337402 -0.943359 -0.014893 -0.017028 0.021284 0.017028 47.400002 28.799999 51.000000
-0.334717 -0.947021 -0.019043 -0.015963 0.019156 0.017028 48.900002 29.100000 52.500000
-0.338623 -0.945068 -0.019531 -0.012771 0.022349 0.015963 46.799999 29.400000 51.599998
-0.331299 -0.953613 -0.019043 -0.015963 0.021284 0.018092 48.000000 30.000000 51.599998
-0.342041 -0.943848 -0.028564 -0.017028 0.020220 0.019156 47.099998 29.100000 51.299999
-0.339111 -0.948242 -0.024414 -0.015963 0.021284 0.017028 48.299999 29.100000 51.900002
-0.332275 -0.945068 -0.020508 -0.012771 0.022349 0.018092 48.000000 29.400000 52.200001
-0.336426 -0.947998 -0.021729 -0.013835 0.021284 0.018092 47.400002 28.799999 51.599998
-0.336670 -0.948730 -0.016602 -0.017028 0.021284 0.018092 45.900002 30.900000 52.500000
-0.339844 -0.948730 -0.016113 -0.015963 0.018092 0.018092 48.000000 28.200001 51.599998
-0.337891 -0.947998 -0.019531 -0.012771 0.020220 0.019156 46.799999 29.400000 52.200001
-0.337402 -0.948730 -0.019775 -0.015963 0.021284 0.020220 45.900002 29.100000 51.299999
-0.336426 -0.948730 -0.021240 -0.014899 0.021284 0.019156 48.000000 30.600000 51.599998
-0.341064 -0.950195 -0.018799 -0.019156 0.021284 0.017028 48.299999 30.299999 50.099998
-0.341797 -0.937012 -0.021240 -0.013835 0.021284 0.018092 46.799999 30.000000 52.799999
-0.349365 -0.940674 -0.012451 -0.017028 0.021284 0.015963 48.599998 29.400000 51.000000
-0.339844 -0.946045 -0.015137 -0.015963 0.023413 0.017028 48.599998 28.799999 51.599998
-0.336670 -0.949951 -0.028320 -0.014899 0.019156 0.015963 46.799999 28.799999 51.000000
-0.337891 -0.942871 -0.020508 -0.014899 0.020220 0.015963 47.099998 27.900000 51.900002
-0.336670 -0.952393 -0.032959 -0.017028 0.019156 0.021284 47.700001 28.500000 50.700001
-0.339600 -0.949219 -0.009277 -0.019156 0.022349 0.019156 47.700001 29.100000 51.900002
-0.339111 -0.947754 -0.018555 -0.019156 0.018092 0.018092 46.500000 29.700001 51.299999
-0.339600 -0.952637 -0.020508 -0.013835 0.019156 0.017028 46.500000 29.100000 51.900002
-0.342773 -0.940674 -0.014648 -0.011706 0.020220 0.022349 48.599998 30.000000 52.200001
-0.341553 -0.945801 -0.016846 -0.012771 0.019156 0.020220 48.000000 31.200001 50.400002
-0.340820 -0.949951 -0.018799 -0.014899 0.021284 0.015963 47.099998 30.299999 51.299999
-0.337158 -0.940918 -0.016602 -0.017028 0.018092 0.019156 47.700001 30.299999 53.700001
-0.336914 -0.947266 -0.019043 -0.015963 0.019156 0.019156 47.700001 29.100000 50.099998
-0.337891 -0.942871 -0.013428 -0.018092 0.019156 0.018092 48.000000 30.000000 52.200001
-0.339600 -0.942139 -0.012207 -0.013835 0.021284 0.018092 47.700001 29.700001 51.900002
-0.334961 -0.949951 -0.018555 -0.014899 0.021284 0.020220 48.000000 30.600000 50.400002
-0.338867 -0.957764 -0.027588 -0.013835 0.020220 0.014899 48.299999 29.700001 51.900002
-0.339844 -0.949219 -0.025879 -0.015963 0.021284 0.020220 46.799999 28.799999 52.200001
-0.342041 -0.943115 -0.008301 -0.017028 0.023413 0.018092 47.700001 28.500000 51.900002
-0.341309 -0.950928 -0.015381 -0.017028 0.021284 0.018092 46.500000 29.700001 51.900002
-0.335693 -0.951904 -0.011963 -0.015963 0.019156 0.019156 47.400002 30.000000 50.400002
-0.336182 -0.942139 -0.012207 -0.013835 0.021284 0.018092 46.799999 28.799999 51.599998
-0.340576 -0.940674 -0.016113 -0.012771 0.021284 0.017028 45.599998 28.799999 52.200001
-0.348145 -0.951172 -0.011719 -0.013835 0.021284 0.017028 47.099998 29.700001 51.900002
-0.347900 -0.952393 -0.023193 -0.018092 0.022349 0.019156 45.000000 29.400000 52.200001
-0.337158 -0.947754 -0.019043 -0.015963 0.021284 0.018092 47.400002 28.799999 50.400002
-0.334473 -0.947021 -0.007568 -0.017028 0.020220 0.017028 47.099998 29.700001 53.099998
-0.340820 -0.951904 -0.023193 -0.015963 0.021284 0.021284 47.099998 30.299999 51.299999
-0.344482 -0.949463 -0.022217 -0.015963 0.024477 0.018092 47.700001 30.900000 51.900002
-0.343506 -0.947754 -0.019287 -0.015963 0.021284 0.018092 46.200001 28.799999 51.000000
-0.338867 -0.946289 -0.020264 -0.013835 0.019156 0.017028 47.700001 30.299999 51.900002
-0.342285 -0.948975 -0.020020 -0.017028 0.021284 0.019156 46.799999 29.400000 52.200001
-0.333740 -0.943115 -0.020996 -0.015963 0.019156 0.017028 48.900002 29.700001 51.900002
-0.338379 -0.947510 -0.023438 -0.014899 0.021284 0.018092 45.900002 29.700001 51.299999
-0.337402 -0.943115 -0.013428 -0.017028 0.022349 0.018092 48.599998 28.799999 51.599998
-0.339600 -0.941162 -0.013184 -0.018092 0.022349 0.018092 47.099998 30.299999 50.099998
-0.336670 -0.941162 -0.024170 -0.018092 0.022349 0.015963 48.299999 27.900000 51.299999
-0.336670 -0.953125 -0.026855 -0.017028 0.021284 0.019156 49.200001 28.799999 52.799999
-0.335449 -0.937256 -0.018311 -0.015963 0.020220 0.018092 47.400002 30.000000 51.599998
-0.341553 -0.950684 -0.019775 -0.017028 0.020220 0.018092 46.200001 30.000000 51.000000
-0.335449 -0.955811 -0.027344 -0.018092 0.020220 0.015963 47.700001 29.700001 53.099998
-0.338867 -0.947266 -0.019043 -0.017028 0.021284 0.018092 46.500000 29.700001 51.299999
-0.336670 -0.942871 -0.013672 -0.017028 0.022349 0.018092 48.299999 30.299999 51.299999
-0.335938 -0.950439 -0.024170 -0.014899 0.022349 0.019156 48.000000 30.600000 50.400002
-0.338379 -0.940430 -0.022705 -0.018092 0.022349 0.017028 48.599998 30.600000 52.200001
-0.338135 -0.949951 -0.014404 -0.012771 0.020220 0.019156 46.500000 29.100000 51.900002
-0.339355 -0.944336 -0.029297 -0.014899 0.022349 0.019156 48.599998 30.000000 52.200001
-0.339111 -0.947266 -0.017822 -0.017028 0.018092 0.019156 48.000000 29.400000 52.200001
-0.343994 -0.951660 -0.023926 -0.014899 0.022349 0.014899 48.000000 29.400000 51.000000
-0.340820 -0.950195 -0.015381 -0.014899 0.021284 0.020220 47.099998 30.299999 51.900002
-0.336914 -0.945557 -0.023193 -0.013835 0.021284 0.017028 48.000000 29.400000 52.799999
-0.333984 -0.946533 -0.014404 -0.017028 0.021284 0.020220 47.700001 29.700001 51.900002
-0.338135 -0.946777 -0.029053 -0.014899 0.019156 0.019156 47.400002 29.400000 52.799999
-0.340576 -0.946777 -0.022705 -0.015963 0.021284 0.020220 48.299999 30.299999 51.900002
-0.339844 -0.952637 -0.019531 -0.012771 0.021284 0.017028 46.799999 29.400000 52.200001
-0.341553 -0.947021 -0.011719 -0.015963 0.022349 0.015963 48.599998 30.000000 52.200001
-0.335938 -0.947021 -0.017578 -0.013835 0.023413 0.019156 47.400002 29.400000 51.599998
-0.340332 -0.946045 -0.019531 -0.015963 0.019156 0.020220 46.500000 30.299999 51.299999
-0.341064 -0.946777 -0.013672 -0.015963 0.022349 0.018092 48.599998 30.600000 51.000000
-0.340820 -0.953857 -0.022705 -0.015963 0.022349 0.019156 48.299999 29.700001 52.500000
-0.339844 -0.946289 -0.015625 -0.018092 0.019156 0.019156 47.400002 29.400000 51.000000
-0.334229 -0.943359 -0.023193 -0.015963 0.023413 0.015963 45.599998 30.600000 52.799999
-0.340088 -0.947998 -0.016113 -0.014899 0.020220 0.018092 49.500000 29.700001 51.299999
-0.341553 -0.948730 -0.022461 -0.015963 0.022349 0.020220 46.799999 31.200001 52.200001
-0.340576 -0.947998 -0.016602 -0.014899 0.020220 0.018092 47.700001 30.900000 52.500000
-0.334717 -0.951172 -0.013916 -0.017028 0.022349 0.018092 48.900002 29.100000 53.099998
-0.337646 -0.942383 -0.018555 -0.015963 0.020220 0.019156 46.799999 31.200001 52.799999
-0.339111 -0.948486 -0.030029 -0.017028 0.022349 0.020220 47.099998 29.700001 51.299999
-0.337891 -0.940674 -0.017822 -0.015963 0.019156 0.019156 46.200001 31.200001 51.000000
-0.337158 -0.950684 -0.016113 -0.015963 0.021284 0.018092 48.000000 31.799999 52.200001
-0.336182 -0.947021 -0.009766 -0.014899 0.020220 0.018092 48.000000 28.200001 51.000000
-0.342773 -0.945801 -0.022949 -0.018092 0.019156 0.017028 47.400002 27.600000 53.400002
-0.337646 -0.949219 -0.017578 -0.017028 0.023413 0.019156 48.900002 30.299999 50.099998
-0.334473 -0.945557 -0.024170 -0.017028 0.020220 0.019156 46.200001 30.000000 52.799999
-0.335693 -0.946533 -0.019043 -0.015963 0.021284 0.017028 46.200001 28.200001 51.000000
-0.333252 -0.950195 -0.023926 -0.014899 0.020220 0.018092 45.599998 28.799999 52.200001
-0.332520 -0.948486 -0.025146 -0.013835 0.022349 0.020220 47.700001 29.100000 51.299999
-0.341064 -0.945068 -0.020752 -0.014899 0.024477 0.020220 46.799999 29.400000 51.599998
-0.337891 -0.948486 -0.014160 -0.017028 0.022349 0.019156 45.900002 29.700001 51.299999
-0.337646 -0.952148 -0.023193 -0.014899 0.019156 0.018092 48.599998 29.400000 51.599998
-0.341064 -0.953857 -0.017822 -0.017028 0.022349 0.019156 46.200001 28.799999 52.200001
-0.340576 -0.952393 -0.016602 -0.017028 0.022349 0.015963 47.400002 29.400000 51.599998
-0.336182 -0.945312 -0.025391 -0.013835 0.022349 0.017028 47.700001 29.700001 53.099998
-0.333984 -0.947754 -0.016113 -0.013835 0.021284 0.019156 48.299999 28.500000 51.900002
-0.337891 -0.948975 -0.019287 -0.011706 0.019156 0.015963 47.700001 29.100000 51.900002
-0.339844 -0.947998 -0.011230 -0.014899 0.023413 0.021284 48.599998 29.400000 51.599998
-0.338867 -0.949219 -0.019287 -0.019156 0.020220 0.019156 46.799999 30.000000 51.599998
-0.336426 -0.947510 -0.018311 -0.013835 0.018092 0.021284 47.700001 29.100000 51.299999
-0.339600 -0.943604 -0.023438 -0.015963 0.023413 0.019156 46.500000 30.299999 51.299999
-0.335449 -0.947998 -0.020752 -0.014899 0.023413 0.019156 47.099998 30.299999 51.900002
-0.332275 -0.944824 -0.017578 -0.015963 0.019156 0.015963 48.000000 29.400000 51.599998
-0.341553 -0.941650 -0.020264 -0.017028 0.021284 0.018092 46.799999 29.400000 50.400002
-0.338623 -0.947266 -0.016357 -0.014899 0.018092 0.021284 47.099998 28.500000 52.500000
-0.343506 -0.944824 -0.023438 -0.012771 0.022349 0.015963 46.500000 29.100000 51.900002
-0.339111 -0.944336 -0.017090 -0.018092 0.021284 0.022349 46.500000 29.700001 52.500000
-0.334229 -0.949463 -0.020020 -0.018092 0.019156 0.017028 47.700001 30.299999 51.299999
-0.334229 -0.946533 -0.014893 -0.018092 0.021284 0.017028 48.000000 27.600000 51.599998
-0.341309 -0.943115 -0.012451 -0.015963 0.018092 0.018092 46.500000 30.299999 48.900002
-0.337646 -0.946533 -0.019775 -0.014899 0.021284 0.017028 48.599998 29.400000 52.200001
-0.342041 -0.948975 -0.022705 -0.017028 0.021284 0.019156 49.500000 28.500000 51.299999
-0.339111 -0.950928 -0.021973 -0.018092 0.021284 0.018092 47.700001 30.299999 51.900002
-0.340332 -0.945312 -0.018311 -0.014899 0.021284 0.020220 48.000000 30.000000 52.200001
-0.340088 -0.948730 -0.015137 -0.015963 0.021284 0.018092 48.000000 30.000000 51.000000
-0.340820 -0.949219 -0.023682 -0.018092 0.021284 0.019156 48.000000 29.400000 51.599998
-0.333252 -0.945068 -0.018066 -0.012771 0.022349 0.017028 48.000000 30.000000 51.599998
-0.339111 -0.946289 -0.013916 -0.012771 0.020220 0.014899 47.700001 29.700001 50.700001
-0.334473 -0.954346 -0.024902 -0.017028 0.019156 0.019156 47.099998 29.100000 51.900002
-0.335693 -0.949463 -0.019043 -0.013835 0.021284 0.019156 46.799999 30.600000 51.599998
-0.340820 -0.949951 -0.025635 -0.014899 0.023413 0.014899 47.400002 28.799999 52.200001
-0.335449 -0.943604 -0.019287 -0.015963 0.020220 0.019156 46.500000 30.299999 50.700001
-0.336670 -0.948486 -0.018311 -0.013835 0.020220 0.018092 46.500000 29.700001 51.299999
-0.334717 -0.946533 -0.017090 -0.017028 0.020220 0.019156 47.700001 30.900000 51.299999
-0.338623 -0.947021 -0.012451 -0.014899 0.022349 0.020220 48.299999 27.900000 52.500000
-0.334961 -0.948486 -0.018555 -0.015963 0.020220 0.019156 48.599998 29.400000 52.200001
-0.339355 -0.947754 -0.022461 -0.015963 0.021284 0.018092 46.799999 29.400000 51.599998
-0.339600 -0.945801 -0.020264 -0.018092 0.020220 0.018092 46.200001 30.000000 52.799999
-0.336914 -0.952148 -0.021973 -0.017028 0.020220 0.017028 49.500000 30.299999 50.700001
-0.346436 -0.947510 -0.016357 -0.019156 0.022349 0.017028 46.799999 30.000000 52.799999
-0.335938 -0.947510 -0.019531 -0.018092 0.021284 0.018092 48.000000 28.799999 52.799999
-0.341309 -0.944336 -0.018555 -0.013835 0.019156 0.015963 46.500000 30.900000 51.900002
-0.340820 -0.947510 -0.014893 -0.015963 0.021284 0.017028 47.400002 30.000000 51.000000
-0.336670 -0.954346 -0.021973 -0.013835 0.019156 0.017028 47.400002 30.000000 51.599998
-0.343506 -0.948486 -0.020508 -0.014899 0.020220 0.018092 46.500000 29.700001 50.700001
-0.336914 -0.944336 -0.019043 -0.015963 0.023413 0.019156 45.900002 29.100000 51.299999
