-0.010010 -0.025391 1.021484 -0.013835 0.023413 0.020220 -27.900000 -17.100000 -2.700000
-0.000488 -0.027832 1.028320 -0.020220 0.024477 0.018092 -28.500000 -16.500000 -4.500000
-0.002930 -0.020752 1.028320 -0.014899 0.025541 0.020220 -28.500000 -14.700000 -4.500000
-0.006836 -0.025146 1.033691 -0.017028 0.019156 0.018092 -28.799999 -16.200001 -3.600000
-0.008057 -0.026123 1.028564 -0.015963 0.024477 0.019156 -29.100000 -16.500000 -3.300000
0.000732 -0.019287 1.017090 -0.014899 0.022349 0.020220 -29.400000 -16.200001 -3.600000
-0.004883 -0.022949 1.018555 -0.014899 0.021284 0.019156 -30.000000 -15.600000 -4.200000
-0.005371 -0.021484 1.024414 -0.013835 0.022349 0.019156 -29.100000 -15.900000 -3.300000
-0.005127 -0.017334 1.022949 -0.014899 0.022349 0.019156 -29.100000 -14.700000 -4.500000
-0.006836 -0.020996 1.027832 -0.015963 0.022349 0.017028 -30.600000 -15.000000 -3.600000
0.000732 -0.023193 1.020020 -0.013835 0.021284 0.019156 -29.700001 -15.300000 -3.900000
-0.009033 -0.019531 1.033936 -0.012771 0.022349 0.017028 -29.100000 -15.900000 -2.700000
-0.000244 -0.025635 1.021973 -0.013835 0.025541 0.018092 -30.000000 -16.200001 -4.200000
0.003418 -0.026611 1.028564 -0.018092 0.023413 0.019156 -28.500000 -15.900000 -3.900000
-0.002686 -0.025391 1.026367 -0.019156 0.024477 0.020220 -28.200001 -18.000000 -4.200000
-0.001709 -0.027832 1.017334 -0.013835 0.023413 0.017028 -29.100000 -16.500000 -3.900000
-0.000244 -0.018311 1.027588 -0.013835 0.024477 0.015963 -30.000000 -16.200001 -3.600000
-0.004883 -0.027832 1.023193 -0.020220 0.022349 0.021284 -28.500000 -17.700001 -3.900000
-0.007324 -0.022461 1.014893 -0.018092 0.024477 0.019156 -31.500000 -18.299999 -4.500000
-0.006592 -0.022949 1.025635 -0.012771 0.023413 0.019156 -29.100000 -16.500000 -2.700000
0.003906 -0.020508 1.026123 -0.014899 0.024477 0.015963 -28.500000 -17.700001 -3.900000
-0.006348 -0.018555 1.031006 -0.014899 0.024477 0.018092 -30.299999 -15.300000 -4.500000
-0.001221 -0.022461 1.024414 -0.014899 0.021284 0.019156 -30.000000 -17.400000 -6.000000
0.001709 -0.022217 1.022461 -0.011706 0.023413 0.015963 -28.799999 -17.400000 -3.600000
-0.006836 -0.023193 1.014404 -0.014899 0.023413 0.015963 -28.500000 -16.500000 -2.700000
-0.004395 -0.019287 1.035156 -0.014899 0.023413 0.014899 -27.900000 -16.500000 -4.500000
-0.007080 -0.021484 1.022217 -0.015963 0.024477 0.017028 -28.799999 -16.799999 -4.200000
-0.002930 -0.023438 1.028320 -0.014899 0.021284 0.020220 -28.200001 -16.799999 -3.000000
-0.009766 -0.023438 1.025391 -0.013835 0.022349 0.018092 -29.400000 -17.400000 -4.200000
-0.007568 -0.024414 1.026123 -0.015963 0.023413 0.022349 -29.100000 -16.500000 -3.900000
-0.004395 -0.020264 1.019775 -0.014899 0.023413 0.018092 -28.200001 -17.400000 -4.800000
-0.006836 -0.028564 1.023193 -0.011706 0.024477 0.022349 -29.700001 -15.900000 -4.500000
0.002441 -0.023926 1.020020 -0.017028 0.023413 0.017028 -28.799999 -16.799999 -4.800000
-0.005859 -0.018555 1.029785 -0.014899 0.022349 0.020220 -30.600000 -18.000000 -3.600000
-0.008301 -0.015625 1.030762 -0.017028 0.023413 0.019156 -27.900000 -16.500000 -3.900000
-0.002686 -0.025879 1.018311 -0.013835 0.024477 0.019156 -29.100000 -17.100000 -3.900000
-0.006836 -0.021729 1.017822 -0.011706 0.024477 0.021284 -28.799999 -15.600000 -6.000000
-0.001465 -0.027832 1.023926 -0.014899 0.023413 0.018092 -29.100000 -16.500000 -3.900000
-0.001709 -0.021729 1.030518 -0.017028 0.023413 0.019156 -29.400000 -17.400000 -4.200000
0.000977 -0.019531 1.033447 -0.012771 0.021284 0.015963 -27.600000 -16.799999 -3.000000
-0.008057 -0.019775 1.022949 -0.014899 0.022349 0.019156 -29.700001 -18.299999 -4.500000
-0.005859 -0.020264 1.028809 -0.013835 0.022349 0.020220 -28.500000 -17.100000 -3.900000
-0.005615 -0.023926 1.028320 -0.013835 0.023413 0.018092 -29.400000 -16.799999 -5.400000
-0.001709 -0.020996 1.031982 -0.011706 0.024477 0.020220 -29.400000 -16.799999 -4.200000
-0.005859 -0.022949 1.030273 -0.017028 0.026606 0.015963 -28.500000 -17.700001 -4.500000
-0.003418 -0.018066 1.023193 -0.012771 0.022349 0.019156 -29.700001 -14.700000 -2.100000
-0.006592 -0.025635 1.028809 -0.013835 0.023413 0.019156 -30.299999 -17.100000 -3.300000
-0.002441 -0.024658 1.022705 -0.015963 0.024477 0.018092 -30.000000 -15.600000 -3.000000
0.001953 -0.024414 1.029053 -0.014899 0.022349 0.018092 -30.299999 -16.500000 -5.700000
0.001221 -0.025391 1.023438 -0.012771 0.025541 0.020220 -29.100000 -15.900000 -5.100000
-0.004395 -0.022949 1.025391 -0.018092 0.026606 0.014899 -28.799999 -16.200001 -3.000000
-0.003418 -0.016113 1.021973 -0.015963 0.024477 0.019156 -28.799999 -16.799999 -5.400000
-0.008301 -0.024414 1.028320 -0.014899 0.024477 0.018092 -30.299999 -17.100000 -3.300000
-0.003174 -0.025146 1.030518 -0.011706 0.022349 0.017028 -29.100000 -15.300000 -3.300000
-0.001709 -0.020264 1.022461 -0.015963 0.023413 0.018092 -29.100000 -17.100000 -3.900000
-0.006836 -0.031982 1.032227 -0.014899 0.023413 0.018092 -30.600000 -16.200001 -3.600000
-0.005127 -0.023682 1.027100 -0.012771 0.020220 0.019156 -27.900000 -16.500000 -4.500000
-0.001709 -0.024902 1.026367 -0.012771 0.023413 0.019156 -29.400000 -18.600000 -4.200000
0.000244 -0.021484 1.026367 -0.013835 0.023413 0.020220 -28.799999 -16.799999 -3.600000
-0.003418 -0.024414 1.017578 -0.014899 0.019156 0.019156 -29.100000 -16.500000 -5.700000
-0.007324 -0.027100 1.025635 -0.013835 0.022349 0.019156 -28.200001 -16.200001 -3.000000
-0.005371 -0.027588 1.022705 -0.012771 0.024477 0.019156 -28.500000 -15.300000 -3.300000
-0.000244 -0.018799 1.023682 -0.011706 0.023413 0.018092 -29.400000 -15.600000 -5.400000
-0.006348 -0.013916 1.021729 -0.011706 0.024477 0.015963 -29.100000 -15.900000 -2.700000
-0.007812 -0.022461 1.021973 -0.017028 0.022349 0.015963 -30.600000 -16.799999 -3.600000
-0.003174 -0.023926 1.019043 -0.013835 0.020220 0.017028 -29.100000 -15.900000 -5.100000
-0.002441 -0.020996 1.025635 -0.014899 0.022349 0.019156 -28.200001 -17.400000 -4.200000
-0.004150 -0.022217 1.025635 -0.011706 0.022349 0.018092 -31.200001 -15.600000 -4.200000
-0.005127 -0.026611 1.030518 -0.017028 0.023413 0.017028 -29.100000 -17.100000 -4.500000
-0.004395 -0.018311 1.034180 -0.018092 0.023413 0.017028 -30.299999 -15.900000 -4.500000
0.000977 -0.030029 1.025879 -0.011706 0.024477 0.019156 -27.900000 -17.700001 -3.900000
-0.000244 -0.024414 1.015869 -0.014899 0.022349 0.019156 -30.000000 -16.799999 -5.400000
-0.007568 -0.020996 1.022949 -0.015963 0.024477 0.020220 -29.400000 -16.200001 -4.200000
-0.007324 -0.027588 1.025391 -0.014899 0.021284 0.017028 -28.200001 -15.000000 -4.800000
-0.001953 -0.023193 1.028809 -0.012771 0.023413 0.019156 -29.700001 -16.500000 -3.900000
0.000732 -0.020996 1.023682 -0.015963 0.022349 0.015963 -28.500000 -16.500000 -3.900000
-0.004150 -0.022461 1.013184 -0.012771 0.023413 0.020220 -29.100000 -16.500000 -3.300000
-0.005859 -0.024170 1.020264 -0.012771 0.023413 0.015963 -29.100000 -15.900000 -3.900000
-0.011475 -0.021240 1.028320 -0.014899 0.022349 0.019156 -28.500000 -17.700001 -5.700000
-0.004150 -0.020996 1.034668 -0.013835 0.023413 0.017028 -29.400000 -16.799999 -1.800000
-0.002930 -0.025879 1.028076 -0.013835 0.023413 0.017028 -28.500000 -17.100000 -5.100000
-0.001709 -0.020264 1.027832 -0.017028 0.024477 0.019156 -28.200001 -15.600000 -4.800000
-0.009033 -0.024902 1.022217 -0.013835 0.021284 0.017028 -29.700001 -16.500000 -4.500000
-0.007568 -0.028809 1.024658 -0.013835 0.021284 0.017028 -29.700001 -17.100000 -5.700000
-0.003418 -0.022949 1.027100 -0.010642 0.022349 0.019156 -29.100000 -15.900000 -3.300000
-0.005615 -0.021973 1.024414 -0.015963 0.023413 0.017028 -29.700001 -15.900000 -3.300000
0.000732 -0.027832 1.028564 -0.018092 0.023413 0.019156 -28.500000 -16.500000 -4.500000
-0.005615 -0.020264 1.040039 -0.014899 0.020220 0.020220 -28.799999 -15.600000 -4.800000
-0.003662 -0.016846 1.019287 -0.017028 0.023413 0.018092 -28.200001 -16.200001 -5.400000
-0.001709 -0.025635 1.025391 -0.014899 0.023413 0.017028 -29.700001 -18.299999 -3.900000
-0.002930 -0.027832 1.027100 -0.014899 0.023413 0.021284 -28.799999 -15.600000 -4.200000
-0.004150 -0.021973 1.016846 -0.013835 0.025541 0.015963 -29.100000 -15.300000 -4.500000
-0.000977 -0.024658 1.020264 -0.012771 0.024477 0.019156 -27.900000 -16.500000 -5.700000
-0.004395 -0.026367 1.022949 -0.015963 0.021284 0.017028 -28.500000 -15.900000 -2.700000
0.000244 -0.024414 1.027344 -0.014899 0.022349 0.018092 -28.500000 -16.500000 -3.300000
-0.008301 -0.021973 1.026367 -0.014899 0.022349 0.018092 -28.500000 -15.300000 -3.900000
0.000732 -0.021729 1.021973 -0.017028 0.023413 0.018092 -30.600000 -16.200001 -4.800000
-0.005371 -0.021240 1.030029 -0.013835 0.022349 0.018092 -28.500000 -17.100000 -3.900000
-0.010254 -0.022949 1.022461 -0.011706 0.023413 0.019156 -28.799999 -16.799999 -4.800000
-0.004150 -0.023926 1.016113 -0.013835 0.022349 0.020220 -29.700001 -17.700001 -3.900000
-0.000244 -0.018799 1.038818 -0.013835 0.024477 0.018092 -29.400000 -17.400000 -4.200000
-0.002441 -0.027832 1.021729 -0.018092 0.021284 0.015963 -29.400000 -16.799999 -5.400000
-0.004639 -0.017822 1.030029 -0.015963 0.025541 0.018092 -28.200001 -15.600000 -4.200000
-0.005127 -0.022461 1.016113 -0.014899 0.023413 0.017028 -28.200001 -18.000000 -3.600000
-0.009277 -0.023438 1.027588 -0.014899 0.025541 0.015963 -30.000000 -16.799999 -5.400000
-0.004639 -0.022217 1.023926 -0.015963 0.022349 0.018092 -30.000000 -17.400000 -4.800000
-0.003174 -0.021973 1.016846 -0.013835 0.023413 0.019156 -29.100000 -18.299999 -3.300000
-0.003418 -0.020996 1.020264 -0.017028 0.024477 0.018092 -29.100000 -17.100000 -4.500000
-0.006836 -0.025146 1.020020 -0.014899 0.023413 0.017028 -29.100000 -17.700001 -3.900000
-0.001709 -0.019775 1.021729 -0.012771 0.019156 0.019156 -28.500000 -15.300000 -5.100000
-0.003418 -0.024170 1.025146 -0.011706 0.022349 0.019156 -29.100000 -15.900000 -3.300000
-0.001221 -0.024658 1.027344 -0.014899 0.022349 0.015963 -28.500000 -17.100000 -4.500000
-0.006104 -0.026855 1.029785 -0.013835 0.022349 0.021284 -30.299999 -17.700001 -3.900000
-0.003906 -0.025635 1.021484 -0.012771 0.024477 0.019156 -29.100000 -15.900000 -3.300000
-0.005371 -0.022949 1.017578 -0.017028 0.023413 0.014899 -29.100000 -17.100000 -3.900000
-0.005371 -0.018555 1.027100 -0.013835 0.023413 0.018092 -29.400000 -17.400000 -4.800000
-0.000732 -0.025635 1.017578 -0.013835 0.024477 0.017028 -28.200001 -16.799999 -4.800000
-0.003662 -0.023193 1.027832 -0.014899 0.021284 0.017028 -28.500000 -18.299999 -4.500000
0.000244 -0.024170 1.022461 -0.010642 0.025541 0.017028 -29.400000 -17.400000 -3.600000
0.001709 -0.028076 1.021729 -0.014899 0.023413 0.012771 -29.700001 -15.900000 -4.500000
-0.003906 -0.024414 1.030273 -0.012771 0.025541 0.015963 -29.400000 -17.400000 -4.800000
0.000488 -0.020264 1.021973 -0.014899 0.023413 0.018092 -28.200001 -16.799999 -4.800000
-0.011475 -0.025391 1.026611 -0.014899 0.023413 0.014899 -29.100000 -16.500000 -3.900000
-0.007324 -0.020508 1.030273 -0.015963 0.023413 0.018092 -29.100000 -17.100000 -3.300000
-0.002930 -0.020020 1.030518 -0.015963 0.022349 0.017028 -28.200001 -17.400000 -3.000000
-0.003662 -0.026123 1.020508 -0.012771 0.023413 0.019156 -28.799999 -15.600000 -3.000000
-0.000244 -0.023438 1.021973 -0.015963 0.020220 0.019156 -29.700001 -16.500000 -4.500000
-0.001221 -0.023193 1.020020 -0.015963 0.023413 0.018092 -26.700001 -17.700001 -4.500000
-0.005859 -0.021973 1.014648 -0.012771 0.022349 0.018092 -29.400000 -17.400000 -5.400000
-0.006836 -0.020264 1.019531 -0.017028 0.022349 0.017028 -29.400000 -16.799999 -4.200000
-0.012695 -0.018799 1.025146 -0.014899 0.024477 0.021284 -30.000000 -15.600000 -3.600000
0.001221 -0.017578 1.032715 -0.013835 0.022349 0.021284 -30.600000 -16.799999 -3.600000
0.003418 -0.020752 1.024170 -0.014899 0.027670 0.019156 -30.600000 -18.000000 -4.200000
-0.010010 -0.026367 1.029785 -0.014899 0.022349 0.015963 -27.299999 -17.100000 -4.500000
-0.000977 -0.023193 1.030518 -0.018092 0.023413 0.019156 -30.900000 -15.900000 -5.100000
-0.000977 -0.018555 1.029785 -0.012771 0.024477 0.020220 -28.799999 -16.200001 -4.200000
-0.002686 -0.022461 1.030273 -0.014899 0.022349 0.019156 -28.500000 -17.700001 -3.900000
-0.004883 -0.024414 1.033447 -0.013835 0.022349 0.018092 -30.299999 -17.700001 -3.300000
-0.010254 -0.016602 1.031982 -0.015963 0.025541 0.018092 -30.900000 -16.500000 -5.100000
-0.005615 -0.020020 1.029297 -0.015963 0.025541 0.022349 -27.000000 -18.000000 -4.800000
-0.004639 -0.020996 1.013184 -0.015963 0.024477 0.019156 -27.600000 -15.600000 -4.800000
-0.004639 -0.027832 1.028320 -0.014899 0.022349 0.018092 -29.400000 -16.799999 -4.800000
-0.010254 -0.019287 1.022949 -0.011706 0.024477 0.017028 -29.100000 -17.100000 -3.900000
0.002197 -0.018555 1.028564 -0.011706 0.025541 0.019156 -27.900000 -15.900000 -2.700000
-0.001709 -0.024658 1.019287 -0.017028 0.026606 0.017028 -30.000000 -16.799999 -3.600000
0.002441 -0.020508 1.020996 -0.015963 0.023413 0.018092 -30.600000 -15.000000 -4.200000
-0.004639 -0.020996 1.022217 -0.013835 0.023413 0.019156 -27.900000 -18.299999 -4.500000
-0.005127 -0.027588 1.021240 -0.013835 0.024477 0.015963 -29.100000 -15.900000 -3.300000
-0.001709 -0.022461 1.021973 -0.013835 0.022349 0.013835 -28.500000 -16.500000 -3.300000
-0.001709 -0.025146 1.025635 -0.015963 0.022349 0.018092 -28.799999 -18.000000 -4.800000
-0.004639 -0.019043 1.026611 -0.014899 0.023413 0.020220 -30.600000 -15.600000 -3.000000
0.000000 -0.023438 1.019531 -0.012771 0.023413 0.014899 -28.200001 -16.799999 -4.800000
-0.008789 -0.020264 1.029297 -0.014899 0.021284 0.019156 -30.299999 -15.900000 -4.500000
-0.006104 -0.023926 1.019775 -0.014899 0.025541 0.020220 -30.000000 -16.200001 -3.600000
-0.004395 -0.024414 1.025146 -0.017028 0.022349 0.017028 -27.600000 -16.799999 -3.000000
-0.005859 -0.018311 1.019775 -0.011706 0.023413 0.018092 -29.400000 -15.000000 -3.000000
-0.001953 -0.027100 1.025879 -0.017028 0.025541 0.018092 -29.100000 -15.900000 -5.100000
-0.001953 -0.022705 1.022461 -0.017028 0.025541 0.019156 -28.500000 -17.100000 -5.100000
-0.008057 -0.026123 1.021729 -0.014899 0.025541 0.017028 -29.700001 -16.500000 -4.500000
-0.005371 -0.019287 1.020020 -0.014899 0.022349 0.020220 -28.200001 -15.600000 -3.600000
-0.010254 -0.023682 1.026855 -0.014899 0.023413 0.015963 -29.700001 -15.300000 -4.500000
-0.004883 -0.018066 1.025391 -0.015963 0.022349 0.018092 -28.200001 -16.799999 -4.200000
-0.006104 -0.026855 1.020996 -0.018092 0.019156 0.017028 -28.200001 -15.600000 -3.600000
-0.007080 -0.017578 1.022949 -0.015963 0.025541 0.019156 -28.799999 -15.600000 -4.200000
-0.000488 -0.020508 1.033691 -0.013835 0.025541 0.019156 -29.400000 -17.400000 -3.600000
-0.003418 -0.022949 1.030273 -0.013835 0.023413 0.018092 -30.299999 -18.299999 -5.100000
-0.003174 -0.025635 1.026367 -0.015963 0.023413 0.018092 -26.700001 -17.100000 -3.900000
0.001465 -0.023682 1.026123 -0.018092 0.022349 0.019156 -29.100000 -17.100000 -5.700000
-0.004639 -0.020752 1.028809 -0.017028 0.021284 0.019156 -29.100000 -17.100000 -3.300000
-0.003662 -0.024902 1.022461 -0.013835 0.022349 0.017028 -28.500000 -15.300000 -5.100000
-0.008057 -0.017578 1.029053 -0.013835 0.024477 0.020220 -28.799999 -18.000000 -5.400000
-0.004639 -0.026123 1.031982 -0.013835 0.026606 0.019156 -27.900000 -16.500000 -4.500000
0.001953 -0.022949 1.024170 -0.017028 0.023413 0.021284 -30.000000 -16.200001 -4.200000
-0.000732 -0.020752 1.024658 -0.013835 0.023413 0.019156 -30.000000 -17.400000 -4.800000
0.001221 -0.025146 1.025146 -0.013835 0.022349 0.018092 -28.200001 -16.799999 -3.000000
0.002197 -0.018311 1.032959 -0.017028 0.022349 0.018092 -27.900000 -15.900000 -3.300000
-0.005127 -0.024170 1.015869 -0.013835 0.024477 0.017028 -29.700001 -16.500000 -4.500000
-0.004150 -0.023438 1.034180 -0.014899 0.024477 0.019156 -29.100000 -16.500000 -4.500000
-0.005371 -0.018799 1.037354 -0.011706 0.020220 0.019156 -29.700001 -15.300000 -4.500000
-0.011230 -0.021729 1.025879 -0.013835 0.020220 0.017028 -29.700001 -15.900000 -2.700000
-0.003906 -0.022949 1.025146 -0.012771 0.023413 0.019156 -29.400000 -16.200001 -4.200000
0.001465 -0.017822 1.037109 -0.014899 0.021284 0.019156 -29.700001 -16.500000 -3.900000
-0.006104 -0.017822 1.027344 -0.013835 0.027670 0.020220 -27.900000 -16.500000 -4.500000
-0.000732 -0.021729 1.029785 -0.013835 0.022349 0.017028 -29.100000 -17.100000 -3.900000
-0.002930 -0.020508 1.023438 -0.011706 0.023413 0.017028 -29.100000 -14.700000 -4.500000
-0.007080 -0.027100 1.021729 -0.015963 0.024477 0.017028 -28.799999 -16.799999 -4.800000
-0.001953 -0.025146 1.031250 -0.014899 0.021284 0.017028 -30.000000 -14.400000 -3.600000
-0.006348 -0.022949 1.024414 -0.013835 0.023413 0.019156 -29.100000 -17.100000 -5.100000
-0.001221 -0.017334 1.023926 -0.011706 0.021284 0.017028 -29.400000 -18.000000 -4.800000
-0.008301 -0.021240 1.023438 -0.015963 0.022349 0.015963 -30.299999 -17.100000 -4.500000
-0.003906 -0.023438 1.025635 -0.015963 0.022349 0.019156 -28.200001 -16.200001 -4.800000
-0.001465 -0.024902 1.023438 -0.018092 0.023413 0.018092 -30.000000 -16.200001 -4.200000
-0.005859 -0.027832 1.027100 -0.011706 0.021284 0.017028 -26.100000 -15.900000 -4.500000
-0.001709 -0.021240 1.031006 -0.012771 0.022349 0.018092 -29.400000 -16.799999 -3.000000
-0.003174 -0.018066 1.015625 -0.015963 0.024477 0.018092 -29.100000 -15.900000 -2.700000
-0.010010 -0.021729 1.024170 -0.013835 0.022349 0.019156 -28.799999 -16.200001 -4.800000
-0.010742 -0.020752 1.027344 -0.014899 0.025541 0.018092 -30.299999 -16.500000 -4.500000
-0.005615 -0.027100 1.019287 -0.015963 0.021284 0.020220 -27.299999 -17.100000 -5.700000
-0.009521 -0.023682 1.028320 -0.014899 0.023413 0.019156 -29.700001 -17.100000 -5.100000
-0.004639 -0.024658 1.027588 -0.015963 0.025541 0.019156 -29.700001 -17.100000 -5.100000
-0.010498 -0.021240 1.021973 -0.010642 0.023413 0.018092 -29.100000 -18.299999 -3.900000
-0.001709 -0.027832 1.026367 -0.018092 0.024477 0.018092 -29.100000 -15.900000 -4.500000
-0.002441 -0.019531 1.019287 -0.017028 0.023413 0.018092 -27.900000 -16.500000 -3.300000
-0.006836 -0.019775 1.020020 -0.012771 0.021284 0.018092 -29.100000 -17.700001 -4.500000
-0.006104 -0.023926 1.013428 -0.013835 0.024477 0.018092 -28.200001 -15.600000 -4.200000
-0.001465 -0.017090 1.025146 -0.015963 0.024477 0.018092 -28.799999 -16.799999 -4.200000
-0.004639 -0.022461 1.018311 -0.017028 0.023413 0.018092 -28.500000 -15.900000 -4.500000
-0.001709 -0.029297 1.020020 -0.012771 0.024477 0.019156 -29.700001 -16.500000 -3.900000
-0.005127 -0.018555 1.028809 -0.017028 0.022349 0.019156 -29.400000 -16.200001 -3.600000
-0.004639 -0.025635 1.023682 -0.012771 0.023413 0.015963 -29.400000 -17.400000 -4.200000
-0.002197 -0.019775 1.014160 -0.015963 0.024477 0.018092 -27.900000 -17.100000 -4.500000
-0.005127 -0.024658 1.022949 -0.012771 0.022349 0.018092 -28.500000 -17.100000 -5.100000
-0.004150 -0.024902 1.022949 -0.009578 0.022349 0.014899 -29.100000 -18.299999 -4.500000
0.006592 -0.022949 1.017334 -0.014899 0.023413 0.018092 -28.200001 -17.400000 -4.800000
-0.003418 -0.022949 1.026855 -0.015963 0.023413 0.020220 -28.799999 -17.400000 -3.600000
-0.004395 -0.022705 1.018555 -0.017028 0.025541 0.018092 -29.700001 -15.900000 -3.300000
-0.010010 -0.026367 1.019775 -0.013835 0.026606 0.021284 -29.400000 -15.600000 -3.000000
-0.002441 -0.019775 1.023682 -0.015963 0.022349 0.014899 -30.299999 -16.500000 -5.100000
-0.006836 -0.020996 1.019287 -0.012771 0.024477 0.015963 -29.100000 -15.900000 -4.500000
-0.010010 -0.026367 1.026611 -0.015963 0.025541 0.018092 -30.299999 -15.900000 -3.300000
-0.001709 -0.018799 1.027344 -0.014899 0.024477 0.020220 -29.400000 -16.799999 -6.000000
-0.003662 -0.023926 1.026611 -0.011706 0.023413 0.018092 -28.200001 -16.200001 -4.200000
-0.007324 -0.019287 1.022217 -0.015963 0.024477 0.015963 -31.200001 -18.000000 -5.400000
-0.008789 -0.018311 1.017578 -0.017028 0.021284 0.017028 -28.500000 -18.299999 -3.900000
-0.012207 -0.024170 1.040039 -0.017028 0.021284 0.015963 -29.100000 -16.500000 -3.900000
-0.000977 -0.017578 1.031982 -0.012771 0.025541 0.020220 -29.400000 -15.600000 -4.800000
-0.007812 -0.014160 1.027344 -0.014899 0.023413 0.020220 -29.400000 -15.600000 -6.000000
-0.005615 -0.017578 1.021484 -0.014899 0.024477 0.019156 -29.100000 -17.100000 -4.500000
-0.001953 -0.023926 1.023926 -0.011706 0.021284 0.018092 -29.700001 -15.900000 -5.100000
-0.003906 -0.020752 1.017090 -0.012771 0.023413 0.017028 -28.500000 -15.900000 -5.700000
-0.004395 -0.025146 1.026855 -0.015963 0.026606 0.019156 -28.500000 -15.900000 -3.300000
-0.002930 -0.022461 1.015137 -0.017028 0.021284 0.020220 -29.100000 -15.900000 -3.900000
-0.007080 -0.031738 1.031738 -0.015963 0.023413 0.019156 -30.299999 -17.100000 -3.300000
0.000244 -0.029785 1.030029 -0.014899 0.026606 0.021284 -29.100000 -15.900000 -4.500000
-0.011475 -0.024170 1.024902 -0.014899 0.023413 0.017028 -28.500000 -16.500000 -4.500000
-0.001709 -0.031738 1.024170 -0.019156 0.023413 0.020220 -29.700001 -17.100000 -4.500000
-0.002686 -0.024658 1.028809 -0.014899 0.021284 0.017028 -28.799999 -16.799999 -4.800000
0.000000 -0.018066 1.020508 -0.020220 0.024477 0.017028 -29.700001 -18.299999 -4.500000
-0.002441 -0.027344 1.015869 -0.017028 0.024477 0.018092 -27.900000 -14.700000 -3.900000
-0.000488 -0.018066 1.023682 -0.014899 0.021284 0.014899 -28.200001 -16.799999 -4.800000
0.000244 -0.017578 1.025391 -0.012771 0.023413 0.019156 -28.799999 -16.200001 -3.000000
-0.006348 -0.024902 1.024170 -0.012771 0.022349 0.015963 -28.500000 -15.900000 -3.300000
-0.003174 -0.022461 1.023193 -0.012771 0.024477 0.018092 -29.400000 -18.000000 -4.200000
-0.000244 -0.029297 1.025879 -0.018092 0.022349 0.019156 -28.500000 -17.100000 -3.900000
-0.002441 -0.024414 1.030029 -0.012771 0.023413 0.017028 -30.600000 -16.799999 -3.600000
-0.002441 -0.024414 1.024902 -0.015963 0.021284 0.021284 -27.000000 -17.400000 -5.400000
-0.003418 -0.026123 1.033203 -0.013835 0.021284 0.020220 -29.700001 -16.500000 -2.100000
-0.002686 -0.023682 1.030273 -0.014899 0.022349 0.017028 -28.200001 -16.799999 -5.400000
-0.010498 -0.021484 1.026611 -0.015963 0.024477 0.018092 -29.100000 -16.500000 -3.300000
-0.001953 -0.021484 1.024170 -0.017028 0.025541 0.017028 -30.000000 -16.799999 -4.200000
-0.004150 -0.026855 1.022217 -0.017028 0.023413 0.018092 -29.400000 -17.400000 -4.200000
-0.009033 -0.014893 1.031738 -0.013835 0.022349 0.019156 -28.799999 -16.799999 -3.600000
-0.001221 -0.025635 1.024170 -0.012771 0.021284 0.019156 -27.600000 -17.400000 -4.200000
-0.003174 -0.020264 1.025879 -0.012771 0.022349 0.018092 -29.700001 -16.500000 -3.900000
-0.003174 -0.021973 1.020020 -0.012771 0.024477 0.015963 -28.799999 -17.400000 -3.600000
-0.004883 -0.022461 1.026367 -0.015963 0.026606 0.018092 -28.799999 -16.799999 -3.600000
-0.003906 -0.020752 1.027100 -0.014899 0.024477 0.020220 -30.000000 -16.799999 -4.200000
-0.002441 -0.019043 1.027100 -0.010642 0.025541 0.018092 -30.299999 -17.100000 -3.900000
-0.007080 -0.023682 1.019287 -0.018092 0.025541 0.019156 -29.100000 -15.900000 -3.300000
0.002197 -0.026367 1.026367 -0.013835 0.021284 0.020220 -28.799999 -17.400000 -4.800000
-0.006592 -0.019287 1.015869 -0.015963 0.023413 0.015963 -29.100000 -16.500000 -3.300000
-0.008545 -0.020996 1.031006 -0.012771 0.023413 0.019156 -28.799999 -17.400000 -3.600000
0.001709 -0.016602 1.025635 -0.011706 0.024477 0.018092 -29.400000 -16.200001 -4.800000
-0.003906 -0.023682 1.025391 -0.013835 0.022349 0.021284 -29.700001 -15.900000 -4.500000
-0.000977 -0.020752 1.031006 -0.009578 0.028734 0.019156 -29.100000 -16.500000 -3.300000
-0.006592 -0.019287 1.019043 -0.015963 0.025541 0.018092 -29.100000 -15.900000 -3.900000
-0.002441 -0.022461 1.023193 -0.014899 0.023413 0.019156 -28.200001 -16.799999 -4.200000
-0.001221 -0.020264 1.028809 -0.015963 0.023413 0.015963 -29.700001 -15.900000 -3.900000
0.000732 -0.023682 1.023438 -0.012771 0.021284 0.020220 -27.000000 -17.400000 -4.200000
-0.003906 -0.028809 1.025879 -0.011706 0.024477 0.017028 -28.200001 -15.600000 -3.600000
-0.006104 -0.020752 1.029297 -0.013835 0.023413 0.015963 -27.299999 -16.500000 -3.300000
-0.000488 -0.022217 1.032959 -0.014899 0.023413 0.018092 -29.700001 -17.700001 -4.500000
-0.003662 -0.019043 1.022705 -0.019156 0.021284 0.019156 -30.000000 -16.200001 -4.800000
-0.005127 -0.023682 1.021484 -0.017028 0.024477 0.019156 -29.100000 -17.700001 -3.300000
-0.003418 -0.022461 1.024902 -0.014899 0.023413 0.019156 -29.400000 -16.799999 -2.400000
-0.006592 -0.020508 1.033203 -0.015963 0.020220 0.015963 -27.600000 -16.799999 -3.600000
-0.005127 -0.027832 1.028809 -0.014899 0.023413 0.018092 -28.799999 -16.799999 -4.800000
-0.002441 -0.021729 1.027344 -0.014899 0.021284 0.019156 -29.100000 -18.299999 -3.300000
-0.001709 -0.026123 1.030762 -0.013835 0.022349 0.019156 -30.900000 -17.100000 -4.500000
-0.007324 -0.021729 1.018799 -0.017028 0.022349 0.015963 -29.700001 -16.500000 -3.900000
0.000000 -0.019531 1.026123 -0.015963 0.024477 0.015963 -29.100000 -15.300000 -3.900000
-0.008057 -0.024170 1.018799 -0.013835 0.022349 0.015963 -29.700001 -16.500000 -2.100000
-0.009521 -0.022949 1.022949 -0.014899 0.023413 0.020220 -27.900000 -16.500000 -5.100000
-0.008545 -0.017822 1.016113 -0.015963 0.021284 0.021284 -30.000000 -16.200001 -4.800000
-0.009766 -0.026855 1.016602 -0.011706 0.021284 0.018092 -30.299999 -15.300000 -2.700000
0.000000 -0.020020 1.019775 -0.012771 0.025541 0.021284 -28.200001 -16.799999 -4.200000
-0.008301 -0.016602 1.020020 -0.013835 0.021284 0.015963 -29.100000 -17.700001 -5.700000
-0.000488 -0.019531 1.034912 -0.014899 0.024477 0.014899 -29.400000 -16.799999 -3.000000
0.000488 -0.023926 1.022705 -0.014899 0.025541 0.019156 -28.500000 -16.500000 -3.300000
-0.005127 -0.018066 1.020020 -0.018092 0.024477 0.018092 -28.799999 -15.600000 -4.200000
-0.010742 -0.018555 1.031006 -0.017028 0.024477 0.021284 -28.799999 -16.799999 -6.000000
-0.006592 -0.019775 1.018799 -0.015963 0.021284 0.018092 -30.299999 -16.500000 -4.500000
-0.003174 -0.025391 1.030518 -0.015963 0.022349 0.018092 -27.299999 -16.500000 -4.500000
-0.005859 -0.019043 1.020264 -0.015963 0.023413 0.015963 -27.600000 -16.799999 -4.800000
-0.005859 -0.023682 1.025879 -0.012771 0.022349 0.018092 -27.900000 -17.700001 -5.700000
-0.000244 -0.023193 1.024658 -0.012771 0.023413 0.015963 -29.700001 -15.900000 -5.100000
-0.002930 -0.016113 1.027344 -0.015963 0.024477 0.017028 -29.700001 -17.100000 -3.300000
-0.004883 -0.025879 1.031494 -0.015963 0.024477 0.017028 -30.299999 -17.700001 -2.100000
-0.003418 -0.022461 1.024902 -0.013835 0.024477 0.015963 -28.799999 -15.600000 -4.800000
-0.006348 -0.016357 1.028076 -0.014899 0.024477 0.017028 -30.600000 -16.200001 -3.600000
